Date,Time,Lon,Lat,Depth,Mag,MagType,Source
2000-01-01,07:51:08,-179.98,-23.32,537.8,4.6,mb,us
2000-01-01,15:46:49,-174.47,-17.22,33.0,4.2,mb,us
2000-01-01,19:48:55,-176.17,-23.85,33.0,4.6,mb,us
2000-01-02,03:25:39,-172.94,-17.13,33.0,4.5,mb,us
2000-01-02,05:54:33,-178.85,-18.02,550.0,3.9,mb,us
2000-01-02,12:14:39,-178.48,-17.94,582.3,5.5,mwc,hrv
2000-01-02,13:21:01,-178.29,-20.2,550.0,3.9,mb,us
2000-01-02,15:16:32,-174.24,-20.77,33.0,5.8,mwb,us
2000-01-03,09:19:09,-174.48,-17.27,33.0,4.4,mb,us
2000-01-03,10:25:35,-174.26,-20.77,33.0,4.0,mb,us
2000-01-04,02:19:06,-174.29,-20.83,33.0,4.1,mb,us
2000-01-04,07:12:08,-176.96,-27.5,33.0,4.1,mb,us
2000-01-04,09:14:51,-177.61,-20.72,336.4,5.4,mwc,hrv
2000-01-05,07:02:29,-174.21,-20.77,33.0,5.1,mwc,hrv
2000-01-05,07:32:19,-174.1,-20.96,33.0,5.6,mwc,hrv
2000-01-07,06:05:30,-178.25,-22.06,336.0,4.7,mb,us
2000-01-07,09:14:59,-176.63,-21.86,160.2,4.6,mb,us
2000-01-07,09:31:48,-178.62,-17.96,621.6,3.9,mb,us
2000-01-07,21:45:49,-178.97,-20.82,620.9,4.7,mb,us
2000-01-08,16:47:21,-174.25,-16.92,183.4,7.2,mwc,hrv
2000-01-08,23:27:14,-179.49,-31.05,300.0,3.8,mb,us
2000-01-09,06:09:46,-178.34,-17.9,550.0,3.8,mb,us
2000-01-10,00:19:13,-179.42,-16.96,550.5,4.8,mb,us
2000-01-10,03:07:43,-176.73,-21.79,174.0,5.4,mwc,hrv
2000-01-10,03:21:31,-176.48,-28.59,33.0,4.5,mb,us
2000-01-10,06:00:08,-179.73,-33.7,33.0,4.3,mb,us
2000-01-10,09:44:19,-174.62,-16.74,33.0,4.6,mb,us
2000-01-10,11:15:50,-175.29,-21.68,33.0,4.5,mb,us
2000-01-10,12:35:24,-174.27,-16.88,33.0,4.4,mb,us
2000-01-10,17:04:08,-178.22,-17.94,600.0,4.3,mb,us
2000-01-10,19:44:57,-177.73,-18.95,400.0,4.1,mb,us
2000-01-10,21:15:48,-174.54,-15.32,33.0,4.6,mb,us
2000-01-11,10:43:10,-173.71,-15.66,33.0,4.5,mb,us
2000-01-11,11:44:22,-175.33,-22.82,33.0,4.9,mb,us
2000-01-11,14:51:50,-179.8,-32.12,300.0,4.6,mb,us
2000-01-11,23:52:06,-178.84,-17.45,500.0,4.0,mb,us
2000-01-12,13:01:21,-178.42,-20.07,591.3,4.6,mb,us
2000-01-12,22:20:37,-179.41,-21.43,636.5,4.6,mb,us
2000-01-13,20:07:14,-178.74,-17.61,535.0,6.2,mwc,hrv
2000-01-13,20:53:24,-177.7,-18.76,574.1,4.6,mb,us
2000-01-14,18:25:38,-173.58,-15.06,33.0,4.5,mb,us
2000-01-14,18:44:44,-173.52,-15.28,33.0,5.5,mwc,hrv
2000-01-14,23:17:54,-179.13,-21.02,639.2,4.3,mb,us
2000-01-15,06:07:13,-172.98,-17.01,33.0,4.2,mb,us
2000-01-15,12:49:45,-179.26,-21.22,632.8,6.0,mwc,hrv
2000-01-15,21:53:27,-177.43,-28.6,53.7,4.3,mb,us
2000-01-15,23:19:08,-178.5,-23.0,300.0,4.1,mb,us
2000-01-16,15:00:41,-178.13,-30.24,33.0,5.9,mwc,hrv
2000-01-16,21:39:59,-179.21,-21.54,600.0,4.5,mb,us
2000-01-17,17:53:43,-177.52,-14.61,33.0,5.2,mwc,hrv
2000-01-17,21:18:05,-177.6,-14.51,33.0,5.8,mwc,hrv
2000-01-18,01:00:36,-177.55,-14.57,33.0,4.8,mb,us
2000-01-18,01:31:36,-177.68,-14.32,33.0,5.5,mwc,hrv
2000-01-18,08:12:39,-179.14,-31.81,500.0,4.4,mb,us
2000-01-18,15:19:57,-172.88,-18.1,33.0,5.1,mwc,hrv
2000-01-19,00:21:28,-178.31,-18.2,460.6,4.6,mb,us
2000-01-20,00:59:24,-176.56,-28.23,33.0,5.8,mwb,us
2000-01-20,01:49:13,-178.17,-18.55,584.7,4.3,mb,us
2000-01-20,08:04:47,-178.85,-20.84,622.8,4.6,mb,us
2000-01-20,10:52:18,-176.45,-28.32,33.0,4.8,mb,us
2000-01-21,05:57:42,-176.35,-28.28,33.0,5.1,mb,us
2000-01-22,05:31:45,-175.23,-24.08,41.2,4.9,mb,us
2000-01-22,11:16:39,-175.37,-23.49,44.9,4.5,mb,us
2000-01-22,17:28:28,-178.35,-17.63,550.0,4.3,mb,us
2000-01-22,23:05:13,-178.63,-17.3,550.0,4.5,mb,us
2000-01-23,05:53:44,-176.66,-28.31,80.4,4.8,mb,us
2000-01-23,08:29:17,-177.42,-16.69,33.0,4.6,mb,us
2000-01-23,09:57:02,-176.73,-17.51,33.0,5.8,mwc,hrv
2000-01-23,22:14:47,-177.23,-17.21,33.0,5.5,mwc,hrv
2000-01-24,19:28:42,-179.92,-17.85,650.0,4.7,mb,us
2000-01-25,11:22:02,-173.14,-15.65,33.0,4.8,mb,us
2000-01-25,15:04:18,-179.05,-20.96,633.0,4.8,mb,us
2000-01-25,17:16:45,-176.44,-28.09,33.0,4.3,mb,us
2000-01-26,11:21:57,-179.82,-24.81,584.6,4.5,mb,us
2000-01-26,13:26:50,-174.0,-17.27,33.0,6.3,mwb,us
2000-01-28,02:42:25,-176.09,-19.1,33.0,4.5,mb,us
2000-01-28,09:00:52,-179.58,-22.11,590.1,4.4,mb,us
2000-01-29,05:48:11,-178.29,-20.56,562.9,5.0,mb,us
2000-01-29,13:30:51,-176.54,-28.35,33.0,4.4,mb,us
2000-01-29,15:54:09,-178.72,-28.81,200.0,4.2,mb,us
2000-01-30,10:37:06,-179.99,-23.91,550.0,4.6,mb,us
2000-01-30,18:31:54,-179.18,-21.02,550.0,4.4,mb,us
2000-01-31,18:43:04,-174.12,-20.88,33.0,4.5,mb,us
2000-02-04,00:17:10,-176.55,-27.92,36.5,4.9,mb,us
2000-02-04,02:56:49,-178.86,-20.88,583.6,4.4,mb,us
2000-02-04,16:27:07,-177.82,-29.56,33.0,4.8,mb,us
2000-02-06,02:52:43,-175.55,-18.05,260.9,4.7,mb,us
2000-02-06,05:41:29,-177.89,-20.54,400.0,4.1,mb,us
2000-02-06,18:25:37,-179.62,-22.98,550.0,4.3,mb,us
2000-02-08,00:42:27,-175.08,-22.07,33.0,4.8,mb,us
2000-02-08,01:28:17,-179.16,-17.35,500.0,4.1,mb,us
2000-02-09,04:28:00,-172.7,-16.67,33.0,5.2,mwc,hrv
2000-02-09,09:33:54,-178.11,-30.1,56.7,5.0,mb,us
2000-02-12,10:04:35,-179.1,-17.45,600.0,4.4,mb,us
2000-02-12,10:39:55,-174.8,-15.89,226.6,5.9,mwc,hrv
2000-02-12,18:51:49,-173.5,-17.39,33.0,4.6,mb,us
2000-02-16,04:34:56,-179.04,-20.21,687.5,4.1,mb,us
2000-02-16,12:38:28,-178.22,-17.63,559.9,4.0,mb,us
2000-02-18,13:35:38,-178.09,-17.99,476.3,4.2,mb,us
2000-02-19,02:51:31,-173.8,-15.1,33.0,4.1,mb,us
2000-02-19,08:50:19,-175.38,-18.05,33.0,4.3,mb,us
2000-02-19,18:55:52,-179.99,-23.95,550.0,4.7,mb,us
2000-02-19,21:54:27,-173.11,-19.9,33.0,5.1,mwc,hrv
2000-02-20,18:57:28,-178.84,-21.46,550.0,4.4,mb,us
2000-02-21,22:49:17,-178.38,-20.58,500.0,4.1,mb,us
2000-02-22,00:00:22,-179.25,-28.26,368.6,4.7,mb,us
2000-02-23,22:41:42,-178.17,-18.68,477.6,5.0,mb,us
2000-02-23,23:08:07,-178.22,-21.07,521.5,4.5,mb,us
2000-02-24,15:27:08,-177.84,-20.17,552.1,4.9,mb,us
2000-02-25,17:22:46,-179.71,-22.12,608.1,4.5,mb,us
2000-02-28,09:45:08,-175.29,-21.76,33.0,5.7,mwc,hrv
2000-02-28,12:57:13,-178.73,-17.65,500.0,4.3,mb,us
2000-02-28,22:15:20,-178.98,-17.59,538.0,6.0,mwc,hrv
2000-02-28,22:15:27,-179.04,-17.37,541.4,4.8,mb,us
2000-02-29,12:20:40,-172.44,-15.31,33.0,3.9,mb,us
2000-03-01,04:21:01,-179.36,-19.0,675.0,5.8,mwc,hrv
2000-03-01,04:46:30,-179.36,-19.1,671.9,5.6,mwc,hrv
2000-03-02,20:50:26,-176.55,-19.89,252.9,4.6,mb,us
2000-03-07,15:55:41,-179.67,-21.91,600.0,4.5,mb,us
2000-03-07,22:19:46,-178.98,-20.73,600.0,4.4,mb,us
2000-03-09,14:08:43,-174.86,-15.56,33.0,4.5,mb,us
2000-03-09,19:58:05,-179.91,-33.82,33.0,4.9,mb,us
2000-03-09,23:37:37,-177.9,-29.74,33.0,4.8,mb,us
2000-03-10,00:30:00,-179.58,-21.61,620.6,4.8,mb,us
2000-03-11,19:54:13,-178.98,-30.33,33.0,5.2,mwc,hrv
2000-03-12,23:28:18,-178.81,-28.81,350.0,4.3,mb,us
2000-03-13,10:47:34,-177.59,-14.89,400.0,4.2,mb,us
2000-03-14,01:46:10,-178.72,-21.01,584.0,4.7,mb,us
2000-03-14,02:14:50,-178.71,-20.88,567.5,4.6,mb,us
2000-03-15,12:04:36,-179.91,-23.89,507.6,4.5,mb,us
2000-03-16,01:42:36,-178.68,-17.89,630.9,5.3,mwc,hrv
2000-03-16,13:33:09,-179.58,-33.73,33.0,4.7,mb,us
2000-03-16,16:08:41,-178.97,-30.34,33.0,5.3,mwc,hrv
2000-03-17,21:36:45,-179.3,-21.08,628.8,4.5,mb,us
2000-03-18,02:30:46,-178.24,-26.75,371.6,4.4,mb,us
2000-03-18,13:27:08,-174.24,-21.72,71.2,4.7,mb,us
2000-03-18,14:38:51,-179.86,-23.52,534.6,4.6,mb,us
2000-03-19,03:54:16,-178.44,-17.86,600.0,4.0,mb,us
2000-03-20,02:39:53,-179.98,-23.65,550.0,4.5,mb,us
2000-03-20,16:50:10,-177.69,-18.03,400.0,4.1,mb,us
2000-03-21,08:18:59,-178.79,-20.93,500.0,4.1,mb,us
2000-03-21,12:26:45,-178.74,-17.58,600.0,4.4,mb,us
2000-03-21,13:11:15,-178.18,-20.52,548.2,4.6,mb,us
2000-03-22,04:37:54,-179.59,-21.95,600.0,4.2,mb,us
2000-03-22,11:51:31,-178.39,-17.97,539.3,4.0,mb,us
2000-03-22,23:38:06,-179.95,-22.35,680.0,4.1,mb,us
2000-03-25,02:05:32,-178.67,-18.26,656.2,4.3,mb,us
2000-03-25,16:19:02,-177.52,-16.71,33.0,5.3,mwc,hrv
2000-03-25,16:24:53,-177.18,-16.91,33.0,4.8,mb,us
2000-03-25,18:55:37,-128.56,-55.77,10.0,4.8,mb,us
2000-03-26,08:05:48,-179.74,-22.02,600.0,4.8,mb,us
2000-03-27,09:02:32,-179.14,-32.86,33.0,4.3,mb,us
2000-03-27,17:35:00,-172.91,-16.19,33.0,5.6,mwc,hrv
2000-03-27,22:29:23,-179.34,-29.69,334.1,4.6,mb,us
2000-03-27,23:44:40,-178.42,-20.6,600.0,4.3,mb,us
2000-03-28,14:19:12,-178.49,-17.94,600.0,4.2,mb,us
2000-03-28,17:33:25,-179.95,-25.94,496.6,4.2,mb,us
2000-03-29,03:15:24,-177.8,-20.8,450.0,4.3,mb,us
2000-03-29,05:34:49,-178.94,-17.44,557.4,4.3,mb,us
2000-03-29,07:13:53,-176.31,-28.13,10.0,5.8,mwc,hrv
2000-03-29,07:47:01,-176.46,-27.96,10.0,5.2,ms,us
2000-03-29,09:13:42,-176.38,-27.92,33.0,4.2,mb,us
2000-03-29,14:06:50,-178.02,-20.57,559.4,4.1,mb,us
2000-03-30,20:58:21,-179.97,-23.49,619.6,4.3,mb,us
2000-03-30,22:41:59,-176.36,-27.88,33.0,4.6,mb,us
2000-03-31,18:20:33,-174.96,-22.6,106.9,4.7,ms,us
2000-04-01,12:10:47,-178.64,-17.92,633.9,4.2,mb,us
2000-04-01,12:10:50,-178.64,-17.9,608.1,5.6,mwc,hrv
2000-04-01,12:10:56,-178.6,-17.87,585.1,4.6,mb,us
2000-04-01,12:13:24,-178.75,-17.76,555.8,5.7,mwb,us
2000-04-01,12:14:56,-178.64,-17.84,639.3,4.8,mb,us
2000-04-01,16:26:26,-178.8,-17.7,565.2,4.4,mb,us
2000-04-01,16:30:05,-173.48,-19.06,33.0,4.3,mb,us
2000-04-02,03:20:41,-173.49,-15.55,33.0,4.5,mb,us
2000-04-02,05:57:24,-174.14,-15.86,104.9,5.6,mwc,hrv
2000-04-02,12:00:52,-177.73,-19.02,600.0,4.0,mb,us
2000-04-02,19:01:20,-179.68,-21.98,600.0,4.3,mb,us
2000-04-03,11:50:31,-176.68,-21.43,180.8,4.2,mb,us
2000-04-05,00:43:08,-178.29,-17.85,600.0,4.2,mb,us
2000-04-06,10:29:55,-179.13,-20.07,600.0,3.6,mb,us
2000-04-07,18:42:24,-175.27,-18.27,207.6,5.7,mwc,hrv
2000-04-08,18:33:46,-172.9,-15.12,33.0,4.2,mb,us
2000-04-09,07:09:02,-177.73,-20.32,500.0,3.9,mb,us
2000-04-10,16:22:42,-178.84,-17.81,600.0,4.4,mb,us
2000-04-11,06:41:26,-178.39,-27.94,201.2,5.8,mwc,hrv
2000-04-11,07:20:57,-179.76,-23.7,500.0,3.8,mb,us
2000-04-11,09:13:52,-179.95,-24.43,520.7,4.5,mb,us
2000-04-11,10:11:02,-174.04,-16.02,33.0,4.4,mb,us
2000-04-11,14:04:07,-179.63,-22.18,601.9,4.5,mb,us
2000-04-11,20:57:00,-173.33,-15.57,54.5,5.7,mwc,hrv
2000-04-12,02:20:28,-173.85,-17.22,33.0,4.5,mb,us
2000-04-12,07:22:06,-178.33,-17.96,649.0,4.2,mb,us
2000-04-12,07:22:41,-178.31,-17.84,623.6,4.3,mb,us
2000-04-12,13:50:33,-173.57,-19.54,33.0,4.5,mb,us
2000-04-12,19:14:42,-173.65,-15.2,33.0,4.4,mb,us
2000-04-14,07:01:59,-175.69,-20.83,157.2,4.5,mb,us
2000-04-15,00:51:49,-173.73,-15.11,33.0,5.2,mwc,hrv
2000-04-16,00:32:11,-172.92,-17.53,10.0,4.2,mb,us
2000-04-16,03:28:32,-178.82,-17.48,550.0,4.0,mb,us
2000-04-16,04:31:51,-179.17,-21.19,600.0,3.6,mb,us
2000-04-16,10:06:49,-177.66,-20.71,500.0,3.8,mb,us
2000-04-16,13:25:48,-173.69,-18.7,65.4,5.6,mwc,hrv
2000-04-16,16:10:12,-173.83,-16.52,33.0,4.7,mb,us
2000-04-16,18:36:00,-179.22,-32.41,200.0,4.0,mb,us
2000-04-17,04:25:20,-179.35,-22.17,539.3,5.6,mwc,hrv
2000-04-18,05:30:28,-179.17,-21.08,662.2,4.4,mb,us
2000-04-18,08:55:22,-178.7,-32.09,33.0,4.5,mb,us
2000-04-18,17:28:12,-176.47,-20.66,220.7,6.0,mwc,hrv
2000-04-18,18:08:00,-178.76,-20.83,600.0,3.9,mb,us
2000-04-18,18:57:13,-178.62,-33.81,33.0,4.8,mb,us
2000-04-19,12:54:35,-177.17,-25.67,97.3,5.4,mwc,hrv
2000-04-19,15:23:14,-178.03,-20.43,477.1,4.3,mb,us
2000-04-19,21:53:41,-178.38,-20.44,527.1,4.1,mb,us
2000-04-20,00:24:13,-178.57,-31.89,33.0,5.2,mwc,hrv
2000-04-20,00:46:04,-178.64,-32.99,33.0,4.9,mb,us
2000-04-20,09:09:05,-173.06,-15.82,70.6,4.3,mb,us
2000-04-20,22:19:51,-176.57,-21.78,167.6,4.7,mb,us
2000-04-21,02:49:45,-174.76,-18.48,33.0,3.7,mb,us
2000-04-22,02:32:35,-178.38,-33.15,33.0,4.4,mb,us
2000-04-22,03:58:35,-179.94,-32.62,278.4,4.0,mb,us
2000-04-23,00:49:27,-178.87,-17.4,550.0,4.2,mb,us
2000-04-24,12:40:12,-177.78,-19.84,550.0,4.2,mb,us
2000-04-24,22:48:29,-178.23,-17.89,600.0,4.5,mb,us
2000-04-26,14:54:08,-179.01,-33.62,33.0,5.5,mwc,hrv
2000-04-26,17:27:28,-179.03,-33.77,33.0,4.5,mb,us
2000-04-27,08:38:27,-176.76,-17.55,33.0,5.4,mwc,hrv
2000-04-27,23:51:56,-179.32,-21.16,655.7,4.5,mb,us
2000-04-28,16:24:31,-173.41,-15.28,33.0,5.1,mwc,hrv
2000-04-30,08:50:03,-178.36,-17.96,550.0,4.0,mb,us
2000-04-30,10:11:17,-173.82,-15.12,33.0,4.2,mb,us
2000-05-01,07:25:14,-179.78,-18.04,674.9,4.6,mb,us
2000-05-01,15:59:17,-178.23,-18.09,600.0,4.3,mb,us
2000-05-01,16:14:26,-178.56,-17.99,600.0,4.2,mb,us
2000-05-02,07:51:16,-179.0,-29.65,294.1,4.5,mb,us
2000-05-02,09:36:09,-179.36,-33.02,63.7,4.7,mb,us
2000-05-02,09:58:34,-177.52,-15.54,400.6,5.5,mwc,hrv
2000-05-03,00:20:06,-178.78,-17.82,600.0,4.0,mb,us
2000-05-03,05:39:40,-178.62,-20.58,500.0,4.2,mb,us
2000-05-04,20:36:32,-178.52,-17.91,515.8,6.5,mwc,hrv
2000-05-06,10:09:24,-178.03,-15.09,389.9,3.8,mb,us
2000-05-06,23:45:23,-175.39,-23.4,98.8,4.4,mb,us
2000-05-07,08:47:40,-173.61,-15.23,33.0,5.7,mwc,hrv
2000-05-08,00:56:43,-177.96,-20.19,550.0,4.2,mb,us
2000-05-08,03:00:26,-158.41,-62.67,10.0,4.1,mb,us
2000-05-08,05:52:10,-173.36,-15.33,62.1,4.6,mb,us
2000-05-08,07:02:11,-178.81,-17.13,450.0,4.3,mb,us
2000-05-08,16:16:09,-179.37,-33.93,45.5,4.5,mb,us
2000-05-09,00:02:27,-174.63,-17.42,119.3,4.4,mb,us
2000-05-10,00:16:29,-177.44,-25.42,135.3,4.7,mb,us
2000-05-10,01:48:19,-175.79,-24.5,33.0,3.7,mb,us
2000-05-10,07:27:36,-175.91,-23.71,33.0,4.9,mb,us
2000-05-10,10:48:40,-175.84,-23.71,33.0,5.4,mwc,hrv
2000-05-11,19:20:57,-175.5,-23.9,33.0,4.3,mb,us
2000-05-14,04:54:50,-177.64,-20.0,500.0,4.0,mb,us
2000-05-14,06:19:28,-175.32,-15.28,200.0,3.8,mb,us
2000-05-14,15:38:19,-177.92,-20.25,550.0,3.8,mb,us
2000-05-14,18:31:37,-174.38,-16.31,33.0,4.0,mb,us
2000-05-15,05:46:08,-176.33,-14.64,300.0,4.3,mb,us
2000-05-15,07:17:02,-178.54,-20.82,600.0,4.6,mb,us
2000-05-15,10:48:45,-178.78,-20.38,600.0,4.0,mb,us
2000-05-15,14:39:56,-178.66,-20.82,600.0,4.4,mb,us
2000-05-15,19:34:23,-179.1,-17.6,600.0,4.6,mb,us
2000-05-16,09:26:53,-176.64,-24.51,183.5,4.6,mb,us
2000-05-17,06:37:22,-178.31,-20.57,563.7,4.5,mb,us
2000-05-18,04:17:34,-174.14,-16.28,104.7,4.4,mb,us
2000-05-19,04:58:14,-179.49,-21.75,602.6,4.5,mb,us
2000-05-19,20:07:46,-179.06,-24.86,405.8,4.5,mb,us
2000-05-19,20:22:04,-176.61,-21.62,264.1,4.1,mb,us
2000-05-20,22:46:20,-178.94,-17.56,490.3,3.9,mb,us
2000-05-21,05:55:55,-178.96,-15.18,400.0,4.0,mb,us
2000-05-21,06:37:59,-177.8,-20.26,550.0,4.2,mb,us
2000-05-21,21:53:33,-175.14,-23.39,33.0,4.9,ms,us
2000-05-22,01:16:58,-179.27,-21.13,600.0,3.8,mb,us
2000-05-22,10:05:59,-173.72,-16.59,33.0,3.9,mb,us
2000-05-22,10:19:33,-179.15,-20.13,600.0,3.5,mb,us
2000-05-22,10:44:56,-177.81,-29.93,33.0,4.5,mb,us
2000-05-22,11:11:23,-178.54,-20.02,600.0,3.7,mb,us
2000-05-22,14:27:06,-173.9,-15.6,33.0,3.9,mb,us
2000-05-22,22:05:52,-175.96,-24.57,33.0,4.8,mb,us
2000-05-23,01:35:18,-179.52,-21.72,600.0,4.5,mb,us
2000-05-23,10:50:59,-175.08,-15.71,290.3,5.2,mwc,hrv
2000-05-23,20:06:12,-178.27,-20.04,489.7,4.3,mb,us
2000-05-24,06:22:05,-178.59,-17.88,600.0,4.4,mb,us
2000-05-24,17:47:39,-178.21,-31.08,91.4,4.9,mb,us
2000-05-24,22:07:37,-179.34,-32.76,33.0,4.3,mb,us
2000-05-25,05:27:56,-176.52,-23.12,33.0,4.8,mb,us
2000-05-26,18:36:36,-175.53,-23.34,33.0,4.5,mb,us
2000-05-26,21:45:10,-175.71,-23.55,137.7,4.9,mb,us
2000-05-27,01:42:29,-178.95,-22.77,541.5,4.3,mb,us
2000-05-27,19:21:27,-177.1,-23.87,178.4,4.4,mb,us
2000-05-28,05:02:12,-175.83,-20.09,225.8,4.5,mb,us
2000-05-28,08:36:22,-178.57,-17.87,577.0,4.3,mb,us
2000-05-28,20:56:27,-173.51,-15.27,78.8,5.0,mb,us
2000-05-30,10:36:34,-179.5,-22.28,500.0,4.4,mb,us
2000-05-30,11:13:40,-178.78,-17.79,609.6,4.8,mb,us
2000-06-02,00:42:15,-173.32,-15.32,33.0,4.7,mb,us
2000-06-02,15:18:06,-178.56,-18.1,606.9,4.5,mb,us
2000-06-03,18:45:26,-176.49,-28.27,33.0,5.2,mwc,hrv
2000-06-03,20:34:37,-176.46,-28.18,106.1,4.6,mb,us
2000-06-04,11:33:10,-161.82,-62.36,10.0,5.4,mwc,hrv
2000-06-04,11:53:19,-161.81,-62.28,10.0,4.8,mb,us
2000-06-04,18:22:13,-173.06,-15.58,33.0,5.5,mb,us
2000-06-06,04:58:37,-178.79,-17.23,500.0,3.8,mb,us
2000-06-07,18:34:55,-177.63,-15.55,349.1,4.3,mb,us
2000-06-08,07:32:42,-174.67,-18.06,33.0,4.8,mb,us
2000-06-08,12:58:39,-174.38,-17.32,33.0,4.6,mb,us
2000-06-09,01:28:06,-144.32,-55.83,10.0,5.1,mb,us
2000-06-09,02:08:24,-144.46,-55.79,10.0,5.2,mb,us
2000-06-10,02:04:37,-177.39,-21.61,260.6,5.4,mwc,hrv
2000-06-10,08:49:48,-172.62,-17.57,33.0,5.5,mwc,hrv
2000-06-10,13:13:47,-172.62,-17.49,33.0,4.7,mb,us
2000-06-11,03:29:50,-178.35,-30.76,144.1,5.4,mwc,hrv
2000-06-12,17:15:17,-177.89,-18.26,600.0,4.4,mb,us
2000-06-13,00:25:49,-177.74,-19.16,600.0,4.0,mb,us
2000-06-16,07:46:33,-178.74,-17.54,618.7,4.5,mb,us
2000-06-16,15:13:34,-179.7,-22.22,628.3,4.4,mb,us
2000-06-16,20:23:33,-178.46,-28.88,222.6,5.6,mwc,hrv
2000-06-16,23:37:21,-174.8,-17.6,133.6,4.5,mb,us
2000-06-18,21:01:14,-176.65,-27.94,33.0,4.4,mb,us
2000-06-18,21:41:40,-179.11,-15.5,450.0,4.2,mb,us
2000-06-19,01:58:55,-179.19,-17.18,500.0,4.0,mb,us
2000-06-19,04:39:50,-178.61,-20.79,617.2,4.7,mb,us
2000-06-20,00:22:35,-179.56,-22.41,600.0,4.0,mb,us
2000-06-20,01:34:33,-173.63,-15.15,33.0,4.5,mb,us
2000-06-20,10:28:17,-176.65,-28.05,33.0,4.8,mb,us
2000-06-21,18:28:04,-176.38,-27.88,33.0,5.5,mwc,hrv
2000-06-21,20:12:22,-174.81,-16.23,290.4,3.8,mb,us
2000-06-22,11:21:09,-174.17,-15.87,145.4,4.7,mb,us
2000-06-22,14:58:24,-179.45,-20.79,450.0,3.9,mb,us
2000-06-23,00:53:37,-143.93,-55.59,10.0,4.6,mb,us
2000-06-23,03:12:23,-179.32,-17.96,574.6,4.4,mb,us
2000-06-24,06:46:22,-177.77,-19.86,409.7,4.4,mb,us
2000-06-24,07:20:16,-177.77,-20.45,498.7,4.0,mb,us
2000-06-26,03:01:27,-177.61,-18.65,500.0,3.9,mb,us
2000-06-27,21:13:52,-174.1,-14.94,33.0,4.5,mb,us
2000-06-28,00:05:41,-175.35,-22.49,33.0,4.4,mb,us
2000-06-28,05:39:36,-179.88,-23.41,500.0,4.2,mb,us
2000-06-30,13:39:32,-178.95,-21.48,572.1,4.3,mb,us
2000-07-01,19:44:20,-178.61,-17.71,537.3,4.5,mb,us
2000-07-02,16:25:19,-175.73,-24.5,33.0,4.5,mb,us
2000-07-03,01:35:10,-174.52,-20.75,33.0,4.3,mb,us
2000-07-03,09:49:02,-175.58,-17.49,33.0,4.0,mb,us
2000-07-03,12:36:36,-179.21,-22.03,600.0,4.1,mb,us
2000-07-04,03:26:57,-172.71,-16.61,33.0,4.4,mb,us
2000-07-04,11:55:45,-175.87,-26.65,33.0,5.3,mwc,hrv
2000-07-04,11:56:06,-175.64,-26.68,33.0,5.3,mwc,hrv
2000-07-05,13:05:24,-178.82,-20.86,600.0,4.2,mb,us
2000-07-06,04:51:30,-178.82,-17.6,550.0,4.5,mb,us
2000-07-06,06:56:05,-175.59,-15.39,301.2,5.4,mwc,hrv
2000-07-06,22:19:19,-177.75,-15.78,500.0,4.0,mb,us
2000-07-07,23:42:59,-178.35,-20.52,554.4,4.3,mb,us
2000-07-08,14:04:32,-144.16,-55.83,10.0,4.7,mb,us
2000-07-09,08:21:00,-173.25,-15.98,33.0,4.2,mb,us
2000-07-09,14:42:28,-177.68,-16.21,33.0,5.9,mwc,hrv
2000-07-09,22:36:28,-178.24,-17.08,420.0,4.6,mb,us
2000-07-10,23:02:03,-179.91,-21.96,600.0,4.4,mb,us
2000-07-11,05:30:00,-178.94,-20.82,600.0,4.6,mb,us
2000-07-12,18:22:42,-176.26,-25.55,33.0,4.7,mb,us
2000-07-12,19:50:55,-176.45,-19.33,33.0,5.4,mwc,hrv
2000-07-13,09:42:39,-176.79,-27.86,33.0,4.3,mb,us
2000-07-13,11:49:45,-177.76,-30.22,33.0,4.5,mb,us
2000-07-13,17:41:54,-175.58,-18.34,251.9,5.6,mwc,hrv
2000-07-15,03:06:41,-177.01,-21.76,33.0,4.5,mb,us
2000-07-15,06:43:26,-172.56,-15.82,33.0,4.9,ms,us
2000-07-16,01:34:51,-178.86,-17.59,544.2,4.5,mb,us
2000-07-16,22:15:28,-173.79,-15.13,33.0,4.3,mb,us
2000-07-17,18:11:19,-179.18,-21.48,600.0,4.2,mb,us
2000-07-18,05:35:51,-176.24,-25.49,33.0,4.5,mb,us
2000-07-19,01:16:52,-176.75,-20.74,243.2,4.8,mb,us
2000-07-19,01:46:18,-178.95,-16.21,300.0,4.0,mb,us
2000-07-19,12:45:36,-177.98,-18.03,500.0,4.0,mb,us
2000-07-19,21:56:14,-159.72,-58.98,10.0,4.7,mb,us
2000-07-20,13:13:16,-178.0,-18.24,600.0,4.4,mb,us
2000-07-20,13:46:55,-178.26,-17.82,600.0,4.1,mb,us
2000-07-20,21:55:38,-179.0,-21.73,600.0,4.1,mb,us
2000-07-22,20:45:50,-178.75,-17.64,550.0,4.4,mb,us
2000-07-23,10:14:10,-173.55,-19.21,54.0,5.1,mwc,hrv
2000-07-23,16:27:44,-177.99,-17.92,600.0,3.9,mb,us
2000-07-23,21:43:22,-173.87,-16.88,33.0,4.4,mb,us
2000-07-24,04:47:02,-176.86,-21.91,171.9,4.6,mb,us
2000-07-24,09:37:57,-177.34,-23.49,176.9,5.2,mwc,hrv
2000-07-25,00:38:52,-178.53,-20.34,600.0,4.3,mb,us
2000-07-25,06:31:52,-178.72,-20.96,600.0,4.0,mb,us
2000-07-25,06:59:19,-179.73,-23.85,450.0,3.4,mb,us
2000-07-26,20:39:57,-179.02,-17.78,600.0,4.4,mb,us
2000-07-27,04:11:34,-178.26,-21.27,500.0,4.3,mb,us
2000-07-27,10:26:16,-173.8,-20.13,33.0,4.5,mb,us
2000-07-28,04:28:08,-174.08,-20.68,33.0,5.1,mwc,hrv
2000-07-29,08:57:46,-177.7,-19.22,598.3,4.2,mb,us
2000-07-29,23:51:28,-178.88,-26.12,355.3,4.4,mb,us
2000-07-31,23:01:49,-176.35,-29.28,10.0,6.2,mwb,us
2000-08-01,00:30:08,-179.89,-23.48,500.0,4.4,mb,us
2000-08-01,01:18:39,-176.35,-29.25,100.0,4.5,mb,us
2000-08-02,00:37:16,-174.82,-17.94,191.2,5.6,mwc,hrv
2000-08-02,10:33:43,-176.41,-29.21,33.0,4.9,mb,us
2000-08-02,10:47:36,-176.35,-29.09,33.0,4.4,mb,us
2000-08-03,08:34:19,-175.06,-18.24,33.0,4.7,mb,us
2000-08-03,11:20:20,-174.89,-45.09,33.0,5.0,mb,us
2000-08-03,13:11:46,-176.29,-29.13,33.0,4.6,mb,us
2000-08-03,17:54:43,-178.84,-17.64,600.0,4.5,mb,us
2000-08-03,18:02:36,-128.37,-55.19,10.0,4.7,mb,us
2000-08-04,02:08:16,-178.29,-29.85,101.8,5.1,mwc,hrv
2000-08-04,03:07:30,-179.75,-22.06,662.2,4.3,mb,us
2000-08-04,09:18:40,-178.76,-17.77,559.8,4.5,mb,us
2000-08-04,17:19:04,-178.1,-20.88,512.4,4.2,mb,us
2000-08-04,22:06:31,-129.89,-54.35,10.0,4.4,mb,us
2000-08-04,23:34:18,-178.55,-31.45,33.0,5.3,mb,us
2000-08-06,02:14:06,-177.6,-19.13,550.0,3.6,mb,us
2000-08-06,05:33:11,-178.45,-18.11,650.0,3.5,mb,us
2000-08-06,17:48:07,-173.66,-16.58,33.0,4.1,mb,us
2000-08-07,07:27:18,-179.1,-24.94,400.0,4.4,mb,us
2000-08-07,23:23:19,-178.09,-19.79,500.0,4.0,mb,us
2000-08-08,17:26:13,-177.24,-30.44,33.0,4.8,mb,us
2000-08-08,18:03:43,-177.9,-26.25,200.0,4.4,mb,us
2000-08-08,19:27:50,-172.76,-17.48,33.0,4.7,mb,us
2000-08-09,06:28:01,-178.38,-20.66,600.0,4.1,mb,us
2000-08-09,12:15:26,-178.82,-20.34,600.0,3.5,mb,us
2000-08-09,14:25:06,-180.0,-23.88,600.0,3.8,mb,us
2000-08-09,20:25:52,-178.48,-17.68,500.0,3.9,mb,us
2000-08-10,16:10:06,-178.96,-29.71,200.0,4.4,mb,us
2000-08-11,16:19:13,-173.89,-16.13,33.0,4.5,mb,us
2000-08-13,05:50:10,-178.15,-30.48,200.0,4.4,mb,us
2000-08-13,07:50:17,-177.23,-27.07,33.0,4.5,mb,us
2000-08-13,19:12:05,-179.89,-23.89,550.0,4.3,mb,us
2000-08-14,17:32:58,-179.12,-23.0,391.8,4.7,mb,us
2000-08-15,03:14:39,-179.82,-23.74,500.0,4.2,mb,us
2000-08-15,06:21:18,-175.91,-19.41,222.0,4.0,mb,us
2000-08-17,00:04:29,-174.77,-21.9,33.0,5.8,mwc,hrv
2000-08-17,09:30:35,-174.72,-21.89,33.0,4.2,mb,us
2000-08-17,14:00:00,-172.66,-16.89,33.0,5.6,mwc,hrv
2000-08-17,15:46:35,-140.23,-57.04,10.0,4.7,mb,us
2000-08-18,03:07:19,-178.69,-17.21,284.7,4.3,mb,us
2000-08-18,14:12:09,-179.82,-40.14,33.0,4.0,ml,wel
2000-08-19,23:46:08,-179.21,-17.63,615.6,4.2,mb,us
2000-08-20,20:43:10,-174.85,-17.74,151.0,4.4,mb,us
2000-08-21,14:07:37,-178.57,-29.93,33.0,4.4,mb,us
2000-08-21,22:41:35,-178.05,-15.19,400.0,4.1,mb,us
2000-08-22,03:38:09,-178.83,-28.74,500.0,4.2,mb,us
2000-08-22,18:53:48,-175.79,-25.02,33.0,4.5,mb,us
2000-08-22,23:48:32,-178.6,-18.0,600.0,4.3,mb,us
2000-08-24,13:00:44,-178.57,-17.59,500.0,4.3,mb,us
2000-08-24,14:23:41,-176.01,-19.99,228.8,4.2,mb,us
2000-08-25,06:42:23,-177.02,-24.74,33.0,5.2,mwc,hrv
2000-08-27,04:22:27,-179.06,-17.52,548.9,5.5,mwc,hrv
2000-08-27,09:22:12,-177.78,-30.2,200.0,4.3,mb,us
2000-08-27,10:21:34,-178.12,-30.52,200.0,4.7,mb,us
2000-08-27,13:32:11,-178.73,-21.24,550.0,4.1,mb,us
2000-08-28,02:29:24,-177.97,-17.98,600.0,4.8,mb,us
2000-08-28,09:58:07,-173.62,-17.45,46.8,4.6,mb,us
2000-08-28,12:43:44,-175.42,-23.62,63.4,4.6,mb,us
2000-08-29,02:09:12,-174.6,-16.23,33.0,4.5,mb,us
2000-08-29,07:42:39,-177.45,-29.04,33.0,4.6,mb,us
2000-08-29,17:19:29,-173.56,-15.48,33.0,4.2,mb,us
2000-08-30,00:59:28,-177.47,-29.38,46.8,5.3,mwc,hrv
2000-08-30,11:23:18,-178.33,-21.44,400.0,3.9,mb,us
2000-08-30,13:03:31,-178.9,-32.66,33.0,4.6,mb,us
2000-08-30,14:11:57,-177.94,-18.59,600.0,3.8,mb,us
2000-08-30,14:50:49,-178.12,-18.41,600.0,4.2,mb,us
2000-08-31,03:37:26,-177.51,-19.2,556.9,4.3,mb,us
2000-08-31,04:04:52,-178.66,-20.79,600.0,4.0,mb,us
2000-08-31,18:33:58,-178.25,-28.39,192.1,4.5,mb,us
2000-08-31,22:46:40,-178.57,-20.93,500.0,4.0,mb,us
2000-09-02,10:19:13,-178.32,-17.92,587.5,5.7,mwc,hrv
2000-09-02,11:11:43,-174.67,-21.84,33.0,4.9,mb,us
2000-09-02,17:02:20,-179.14,-20.07,687.6,6.0,mwc,hrv
2000-09-03,06:38:12,-174.04,-15.95,33.0,4.8,mb,us
2000-09-03,08:21:24,-177.82,-20.55,363.8,5.8,mwc,hrv
2000-09-04,11:29:08,-175.84,-19.08,200.0,4.4,mb,us
2000-09-05,00:20:57,-178.31,-30.76,200.0,4.6,mb,us
2000-09-05,08:43:00,-174.57,-21.95,33.0,5.3,mwc,hrv
2000-09-05,15:43:33,-174.47,-21.9,33.0,5.0,mb,us
2000-09-05,17:06:32,-179.43,-21.86,596.5,4.5,mb,us
2000-09-06,01:18:23,-174.47,-22.15,33.0,4.5,mb,us
2000-09-06,20:13:01,-178.41,-20.42,572.7,4.2,mb,us
2000-09-07,04:23:08,-178.92,-17.7,600.0,4.8,mb,us
2000-09-08,12:19:11,-178.36,-20.44,492.9,4.0,mb,us
2000-09-08,14:40:41,-179.6,-21.92,600.0,4.3,mb,us
2000-09-09,10:00:34,-175.34,-22.76,33.0,5.6,mwc,hrv
2000-09-09,19:11:42,-174.18,-20.19,33.0,4.3,mb,us
2000-09-09,23:20:47,-177.51,-28.46,200.0,4.2,mb,us
2000-09-10,08:27:20,-178.67,-20.93,600.0,4.2,mb,us
2000-09-10,14:09:36,-157.1,-62.9,10.0,4.1,mb,us
2000-09-10,20:42:58,-140.81,-26.8,10.0,4.8,ms,us
2000-09-10,23:09:08,-174.09,-20.0,33.0,4.8,mb,us
2000-09-11,04:40:27,-178.41,-17.94,600.0,3.9,mb,us
2000-09-11,17:17:53,-173.69,-15.88,115.4,6.3,mwc,hrv
2000-09-12,07:07:52,-178.81,-22.65,427.4,4.3,mb,us
2000-09-12,09:50:54,-179.85,-22.76,575.9,4.5,mb,us
2000-09-12,14:12:30,-178.9,-20.81,600.0,4.4,mb,us
2000-09-12,15:54:33,-177.34,-27.33,33.0,4.9,mb,us
2000-09-13,07:04:52,-174.83,-17.52,150.0,4.6,mb,us
2000-09-13,22:29:10,-136.82,-54.11,10.0,5.4,mwc,hrv
2000-09-14,17:33:29,-176.33,-22.47,109.5,5.5,mwc,hrv
2000-09-14,18:49:21,-179.15,-21.82,600.0,3.9,mb,us
2000-09-15,02:33:39,-175.34,-22.59,33.0,4.7,mb,us
2000-09-15,06:29:33,-174.7,-17.93,162.8,4.4,mb,us
2000-09-15,21:45:29,-174.61,-21.84,33.0,4.8,mb,us
2000-09-15,22:02:25,-178.76,-17.38,550.0,4.2,mb,us
2000-09-16,17:26:24,-178.14,-30.26,62.9,5.6,mwb,us
2000-09-16,20:46:17,-178.42,-20.69,544.6,4.4,mb,us
2000-09-16,20:55:51,-178.29,-20.84,530.6,3.9,mb,us
2000-09-17,04:32:15,-175.37,-22.6,33.0,4.6,mb,us
2000-09-17,15:33:33,-173.5,-21.87,33.0,4.3,mb,us
2000-09-18,08:48:32,-179.04,-22.42,507.4,4.2,mb,us
2000-09-19,06:40:35,-179.49,-21.86,600.0,4.2,mb,us
2000-09-19,16:22:55,-179.19,-16.8,500.0,3.7,mb,us
2000-09-19,20:32:00,-173.82,-15.06,33.0,4.3,mb,us
2000-09-19,22:23:01,-176.38,-29.36,33.0,5.3,mwc,hrv
2000-09-20,02:26:10,-178.07,-20.6,500.0,4.5,mb,us
2000-09-20,07:59:40,-173.1,-15.87,33.0,4.3,mb,us
2000-09-20,13:52:14,-176.29,-21.98,200.0,4.1,mb,us
2000-09-20,15:56:05,-178.6,-17.75,600.0,4.0,mb,us
2000-09-20,20:20:32,-178.45,-20.15,600.0,4.4,mb,us
2000-09-20,22:53:56,-175.22,-20.3,74.2,4.6,mb,us
2000-09-21,10:07:24,-179.75,-22.48,600.0,4.6,mb,us
2000-09-21,17:45:51,-141.83,-56.51,10.0,5.6,mwc,hrv
2000-09-22,05:12:53,-176.46,-20.95,184.2,5.4,mwc,hrv
2000-09-22,13:21:31,-178.38,-29.85,156.5,5.5,mwc,hrv
2000-09-22,13:44:33,-178.33,-29.76,156.8,4.9,mb,us
2000-09-23,16:41:17,-178.05,-19.58,456.5,4.4,mb,us
2000-09-24,03:27:12,-179.38,-16.95,500.0,4.1,mb,us
2000-09-24,18:24:33,-178.55,-20.89,600.0,4.0,mb,us
2000-09-25,14:35:48,-176.0,-23.12,33.0,4.8,mb,us
2000-09-26,06:17:52,-173.93,-17.18,56.0,6.4,mwb,us
2000-09-26,06:36:36,-179.01,-17.68,600.0,4.2,mb,us
2000-09-26,07:10:26,-174.11,-17.26,33.0,5.0,mb,us
2000-09-26,16:14:20,-177.59,-20.19,400.0,4.5,mb,us
2000-09-27,08:50:49,-175.69,-28.77,33.0,4.5,mb,us
2000-09-27,22:28:52,-178.37,-20.64,500.0,4.4,mb,us
2000-09-28,02:21:57,-172.77,-16.45,33.0,4.7,mb,us
2000-09-28,15:01:04,-178.79,-32.31,33.0,4.8,mb,us
2000-09-29,06:26:35,-177.88,-31.5,33.0,4.8,mb,us
2000-09-29,11:29:00,-179.2,-23.3,408.7,4.4,mb,us
2000-09-29,16:55:58,-178.0,-20.59,491.2,4.4,mb,us
2000-10-01,02:37:59,-174.0,-17.08,33.0,4.7,mb,us
2000-10-01,04:18:34,-178.44,-17.87,600.0,3.9,mb,us
2000-10-01,12:38:56,-172.81,-16.12,33.0,5.1,mwc,hrv
2000-10-01,22:17:46,-179.02,-33.48,250.0,3.7,mb,us
2000-10-02,04:01:52,-173.52,-17.51,33.0,4.6,mb,us
2000-10-02,06:13:27,-174.71,-21.95,33.0,4.8,mb,us
2000-10-03,11:57:06,-178.49,-33.46,33.0,4.8,mb,us
2000-10-03,12:47:58,-178.57,-33.34,33.0,4.7,mb,us
2000-10-03,16:48:35,-178.06,-17.8,400.0,4.2,mb,us
2000-10-03,20:24:29,-179.12,-21.12,600.0,4.1,mb,us
2000-10-04,03:59:12,-128.08,-55.43,10.0,5.8,mwc,hrv
2000-10-04,08:44:49,-177.41,-26.77,200.0,4.5,mb,us
2000-10-04,13:48:59,-178.69,-33.42,33.0,5.3,ms,us
2000-10-04,15:39:28,-173.2,-17.75,33.0,5.1,ms,us
2000-10-05,01:24:24,-177.82,-18.04,500.0,4.2,mb,us
2000-10-07,04:26:27,-176.47,-27.71,99.4,4.3,mb,us
2000-10-07,07:16:18,-176.44,-27.64,33.0,4.4,mb,us
2000-10-07,11:45:23,-177.66,-23.94,294.9,4.3,mb,us
2000-10-07,13:02:02,-178.22,-30.88,33.0,4.8,mb,us
2000-10-08,07:28:34,-174.13,-16.99,33.0,4.9,mb,us
2000-10-09,05:14:16,-178.04,-30.75,42.2,5.1,mwc,hrv
2000-10-11,02:06:23,-178.13,-21.6,500.0,3.7,mb,us
2000-10-11,04:13:36,-177.98,-20.64,488.6,5.8,mwc,hrv
2000-10-12,02:22:10,-173.01,-17.68,33.0,5.4,mwc,hrv
2000-10-14,04:33:10,-178.54,-20.51,576.2,4.7,mb,us
2000-10-14,15:14:58,-177.78,-18.75,626.9,4.6,mb,us
2000-10-14,17:07:00,-178.8,-20.84,583.5,4.7,mb,us
2000-10-14,23:15:19,-176.1,-25.51,33.0,5.2,mwc,hrv
2000-10-15,04:18:35,-177.56,-14.99,33.0,4.8,mb,us
2000-10-15,05:20:05,-177.99,-20.67,500.0,4.4,mb,us
2000-10-15,05:58:25,-173.08,-17.56,33.0,4.3,mb,us
2000-10-15,08:29:34,-175.83,-25.68,33.0,4.3,mb,us
2000-10-15,14:37:04,-174.41,-20.27,150.0,4.0,mb,us
2000-10-16,22:55:57,-178.61,-17.95,600.0,4.3,mb,us
2000-10-17,00:11:53,-179.82,-24.76,400.0,4.3,mb,us
2000-10-17,10:32:59,-178.33,-30.53,59.7,5.4,mwc,hrv
2000-10-17,13:38:11,-175.02,-18.82,33.0,4.8,mb,us
2000-10-20,13:17:54,-178.55,-18.08,625.8,4.3,mb,us
2000-10-20,20:48:12,-173.89,-16.14,33.0,4.7,mb,us
2000-10-21,05:25:15,-175.18,-17.29,291.8,6.3,mwc,hrv
2000-10-22,04:21:02,-179.91,-23.89,500.0,4.1,mb,us
2000-10-22,10:30:25,-174.94,-17.83,200.0,4.2,mb,us
2000-10-22,10:56:30,-177.92,-20.22,400.0,3.9,mb,us
2000-10-23,01:50:44,-179.91,-22.28,600.0,4.0,mb,us
2000-10-23,01:54:00,-175.88,-15.28,33.0,4.5,mb,us
2000-10-23,06:46:10,-174.93,-15.21,200.0,4.2,mb,us
2000-10-23,18:36:03,-179.83,-22.41,600.0,3.6,mb,us
2000-10-24,06:35:25,-178.6,-17.96,600.0,4.7,mb,us
2000-10-25,11:03:30,-177.08,-28.76,300.0,4.1,mb,us
2000-10-25,12:51:54,-179.72,-22.44,600.0,4.2,mb,us
2000-10-26,17:25:36,-177.82,-20.39,500.0,4.4,mb,us
2000-10-28,00:12:25,-172.87,-17.84,33.0,5.1,mwc,hrv
2000-10-29,12:30:50,-173.42,-15.14,33.0,5.8,mwc,hrv
2000-10-29,13:03:25,-173.71,-15.01,33.0,4.8,mb,us
2000-10-29,20:47:05,-177.49,-15.0,350.0,4.9,mb,us
2000-10-29,20:53:03,-174.94,-21.54,33.0,4.1,mb,us
2000-10-30,20:52:09,-176.6,-27.29,33.0,4.8,mb,us
2000-10-31,15:27:13,-178.2,-19.99,600.0,4.1,mb,us
2000-10-31,17:57:02,-177.78,-30.55,33.0,4.3,mb,us
2000-10-31,18:09:36,-175.26,-17.96,33.0,5.7,mwc,hrv
2000-10-31,18:43:21,-175.31,-17.87,33.0,6.2,mwc,hrv
2000-10-31,18:47:49,-172.65,-18.49,33.0,4.6,mb,us
2000-10-31,20:47:45,-175.65,-15.53,308.0,4.5,mb,us
2000-11-01,00:51:44,-177.65,-19.13,568.1,4.7,mb,us
2000-11-01,03:21:13,-178.74,-17.39,500.0,4.3,mb,us
2000-11-01,09:38:27,-178.71,-17.92,600.0,4.7,mb,us
2000-11-01,12:02:54,-175.2,-17.86,33.0,3.9,mb,us
2000-11-01,13:30:00,-175.87,-19.02,240.3,4.9,mb,us
2000-11-01,20:05:08,-177.81,-19.55,600.0,3.7,mb,us
2000-11-02,08:43:37,-178.63,-17.95,600.0,4.7,mb,us
2000-11-02,15:52:07,-173.06,-17.62,33.0,4.4,mb,us
2000-11-03,08:40:20,-174.03,-17.08,67.2,4.8,mb,us
2000-11-04,16:26:27,-173.37,-19.43,33.0,4.1,mb,us
2000-11-05,07:46:02,-178.16,-18.05,550.0,4.1,mb,us
2000-11-06,19:34:54,-172.95,-17.6,33.0,4.4,mb,us
2000-11-07,10:39:49,-176.87,-28.36,33.0,4.9,mb,us
2000-11-07,15:30:19,-174.07,-18.07,33.0,4.4,mb,us
2000-11-08,11:35:03,-178.67,-20.71,600.0,4.0,mb,us
2000-11-08,17:47:17,-179.13,-17.38,600.0,4.0,mb,us
2000-11-08,17:50:48,-178.81,-20.78,600.0,3.8,mb,us
2000-11-09,05:45:54,-173.42,-15.42,53.1,5.9,mwc,hrv
2000-11-09,09:59:18,-173.56,-15.02,33.0,4.5,mb,us
2000-11-09,16:47:18,-177.0,-25.94,33.0,4.9,mb,us
2000-11-11,06:13:10,-177.58,-18.36,385.8,4.4,mb,us
2000-11-11,15:00:56,-179.3,-21.02,660.9,3.3,mb,us
2000-11-12,07:35:27,-178.1,-14.65,400.0,3.8,mb,us
2000-11-12,18:22:46,-178.57,-20.2,600.0,4.3,mb,us
2000-11-12,23:13:34,-173.55,-16.15,43.0,4.5,mb,us
2000-11-13,09:33:39,-178.51,-17.89,600.0,4.4,mb,us
2000-11-13,23:17:28,-179.23,-21.26,628.2,5.6,mwc,hrv
2000-11-14,03:27:05,-178.16,-21.63,300.0,4.3,mb,us
2000-11-15,02:59:12,-178.2,-20.14,600.0,4.3,mb,us
2000-11-15,08:15:50,-178.52,-17.76,600.0,3.7,mb,us
2000-11-16,23:53:49,-177.66,-29.63,33.0,4.6,mb,us
2000-11-17,03:03:24,-178.66,-17.7,556.1,4.6,mb,us
2000-11-17,18:47:45,-179.51,-30.01,360.4,4.4,mb,us
2000-11-17,20:14:32,-178.45,-20.57,536.3,4.7,mb,us
2000-11-19,03:41:45,-175.45,-23.26,33.0,4.6,mb,us
2000-11-20,09:23:16,-178.55,-17.91,550.0,5.0,mb,us
2000-11-21,14:56:17,-178.95,-20.0,600.0,3.8,mb,us
2000-11-23,09:28:38,-179.89,-20.91,511.2,4.2,mb,us
2000-11-23,12:46:34,-178.88,-17.7,600.0,4.4,mb,us
2000-11-23,22:24:41,-172.77,-16.47,33.0,4.8,mb,us
2000-11-24,00:40:34,-175.48,-19.6,33.0,4.4,mb,us
2000-11-24,17:27:11,-174.37,-20.51,35.3,5.4,mwc,hrv
2000-11-25,12:15:31,-178.48,-17.93,565.4,4.5,mb,us
2000-11-25,14:46:14,-178.64,-20.92,542.9,4.7,mb,us
2000-11-26,20:47:43,-178.87,-21.07,600.0,4.1,mb,us
2000-11-28,17:13:33,-179.11,-33.23,33.0,4.3,mb,us
2000-11-28,19:04:19,-178.17,-18.14,650.0,4.5,mb,us
2000-11-28,22:06:00,-176.88,-21.08,250.0,4.3,mb,us
2000-11-28,23:33:50,-177.09,-23.98,148.2,4.7,mb,us
2000-11-29,13:54:40,-174.11,-16.19,157.1,4.3,mb,us
2000-11-29,23:42:46,-178.48,-21.02,552.2,4.5,mb,us
2000-11-30,12:46:03,-177.69,-15.44,316.3,4.9,mb,us
2000-12-01,04:10:12,-177.7,-19.83,447.6,4.4,mb,us
2000-12-01,04:53:52,-175.31,-21.72,33.0,5.2,mwc,hrv
2000-12-01,14:26:44,-178.53,-17.99,572.9,4.7,mb,us
2000-12-01,22:57:03,-178.13,-30.47,68.1,5.1,mwc,hrv
2000-12-02,06:02:59,-178.06,-30.6,58.2,5.0,mb,us
2000-12-03,00:46:34,-174.23,-17.05,174.3,4.2,mb,us
2000-12-03,07:12:43,-176.55,-21.32,200.0,3.9,mb,us
2000-12-03,20:45:23,-173.52,-16.96,33.0,4.5,mb,us
2000-12-04,22:16:37,-143.54,-56.23,10.0,5.3,mwc,hrv
2000-12-05,02:01:40,-177.95,-22.99,293.6,4.7,mb,us
2000-12-05,02:42:06,-177.94,-18.12,500.0,4.4,mb,us
2000-12-06,21:36:06,-179.28,-30.16,318.4,4.2,mb,us
2000-12-07,06:50:39,-179.48,-31.31,300.0,4.5,mb,us
2000-12-08,08:22:02,-173.9,-20.05,33.0,5.3,mwc,hrv
2000-12-08,09:57:39,-178.8,-20.96,601.9,4.4,mb,us
2000-12-08,18:02:45,-177.85,-29.83,33.0,5.3,mwc,hrv
2000-12-09,07:46:20,-179.44,-17.85,600.0,4.1,mb,us
2000-12-09,23:38:39,-179.5,-21.96,597.3,5.1,mb,us
2000-12-10,00:33:27,-178.73,-17.62,550.0,4.2,mb,us
2000-12-10,20:50:22,-179.75,-31.63,250.0,4.3,mb,us
2000-12-11,05:49:11,-177.97,-19.79,600.0,3.8,mb,us
2000-12-11,12:58:47,-176.81,-29.9,51.8,5.2,mb,us
2000-12-11,18:26:41,-178.12,-30.61,33.0,4.9,mb,us
2000-12-11,19:30:13,-177.74,-20.93,550.0,4.0,mb,us
2000-12-12,03:30:24,-173.81,-16.21,33.0,4.9,mb,us
2000-12-12,15:21:28,-174.43,-16.94,33.0,4.7,mb,us
2000-12-12,22:14:52,-173.39,-16.85,72.0,4.6,mb,us
2000-12-12,23:27:10,-179.89,-24.28,500.0,4.3,mb,us
2000-12-14,17:09:33,-177.8,-20.77,500.0,3.7,mb,us
2000-12-15,06:55:57,-178.24,-20.33,539.8,4.6,mb,us
2000-12-15,10:16:02,-174.31,-20.45,33.0,4.7,mb,us
2000-12-15,17:43:12,-177.33,-15.67,33.0,5.6,mwc,hrv
2000-12-15,22:53:30,-178.84,-17.78,600.0,4.6,mb,us
2000-12-17,02:29:14,-177.44,-28.19,74.0,5.0,mwc,hrv
2000-12-17,06:45:44,-173.74,-16.75,88.5,4.5,mb,us
2000-12-18,01:19:22,-179.12,-21.18,628.2,6.6,mwc,hrv
2000-12-18,03:36:54,-178.5,-18.07,600.0,4.6,mb,us
2000-12-18,20:26:35,-179.16,-21.14,663.5,4.5,mb,us
2000-12-18,21:15:31,-179.1,-21.18,648.7,5.7,mwc,hrv
2000-12-18,23:21:28,-177.76,-19.42,600.0,4.1,mb,us
2000-12-19,19:14:28,-174.28,-20.55,33.0,4.1,mb,us
2000-12-20,07:56:32,-177.98,-18.36,600.0,4.0,mb,us
2000-12-20,16:39:26,-176.8,-24.12,68.8,5.7,mwb,us
2000-12-20,16:56:57,-179.85,-34.22,33.0,5.1,mb,us
2000-12-20,18:12:45,-178.7,-20.58,600.0,4.1,mb,us
2000-12-20,18:39:12,-178.6,-17.63,600.0,3.9,mb,us
2000-12-20,22:22:25,-177.39,-18.98,500.0,3.8,mb,us
2000-12-21,00:06:01,-173.2,-16.1,33.0,4.7,mb,us
2000-12-21,03:05:59,-178.13,-18.24,435.6,5.0,mb,us
2000-12-21,03:36:00,-177.84,-18.63,593.2,4.9,mb,us
2000-12-21,16:13:11,-179.08,-17.48,532.9,4.7,mb,us
2000-12-22,00:07:56,-172.63,-16.67,33.0,4.3,mb,us
2000-12-23,21:31:06,-178.21,-31.46,96.2,4.9,mb,us
2000-12-24,11:55:49,-177.64,-27.81,150.0,4.2,mb,us
2000-12-24,12:42:59,-178.76,-20.75,626.2,4.4,mb,us
2000-12-24,22:27:23,-179.9,-25.77,450.0,4.1,mb,us
2000-12-25,02:32:34,-172.13,-15.73,33.0,4.0,mb,us
2000-12-25,05:11:59,-179.12,-21.26,644.8,5.7,mwc,hrv
2000-12-25,11:16:35,-176.41,-23.28,33.0,5.4,mwc,hrv
2000-12-25,13:09:05,-173.83,-15.11,33.0,4.0,mb,us
2000-12-25,17:20:12,-179.14,-21.15,600.0,4.2,mb,us
2000-12-25,23:00:27,-175.3,-25.82,33.0,4.3,mb,us
2000-12-26,04:24:40,-178.67,-17.55,500.0,4.6,mb,us
2000-12-26,19:08:37,-176.0,-24.43,33.0,4.8,mb,us
2000-12-26,19:32:15,-177.34,-18.17,300.0,4.2,mb,us
2000-12-28,10:36:44,-178.5,-17.14,600.0,3.5,mb,us
2000-12-28,18:12:33,-175.11,-22.44,33.0,5.4,mwc,hrv
2000-12-28,23:42:02,-179.19,-21.11,650.7,4.5,mb,us
2000-12-29,10:44:12,-172.7,-16.62,33.0,4.6,mb,us
2000-12-29,23:33:53,-179.67,-22.25,584.0,5.4,mwc,hrv
2000-12-30,09:15:30,-179.01,-21.53,585.6,3.8,mb,us
2000-12-30,18:06:08,-177.29,-17.64,333.8,3.9,mb,us
2000-12-30,19:56:00,-177.26,-16.87,393.6,4.0,mb,us
2000-12-31,03:23:01,-177.9,-29.48,73.0,5.0,mb,us
2000-12-31,04:03:48,-178.39,-15.75,450.0,3.8,mb,us
2000-12-31,13:04:57,-176.18,-19.42,246.5,4.1,mb,us
2000-12-31,14:47:13,-173.8,-15.22,115.1,4.5,mb,us
2001-01-01,03:37:37,-179.64,-24.2,474.4,4.7,mb,us
2001-01-01,17:54:08,-174.4,-20.8,33.0,4.9,mb,us
2001-01-03,04:10:28,-173.3,-15.61,33.0,4.6,mb,us
2001-01-04,00:20:34,-176.82,-25.7,103.6,4.7,mb,us
2001-01-05,04:05:45,-173.66,-15.26,33.0,4.7,mb,us
2001-01-05,15:26:30,-179.32,-21.08,686.5,4.3,mb,us
2001-01-06,01:59:09,-176.1,-33.67,33.0,4.7,mb,us
2001-01-11,19:59:40,-176.73,-18.78,10.0,5.9,mwb,us
2001-01-12,13:07:58,-175.0,-16.95,258.0,5.5,mwc,hrv
2001-01-14,00:30:06,-179.87,-23.58,550.0,4.5,mb,us
2001-01-14,03:36:32,-175.93,-17.85,250.0,4.3,mb,us
2001-01-14,03:56:31,-178.64,-17.87,600.0,4.1,mb,us
2001-01-14,06:20:47,-177.28,-24.66,134.4,4.8,mb,us
2001-01-14,19:40:18,-173.87,-15.42,33.0,4.4,mb,us
2001-01-15,01:40:51,-178.5,-20.95,567.7,4.6,mb,us
2001-01-15,17:51:59,-172.61,-16.88,33.0,4.3,mb,us
2001-01-17,02:04:34,-177.84,-30.25,33.0,5.0,mb,us
2001-01-17,04:09:34,-177.29,-20.92,500.0,3.9,mb,us
2001-01-17,09:36:35,-174.51,-17.56,124.1,4.6,mb,us
2001-01-17,10:51:42,-176.43,-28.5,33.0,5.4,mwc,hrv
2001-01-17,19:49:31,-175.81,-24.12,33.0,5.1,mb,us
2001-01-21,09:23:30,-178.48,-18.0,600.0,3.7,mb,us
2001-01-21,14:02:51,-179.1,-29.72,350.0,3.8,mb,us
2001-01-22,02:31:09,-176.61,-27.21,33.0,5.4,mwc,hrv
2001-01-22,06:01:26,-179.94,-23.52,578.0,3.9,mb,us
2001-01-23,10:57:56,-178.97,-20.66,600.0,3.9,mb,us
2001-01-23,16:33:31,-133.8,-54.43,10.0,5.6,mwc,hrv
2001-01-23,18:58:26,-178.46,-19.9,618.6,4.7,mb,us
2001-01-24,09:22:42,-174.55,-17.51,131.9,4.5,mb,us
2001-01-24,21:07:20,-178.02,-30.13,33.0,5.4,mwc,hrv
2001-01-26,03:45:35,-179.65,-22.12,587.4,4.6,mb,us
2001-01-27,03:07:08,-173.1,-18.82,33.0,4.3,mb,us
2001-01-30,02:28:19,-173.26,-15.54,33.0,4.3,mb,us
2001-02-01,14:47:32,-178.74,-21.3,500.0,3.8,mb,us
2001-02-01,21:02:52,-177.58,-18.05,400.0,3.8,mb,us
2001-02-02,08:40:55,-173.54,-17.02,33.0,4.8,mb,us
2001-02-02,16:52:07,-176.11,-19.27,33.0,5.5,mwc,hrv
2001-02-03,04:58:02,-179.29,-34.16,33.0,5.0,mb,us
2001-02-03,14:26:04,-177.42,-15.04,380.0,4.8,mb,us
2001-02-03,21:11:19,-178.53,-31.91,33.0,4.7,mb,us
2001-02-04,06:45:03,-177.9,-20.4,500.0,4.3,mb,us
2001-02-04,16:05:02,-178.25,-27.91,195.9,4.6,mb,us
2001-02-05,00:29:10,-173.92,-16.73,33.0,4.4,mb,us
2001-02-05,02:16:15,-175.91,-16.07,300.0,4.4,mb,us
2001-02-05,04:47:08,-177.38,-16.62,418.0,4.5,mb,us
2001-02-05,13:54:11,-174.67,-18.63,33.0,5.0,mb,us
2001-02-06,12:34:06,-178.53,-31.48,33.0,4.6,mb,us
2001-02-06,16:29:49,-177.3,-25.71,33.0,4.7,mb,us
2001-02-07,01:16:12,-176.06,-14.76,300.0,4.3,mb,us
2001-02-07,06:02:18,-173.44,-15.91,33.0,4.4,mb,us
2001-02-07,06:45:02,-174.3,-17.16,33.0,4.1,mb,us
2001-02-08,02:13:20,-174.82,-23.03,33.0,4.9,mb,us
2001-02-08,04:16:13,-173.2,-16.74,33.0,4.3,mb,us
2001-02-08,05:29:42,-173.54,-14.82,33.0,5.0,mb,us
2001-02-08,12:59:05,-176.06,-19.55,33.0,4.5,mb,us
2001-02-08,18:38:48,-178.34,-17.8,500.0,4.1,mb,us
2001-02-09,10:26:16,-176.07,-19.08,33.0,5.8,mwc,hrv
2001-02-10,03:26:55,-177.56,-28.68,58.9,4.7,mb,us
2001-02-11,08:03:28,-174.85,-18.34,121.8,4.4,mb,us
2001-02-11,18:57:04,-175.02,-22.61,33.0,4.9,mb,us
2001-02-12,13:47:27,-176.6,-20.35,300.0,4.0,mb,us
2001-02-13,05:34:38,-174.37,-21.06,33.0,4.4,mb,us
2001-02-13,14:35:06,-179.95,-23.85,500.0,5.4,mb,us
2001-02-13,18:36:23,-175.42,-23.62,33.0,4.8,mb,us
2001-02-16,09:15:20,-178.99,-24.7,397.5,4.6,mb,us
2001-02-16,12:09:53,-177.79,-15.18,414.6,3.9,mb,us
2001-02-16,16:29:16,-174.52,-21.54,33.0,4.9,mb,us
2001-02-16,17:44:35,-174.59,-21.37,33.0,5.2,mwc,hrv
2001-02-17,10:17:12,-179.22,-20.15,601.1,3.8,mb,us
2001-02-17,13:09:54,-174.19,-18.89,44.7,5.1,mb,us
2001-02-18,10:00:18,-178.81,-17.83,600.0,4.2,mb,us
2001-02-18,22:10:05,-176.61,-18.54,300.0,4.2,mb,us
2001-02-20,04:33:10,-179.21,-29.22,400.0,4.3,mb,us
2001-02-20,21:28:45,-179.1,-20.9,600.0,4.3,mb,us
2001-02-22,15:41:59,-174.18,-16.14,158.1,4.7,mb,us
2001-02-22,22:11:44,-177.05,-28.17,33.0,5.4,mwc,hrv
2001-02-23,01:43:30,-174.2,-16.64,116.8,4.4,mb,us
2001-02-23,23:52:24,-178.26,-30.72,59.9,5.5,mwc,hrv
2001-02-24,22:09:04,-179.56,-31.89,260.9,4.3,mb,us
2001-02-25,07:45:56,-175.32,-20.57,33.0,4.4,mb,us
2001-02-25,09:21:19,-177.77,-19.82,600.0,4.6,mb,us
2001-02-25,13:20:24,-160.99,-62.72,10.0,4.4,mb,us
2001-02-25,15:00:23,-176.93,-20.15,301.3,4.5,mb,us
2001-02-26,00:05:46,-178.31,-18.09,500.0,4.1,mb,us
2001-02-26,02:54:17,-178.46,-17.85,500.0,4.5,mb,us
2001-02-26,05:21:34,-178.56,-17.74,500.0,4.1,mb,us
2001-02-26,12:46:56,-176.76,-23.75,78.1,4.7,mb,us
2001-02-26,16:28:36,-175.21,-22.48,33.0,4.6,mb,us
2001-02-27,03:16:41,-172.5,-16.4,33.0,4.5,mb,us
2001-02-27,04:09:54,-179.37,-20.55,650.0,4.4,mb,us
2001-02-27,04:27:26,-172.52,-16.23,33.0,4.6,mb,us
2001-02-27,12:10:32,-175.06,-22.65,33.0,5.2,mwc,hrv
2001-02-28,04:33:30,-178.95,-17.47,550.0,4.0,mb,us
2001-02-28,12:22:32,-172.56,-16.21,33.0,5.0,mb,us
2001-03-01,04:42:08,-176.13,-21.47,33.0,4.7,mb,us
2001-03-01,07:24:21,-178.82,-17.68,600.0,4.1,mb,us
2001-03-01,10:03:11,-178.87,-30.77,400.0,4.4,mb,us
2001-03-01,10:31:06,-178.49,-19.64,600.0,4.2,mb,us
2001-03-01,18:42:14,-178.0,-18.17,600.0,4.2,mb,us
2001-03-02,06:33:03,-175.42,-21.59,33.0,4.9,mb,us
2001-03-02,14:36:32,-177.7,-20.38,501.9,4.3,mb,us
2001-03-02,17:06:13,-177.08,-20.99,303.0,4.8,mb,us
2001-03-03,14:10:37,-172.55,-16.2,33.0,4.5,mb,us
2001-03-06,01:08:12,-175.74,-20.58,33.0,5.2,mwc,hrv
2001-03-06,01:50:17,-175.8,-20.42,33.0,4.4,mb,us
2001-03-06,14:11:48,-177.81,-20.62,500.0,4.2,mb,us
2001-03-06,23:48:11,-177.12,-17.2,33.0,4.6,mb,us
2001-03-07,10:14:20,-173.62,-15.18,33.0,4.6,mb,us
2001-03-07,18:22:59,-178.38,-20.14,600.0,4.5,mb,us
2001-03-07,23:46:13,-179.8,-24.54,500.0,4.4,mb,us
2001-03-08,11:37:24,-178.12,-29.92,33.0,5.3,mwc,hrv
2001-03-08,15:28:44,-178.46,-30.28,300.0,4.7,mb,us
2001-03-09,08:07:39,-178.12,-20.48,502.0,4.3,mb,us
2001-03-09,21:41:55,-173.27,-19.23,33.0,5.4,mwc,hrv
2001-03-10,17:14:39,-178.63,-29.51,184.8,4.5,mb,us
2001-03-11,00:50:40,-177.97,-25.37,231.0,5.8,mwc,hrv
2001-03-11,12:37:02,-173.28,-19.04,33.0,5.3,mwc,hrv
2001-03-11,14:55:49,-173.33,-19.07,33.0,4.8,mb,us
2001-03-11,16:07:11,-176.33,-16.29,354.6,5.0,mb,us
2001-03-12,07:07:26,-178.77,-29.24,323.8,4.0,mb,us
2001-03-12,14:02:19,-179.56,-35.0,33.0,5.6,mwc,hrv
2001-03-13,00:25:44,-179.64,-35.13,33.0,4.6,mb,us
2001-03-13,06:06:29,-179.75,-22.19,600.0,4.1,mb,us
2001-03-13,11:29:06,-177.6,-19.88,400.0,4.2,mb,us
2001-03-13,13:05:07,-178.72,-17.77,566.0,4.9,mb,us
2001-03-14,07:58:58,-174.8,-18.33,33.0,4.2,mb,us
2001-03-14,12:34:34,-179.82,-32.15,250.0,4.8,mb,us
2001-03-15,18:16:32,-177.31,-17.49,33.0,4.0,mb,us
2001-03-16,11:51:58,-178.99,-24.96,370.5,4.6,mb,us
2001-03-16,16:15:09,-179.26,-35.37,33.0,4.6,mb,us
2001-03-18,07:02:49,-178.4,-17.98,600.0,3.9,mb,us
2001-03-18,13:53:56,-174.2,-16.8,33.0,4.1,mb,us
2001-03-19,15:01:38,-174.59,-17.86,137.5,4.7,mb,us
2001-03-19,17:35:36,-177.65,-20.39,400.0,4.0,mb,us
2001-03-20,00:07:10,-178.5,-23.4,400.0,4.2,mb,us
2001-03-20,06:24:43,-176.29,-15.34,33.0,4.7,mb,us
2001-03-20,18:47:10,-177.76,-28.03,33.0,4.6,mb,us
2001-03-21,02:53:58,-179.4,-30.86,300.0,4.4,mb,us
2001-03-21,19:13:48,-172.22,-21.54,33.0,4.6,mb,us
2001-03-21,22:47:07,-178.75,-17.66,548.3,4.6,mb,us
2001-03-21,23:12:59,-177.82,-19.79,350.0,3.6,mb,us
2001-03-23,01:05:07,-173.89,-17.11,72.7,4.6,mb,us
2001-03-23,20:53:28,-174.06,-18.94,33.0,5.2,mwc,hrv
2001-03-24,02:14:15,-130.62,-54.7,10.0,5.3,mwc,hrv
2001-03-24,13:57:00,-176.85,-29.18,59.6,4.8,mb,us
2001-03-24,20:26:14,-179.43,-31.94,294.3,4.1,mb,us
2001-03-25,01:22:34,-178.75,-17.71,600.0,4.4,mb,us
2001-03-26,10:52:51,-177.99,-20.7,500.0,4.2,mb,us
2001-03-27,11:05:07,-173.55,-15.13,33.0,4.6,mb,us
2001-03-28,01:34:01,-178.29,-20.47,500.0,3.9,mb,us
2001-03-28,17:15:09,-177.79,-20.36,550.0,4.2,mb,us
2001-03-28,18:39:16,-177.78,-20.37,524.3,4.1,mb,us
2001-03-29,19:50:52,-178.85,-32.52,33.0,4.6,mb,us
2001-03-29,21:45:45,-176.67,-17.79,33.0,4.6,mb,us
2001-03-30,20:26:57,-175.94,-20.06,218.1,4.7,mb,us
2001-04-01,03:44:07,-176.86,-17.25,33.0,4.6,mb,us
2001-04-01,17:26:38,-179.3,-30.34,300.0,4.2,mb,us
2001-04-03,00:33:21,-176.41,-19.6,300.0,4.7,mb,us
2001-04-04,00:36:16,-176.95,-24.57,200.0,4.2,mb,us
2001-04-04,02:04:22,-175.86,-24.53,33.0,4.8,mb,us
2001-04-04,02:56:35,-178.9,-20.34,500.0,3.7,mb,us
2001-04-04,03:57:21,-178.17,-19.93,500.0,3.8,mb,us
2001-04-04,09:44:02,-179.48,-27.88,400.0,3.8,mb,us
2001-04-04,10:53:25,-173.72,-20.17,33.0,4.7,mb,us
2001-04-04,15:42:08,-178.67,-17.52,600.0,4.0,mb,us
2001-04-05,18:37:34,-175.61,-19.03,33.0,4.6,mb,us
2001-04-06,01:12:03,-178.67,-17.88,545.4,4.7,mb,us
2001-04-07,19:20:54,-178.36,-17.82,462.6,4.4,mb,us
2001-04-07,23:17:38,-176.34,-27.55,33.0,6.2,mwc,hrv
2001-04-07,23:38:36,-176.53,-27.72,33.0,4.4,mb,us
2001-04-08,12:27:50,-177.9,-18.04,600.0,3.4,mb,us
2001-04-08,13:04:42,-176.4,-20.22,264.1,4.2,mb,us
2001-04-08,13:06:33,-176.78,-27.88,33.0,4.6,mb,us
2001-04-08,21:30:23,-178.74,-21.06,500.0,4.3,mb,us
2001-04-09,06:09:44,-178.36,-17.89,500.0,4.3,mb,us
2001-04-09,10:46:02,-173.91,-16.68,107.2,4.5,mb,us
2001-04-10,10:16:29,-178.99,-24.89,400.0,3.9,mb,us
2001-04-10,14:47:59,-178.32,-26.6,300.0,4.3,mb,us
2001-04-10,23:54:30,-178.76,-17.44,500.0,4.2,mb,us
2001-04-11,03:16:38,-175.44,-23.46,33.0,4.3,mb,us
2001-04-12,07:13:29,-174.81,-18.55,100.0,4.5,mb,us
2001-04-12,07:37:11,-177.85,-18.56,500.0,4.3,mb,us
2001-04-12,19:55:02,-174.21,-14.88,33.0,5.2,mwc,hrv
2001-04-13,14:32:51,-172.66,-15.57,33.0,5.4,mwc,hrv
2001-04-13,16:16:36,-173.18,-15.44,33.0,4.2,mb,us
2001-04-14,01:52:26,-172.92,-15.76,33.0,3.9,mb,us
2001-04-14,10:14:39,-130.32,-54.63,10.0,5.3,mwc,hrv
2001-04-14,17:49:17,-176.79,-25.51,91.0,5.2,mwc,hrv
2001-04-15,05:33:09,-177.77,-31.5,49.1,4.8,mb,us
2001-04-15,11:26:44,-130.31,-54.7,10.0,5.3,mwc,hrv
2001-04-15,20:58:00,-177.44,-18.9,357.7,4.7,mb,us
2001-04-16,13:45:03,-177.32,-19.23,300.0,4.0,mb,us
2001-04-16,17:55:32,-178.62,-20.77,600.0,4.4,mb,us
2001-04-17,17:58:08,-176.36,-27.5,33.0,5.3,mwc,hrv
2001-04-18,11:21:34,-176.04,-27.9,33.0,4.6,mb,us
2001-04-18,20:03:54,-178.04,-30.58,33.0,4.6,mb,us
2001-04-18,20:48:14,-176.57,-27.32,33.0,4.5,mb,us
2001-04-18,23:31:39,-176.39,-27.51,33.0,5.4,mwc,hrv
2001-04-19,00:03:39,-176.32,-27.4,33.0,4.8,mb,us
2001-04-19,00:18:16,-176.37,-27.32,33.0,5.2,mb,us
2001-04-19,00:23:18,-173.83,-15.34,33.0,4.1,mb,us
2001-04-19,00:43:34,-176.44,-27.54,33.0,4.7,mb,us
2001-04-19,04:16:56,-176.36,-27.18,33.0,4.5,mb,us
2001-04-19,17:38:23,-176.25,-27.56,33.0,4.8,mb,us
2001-04-19,17:41:35,-176.4,-27.31,33.0,4.6,mb,us
2001-04-20,22:19:07,-174.99,-17.36,250.0,4.1,mb,us
2001-04-20,23:10:56,-178.28,-20.53,513.2,4.4,mb,us
2001-04-21,02:40:46,-179.77,-22.17,600.0,4.2,mb,us
2001-04-21,08:26:22,-173.55,-15.39,33.0,4.4,mb,us
2001-04-22,06:23:28,-178.84,-20.73,600.0,4.2,mb,us
2001-04-22,07:48:55,-174.01,-20.3,33.0,4.9,mb,us
2001-04-23,17:40:19,-179.17,-31.25,33.0,4.7,mb,us
2001-04-24,09:54:33,-173.83,-19.41,33.0,5.8,mwc,hrv
2001-04-24,14:35:24,-178.11,-30.6,33.0,5.0,mb,us
2001-04-25,00:59:11,-178.8,-17.67,545.1,4.5,mb,us
2001-04-25,17:39:54,-179.06,-21.25,600.0,4.5,mb,us
2001-04-25,21:53:48,-179.61,-17.64,600.0,4.2,mb,us
2001-04-26,06:57:00,-178.09,-20.06,600.0,4.1,mb,us
2001-04-26,15:53:11,-178.13,-22.04,280.7,4.0,mb,us
2001-04-27,14:52:08,-179.8,-22.61,575.8,4.6,mb,us
2001-04-28,04:49:53,-176.94,-18.06,351.8,6.9,mwb,us
2001-04-28,19:32:16,-176.48,-27.04,33.0,4.8,mb,us
2001-04-28,21:54:51,-179.5,-23.03,528.3,4.8,mb,us
2001-04-29,03:49:23,-177.62,-19.75,600.0,3.9,mb,us
2001-04-29,13:05:38,-178.2,-18.05,600.0,3.9,mb,us
2001-04-29,16:53:12,-179.06,-20.38,650.0,4.0,mb,us
2001-04-29,17:02:54,-179.09,-17.6,650.0,4.1,mb,us
2001-04-29,23:25:34,-176.45,-28.89,100.0,4.4,mb,us
2001-04-30,04:27:33,-179.2,-30.51,300.0,4.2,mb,us
2001-04-30,08:05:22,-178.93,-17.45,500.0,4.1,mb,us
2001-04-30,08:06:36,-176.61,-22.8,33.0,4.8,mb,us
2001-04-30,21:42:21,-178.06,-30.36,52.6,5.2,mwc,hrv
2001-05-01,06:25:29,-179.88,-24.94,500.0,4.2,mb,us
2001-05-01,11:08:20,-175.98,-19.66,219.1,4.2,mb,us
2001-05-01,16:11:47,-166.62,-63.34,10.0,4.2,mb,us
2001-05-02,03:26:00,-174.18,-15.71,33.0,4.3,mb,us
2001-05-02,05:13:29,-178.91,-17.63,600.0,4.0,mb,us
2001-05-02,05:40:24,-177.79,-19.17,600.0,3.9,mb,us
2001-05-03,10:23:38,-178.81,-19.77,400.0,4.1,mb,us
2001-05-04,18:38:07,-176.41,-27.94,33.0,4.5,mb,us
2001-05-05,13:36:06,-178.9,-21.55,537.6,4.6,mb,us
2001-05-05,15:32:32,-176.19,-20.06,290.5,4.3,mb,us
2001-05-06,00:39:41,-178.18,-18.7,450.0,3.9,mb,us
2001-05-06,01:48:46,-144.7,-55.42,10.0,4.6,mb,us
2001-05-06,02:06:06,-173.65,-15.1,33.0,5.4,mwc,hrv
2001-05-06,04:09:00,-177.56,-18.37,550.0,3.8,mb,us
2001-05-06,05:19:47,-175.17,-18.37,211.6,5.4,mwc,hrv
2001-05-07,00:00:38,-173.47,-14.93,33.0,5.7,mwc,hrv
2001-05-07,00:33:24,-144.47,-56.19,10.0,6.2,mwb,us
2001-05-07,01:56:30,-144.54,-55.95,10.0,5.4,mwc,hrv
2001-05-07,03:01:51,-173.82,-14.94,33.0,4.6,mb,us
2001-05-07,11:43:05,-177.95,-19.77,500.0,4.2,mb,us
2001-05-08,16:40:34,-173.02,-16.13,33.0,5.1,mwc,hrv
2001-05-08,19:27:21,-178.61,-17.47,500.0,4.1,mb,us
2001-05-10,05:55:56,-178.43,-35.13,33.0,4.8,mb,us
2001-05-10,09:45:05,-177.85,-26.54,150.0,4.8,mb,us
2001-05-11,04:43:23,-178.71,-21.33,569.3,4.8,mb,us
2001-05-11,10:41:21,-178.47,-17.95,605.5,4.4,mb,us
2001-05-11,16:46:51,-176.17,-27.2,33.0,4.6,mb,us
2001-05-12,12:54:25,-179.99,-23.2,566.7,4.1,mb,us
2001-05-13,05:22:22,-176.7,-22.61,100.0,4.6,mb,us
2001-05-13,06:05:22,-178.24,-20.63,400.0,3.9,mb,us
2001-05-13,07:17:58,-178.35,-16.66,33.0,4.5,mb,us
2001-05-13,12:27:07,-178.95,-17.57,600.0,3.9,mb,us
2001-05-13,13:07:47,-179.39,-20.77,600.0,3.5,mb,us
2001-05-13,13:56:48,-174.15,-16.92,33.0,4.5,mb,us
2001-05-13,15:55:41,-178.83,-17.55,600.0,3.9,mb,us
2001-05-13,22:23:19,-176.7,-33.37,33.0,4.3,mb,us
2001-05-14,02:32:38,-176.9,-27.17,33.0,5.7,mwc,hrv
2001-05-14,22:44:19,-178.62,-20.81,600.0,4.4,mb,us
2001-05-15,07:14:18,-174.31,-17.27,147.9,4.4,mb,us
2001-05-15,16:22:28,-178.94,-17.27,500.0,4.2,mb,us
2001-05-15,18:44:09,-177.14,-25.08,33.0,4.2,mb,us
2001-05-16,11:46:46,-178.09,-30.47,150.0,4.9,mb,us
2001-05-16,22:49:24,-179.98,-23.2,600.0,4.0,mb,us
2001-05-17,14:33:04,-174.86,-15.48,200.0,4.2,mb,us
2001-05-17,21:33:17,-176.08,-16.16,300.0,4.0,mb,us
2001-05-18,10:21:18,-178.53,-20.25,589.7,4.3,mb,us
2001-05-19,17:36:26,-177.52,-19.9,368.7,6.0,mwc,hrv
2001-05-20,12:01:38,-172.43,-16.05,33.0,4.2,mb,us
2001-05-20,15:37:22,-179.97,-25.66,500.0,4.0,mb,us
2001-05-20,19:36:52,-177.13,-25.69,140.0,4.0,mb,us
2001-05-21,23:15:48,-179.1,-30.01,250.0,4.6,mb,us
2001-05-22,03:26:47,-177.68,-17.65,400.0,4.1,mb,us
2001-05-22,12:24:34,-178.71,-17.13,400.0,3.8,mb,us
2001-05-22,18:06:56,-177.2,-30.24,33.0,4.6,mb,us
2001-05-22,18:18:11,-178.13,-17.83,550.0,4.4,mb,us
2001-05-23,00:02:11,-178.88,-17.7,600.0,4.2,mb,us
2001-05-23,15:35:23,-178.7,-17.71,567.2,5.6,mwc,hrv
2001-05-23,21:26:38,-178.83,-17.45,600.0,4.1,mb,us
2001-05-24,05:03:45,-175.82,-24.16,33.0,4.7,mb,us
2001-05-24,09:42:00,-177.91,-27.48,295.5,4.6,mb,us
2001-05-24,14:07:37,-176.08,-24.87,33.0,4.8,mb,us
2001-05-24,20:58:32,-177.38,-30.31,33.0,4.7,mb,us
2001-05-24,21:00:32,-177.18,-30.28,33.0,4.2,mb,us
2001-05-25,08:00:36,-173.42,-16.74,33.0,4.5,mb,us
2001-05-25,22:22:35,-179.67,-35.73,33.0,4.7,mb,us
2001-05-26,02:34:34,-175.6,-18.76,243.7,4.7,mb,us
2001-05-26,05:25:59,-178.03,-18.4,549.4,4.8,mb,us
2001-05-26,10:57:26,-177.84,-20.29,406.5,6.4,mwc,hrv
2001-05-27,09:50:01,-179.88,-15.74,350.0,3.6,mb,us
2001-05-28,11:41:48,-178.25,-18.42,488.1,4.6,mb,us
2001-05-28,21:53:21,-176.61,-22.15,150.0,4.5,mb,us
2001-05-29,14:54:56,-178.58,-17.32,500.0,4.5,mb,us
2001-05-30,06:56:57,-139.71,-56.62,10.0,5.3,mwc,hrv
2001-05-31,06:31:56,-177.58,-18.94,500.0,4.1,mb,us
2001-05-31,13:01:06,-177.24,-30.25,33.0,4.4,mb,us
2001-06-03,02:41:57,-178.63,-29.67,178.1,7.2,mwc,hrv
2001-06-03,20:24:01,-178.9,-20.74,600.0,4.0,mb,us
2001-06-03,22:20:17,-177.18,-25.09,132.3,4.9,mb,us
2001-06-04,03:36:23,-179.46,-31.48,500.0,3.5,mb,us
2001-06-04,21:51:19,-178.89,-17.83,554.4,4.5,mb,us
2001-06-05,05:20:07,-178.52,-17.68,400.0,4.0,mb,us
2001-06-05,17:20:27,-176.93,-24.69,33.0,4.8,mb,us
2001-06-06,06:55:37,-174.01,-20.23,33.0,4.5,mb,us
2001-06-06,17:17:07,-175.94,-20.06,33.0,4.4,mb,us
2001-06-06,20:18:31,-179.03,-21.49,600.0,4.2,mb,us
2001-06-07,02:17:34,-173.93,-15.01,33.0,4.4,mb,us
2001-06-07,07:24:24,-177.03,-20.26,300.0,4.5,mb,us
2001-06-07,19:04:34,-179.04,-20.78,600.0,4.4,mb,us
2001-06-08,23:07:44,-179.17,-30.62,343.3,4.8,mb,us
2001-06-10,01:47:39,-177.82,-30.59,33.0,4.9,mb,us
2001-06-10,04:38:22,-178.76,-17.91,600.0,4.5,mb,us
2001-06-11,06:04:05,-174.98,-18.91,156.2,4.4,mb,us
2001-06-12,14:23:18,-177.72,-18.37,600.0,4.6,mb,us
2001-06-12,15:05:10,-178.09,-18.46,600.0,4.4,mb,us
2001-06-12,22:26:44,-178.54,-17.89,600.0,4.7,mb,us
2001-06-13,03:49:29,-173.36,-18.83,33.0,5.5,mwc,hrv
2001-06-14,03:55:32,-173.32,-19.04,33.0,5.4,mwc,hrv
2001-06-14,10:01:20,-173.71,-15.05,33.0,4.6,ms,us
2001-06-14,12:27:04,-179.46,-22.05,604.0,5.7,mwc,hrv
2001-06-14,15:09:44,-179.5,-17.78,600.0,4.7,mb,us
2001-06-14,17:08:11,-178.32,-20.71,537.0,5.4,mwc,hrv
2001-06-15,21:34:54,-178.34,-17.73,587.5,4.7,mb,us
2001-06-16,02:13:38,-173.34,-14.89,10.0,6.0,mwc,hrv
2001-06-16,13:57:16,-178.85,-17.14,323.6,4.4,mb,us
2001-06-17,04:28:36,-179.2,-21.71,609.9,4.4,mb,us
2001-06-17,11:07:17,-178.06,-14.96,350.0,4.2,mb,us
2001-06-17,12:14:31,-177.94,-19.52,600.0,3.8,mb,us
2001-06-18,14:50:59,-179.12,-21.14,600.0,4.8,mb,us
2001-06-19,03:23:18,-178.63,-21.78,600.0,4.2,mb,us
2001-06-19,13:19:21,-178.74,-17.84,600.0,4.7,mb,us
2001-06-19,23:05:51,-179.16,-17.33,600.0,4.3,mb,us
2001-06-20,03:31:16,-178.63,-20.18,600.0,3.7,mb,us
2001-06-21,06:10:27,-177.84,-20.31,600.0,4.4,mb,us
2001-06-21,16:51:22,-173.36,-18.81,32.8,4.8,mb,us
2001-06-22,07:16:06,-173.37,-18.89,33.0,5.1,mwc,hrv
2001-06-25,10:35:52,-173.58,-16.97,33.0,4.6,mb,us
2001-06-25,16:28:01,-178.24,-21.07,500.0,4.2,mb,us
2001-06-26,15:15:47,-176.39,-19.53,33.0,5.5,mwc,hrv
2001-06-26,22:41:11,-179.03,-17.48,500.0,4.4,mb,us
2001-06-27,19:49:59,-178.6,-29.39,227.1,4.7,mb,us
2001-06-28,07:16:28,-178.49,-17.72,500.0,4.4,mb,us
2001-06-29,10:00:22,-177.96,-17.76,454.4,4.7,mb,us
2001-06-30,00:46:56,-178.9,-17.58,543.1,4.6,mb,us
2001-06-30,12:44:52,-176.56,-14.8,33.0,4.5,mb,us
2001-06-30,14:46:01,-173.79,-19.21,37.1,4.4,mb,us
2001-07-01,00:52:24,-178.18,-18.13,600.0,4.3,mb,us
2001-07-01,04:17:32,-179.8,-32.61,400.0,3.8,mb,us
2001-07-01,12:02:05,-161.43,-62.52,10.0,4.3,mb,us
2001-07-02,12:15:45,-173.46,-16.87,33.0,4.5,mb,us
2001-07-02,13:10:12,-176.65,-27.88,33.0,4.8,mb,us
2001-07-03,05:11:57,-178.59,-35.52,33.0,4.0,mb,us
2001-07-03,11:20:29,-174.11,-20.8,33.0,4.4,mb,us
2001-07-03,14:32:52,-179.77,-32.3,250.0,4.3,mb,us
2001-07-04,06:55:32,-178.04,-20.41,600.0,4.4,mb,us
2001-07-04,07:06:32,-176.7,-21.72,184.6,6.5,mwc,hrv
2001-07-04,07:42:52,-179.36,-14.74,400.0,4.3,mb,us
2001-07-05,13:16:15,-179.82,-31.37,33.0,4.6,mb,us
2001-07-05,18:47:14,-179.13,-17.28,600.0,4.5,mb,us
2001-07-05,20:35:52,-177.84,-20.73,500.0,4.3,mb,us
2001-07-06,04:41:12,-178.58,-17.74,536.9,4.5,mb,us
2001-07-06,11:35:59,-177.04,-27.17,40.4,5.2,mb,us
2001-07-06,15:18:39,-177.64,-27.19,150.0,4.4,mb,us
2001-07-07,12:39:42,-178.73,-20.72,625.0,4.4,mb,us
2001-07-07,14:06:19,-177.63,-19.98,551.3,4.5,mb,us
2001-07-07,16:14:30,-178.28,-31.2,33.0,5.0,mb,us
2001-07-08,21:45:56,-174.03,-15.84,33.0,4.4,mb,us
2001-07-09,04:43:22,-177.91,-30.2,33.0,5.0,mb,us
2001-07-09,07:07:36,-178.54,-17.99,600.0,4.5,mb,us
2001-07-09,19:49:18,-178.78,-17.58,500.0,4.0,mb,us
2001-07-09,20:37:35,-179.47,-25.54,400.0,4.5,mb,us
2001-07-10,21:05:28,-178.6,-17.74,566.9,4.5,mb,us
2001-07-11,08:53:00,-174.23,-21.59,33.0,5.2,mwc,hrv
2001-07-11,10:46:14,-177.68,-25.06,170.4,4.4,mb,us
2001-07-11,15:11:49,-178.12,-20.26,562.9,5.3,mwc,hrv
2001-07-11,22:31:53,-173.93,-15.2,33.0,4.2,mb,us
2001-07-13,19:16:34,-178.34,-17.82,438.9,4.2,mb,us
2001-07-15,03:08:04,-176.16,-19.6,250.0,4.5,mb,us
2001-07-16,13:13:28,-148.96,-58.44,10.0,4.1,mb,us
2001-07-18,08:18:22,-175.99,-19.77,200.0,3.9,mb,us
2001-07-19,20:12:16,-174.68,-16.97,226.6,5.9,mwc,hrv
2001-07-19,22:51:24,-178.31,-30.56,200.0,4.6,mb,us
2001-07-20,00:21:51,-173.69,-15.17,40.0,5.4,mwc,hrv
2001-07-20,00:27:57,-174.82,-17.94,33.0,4.9,mb,us
2001-07-20,10:48:49,-178.32,-28.11,242.9,4.8,mb,us
2001-07-20,23:04:39,-177.86,-30.01,55.7,5.2,mwc,hrv
2001-07-21,20:30:05,-179.23,-30.34,19.4,5.1,mwc,hrv
2001-07-21,21:51:21,-178.84,-17.7,569.3,4.3,mb,us
2001-07-23,01:02:28,-179.68,-22.59,595.6,5.6,mwc,hrv
2001-07-23,17:04:12,-177.91,-19.82,521.8,4.1,mb,us
2001-07-24,09:37:07,-178.57,-20.68,624.2,4.4,mb,us
2001-07-24,15:35:43,-178.39,-18.11,600.0,4.5,mb,us
2001-07-24,17:19:51,-178.88,-21.15,600.0,4.3,mb,us
2001-07-25,08:27:50,-179.7,-33.92,33.0,4.6,mb,us
2001-07-25,11:36:36,-174.93,-19.29,33.0,4.8,mb,us
2001-07-25,15:45:19,-178.1,-20.52,550.0,4.1,mb,us
2001-07-25,20:23:19,-176.97,-18.02,350.0,4.3,mb,us
2001-07-25,21:05:22,-178.79,-17.69,600.0,4.3,mb,us
2001-07-28,05:22:20,-175.97,-23.23,33.0,4.7,mb,us
2001-07-28,17:15:58,-175.14,-16.26,248.1,4.6,mb,us
2001-07-29,03:24:39,-177.95,-18.03,550.0,4.1,mb,us
2001-07-30,01:31:31,-178.66,-18.01,500.0,3.6,mb,us
2001-07-30,16:10:43,-179.26,-21.6,600.0,4.3,mb,us
2001-07-31,06:57:41,-178.83,-17.69,564.0,5.5,mwc,hrv
2001-07-31,15:08:04,-174.72,-15.16,33.0,5.7,mwc,hrv
2001-07-31,17:41:30,-174.78,-15.39,33.0,4.6,mb,us
2001-08-01,03:04:18,-179.26,-21.26,600.0,4.6,mb,us
2001-08-01,10:24:32,-178.44,-20.36,600.0,4.3,mb,us
2001-08-01,22:56:19,-177.97,-20.63,500.0,4.0,mb,us
2001-08-02,05:17:13,-178.14,-18.71,500.0,4.0,mb,us
2001-08-04,00:33:52,-179.42,-28.26,409.1,4.6,mb,us
2001-08-04,13:06:49,-177.83,-21.25,377.5,4.6,mb,us
2001-08-05,01:32:45,-178.1,-18.33,600.0,4.4,mb,us
2001-08-05,12:16:50,-178.82,-33.83,41.5,4.9,mb,us
2001-08-05,20:23:13,-175.56,-23.1,33.0,4.7,mb,us
2001-08-05,21:32:56,-177.56,-19.9,350.0,4.4,mb,us
2001-08-06,06:40:26,-178.6,-17.71,500.0,4.5,mb,us
2001-08-06,07:44:36,-140.3,-57.0,10.0,4.9,mb,us
2001-08-06,15:07:49,-177.98,-30.31,250.0,4.3,mb,us
2001-08-06,20:54:20,-178.89,-20.8,600.0,3.9,mb,us
2001-08-07,10:24:25,-178.84,-17.56,600.0,4.0,mb,us
2001-08-07,20:26:24,-178.85,-23.53,400.0,4.5,mb,us
2001-08-08,03:24:17,-179.11,-30.06,400.0,4.2,mb,us
2001-08-08,08:27:35,-177.82,-18.49,600.0,3.8,mb,us
2001-08-08,11:12:48,-179.99,-24.1,500.0,3.8,mb,us
2001-08-08,17:27:09,-179.94,-24.42,500.0,4.2,mb,us
2001-08-09,03:09:02,-178.07,-30.66,51.2,5.6,mwc,hrv
2001-08-10,04:32:36,-178.07,-30.4,195.3,4.6,mb,us
2001-08-11,02:40:55,-176.9,-24.25,108.6,4.6,mb,us
2001-08-11,03:39:42,-175.93,-23.6,33.0,4.6,mb,us
2001-08-11,03:45:40,-173.74,-15.12,62.5,4.7,ms,us
2001-08-11,04:29:50,-176.0,-23.55,33.0,4.7,mb,us
2001-08-11,13:01:06,-174.93,-22.15,33.0,5.4,mwc,hrv
2001-08-12,09:01:09,-178.55,-17.96,600.0,4.3,mb,us
2001-08-12,14:54:12,-178.66,-23.39,400.0,4.2,mb,us
2001-08-12,19:30:36,-177.8,-19.63,600.0,4.0,mb,us
2001-08-13,06:41:21,-178.73,-17.57,500.0,4.2,mb,us
2001-08-14,00:31:05,-179.32,-34.81,33.0,5.4,mwc,hrv
2001-08-14,01:24:29,-176.37,-19.06,33.0,4.9,mb,us
2001-08-14,03:31:49,-178.25,-31.11,33.0,4.6,mb,us
2001-08-15,06:38:44,-175.05,-18.78,200.0,4.1,mb,us
2001-08-16,14:45:17,-179.21,-33.33,33.0,4.5,mb,us
2001-08-19,04:11:09,-179.93,-23.78,550.0,4.2,mb,us
2001-08-19,12:27:02,-179.29,-33.61,200.0,4.2,mb,us
2001-08-19,23:34:17,-174.77,-17.22,150.0,4.5,mb,us
2001-08-20,19:56:47,-178.54,-17.66,539.2,4.8,mb,us
2001-08-21,06:52:06,-179.58,-36.81,33.0,7.1,mwc,hrv
2001-08-21,07:57:54,-179.68,-37.0,33.0,4.4,mb,us
2001-08-21,09:20:21,-179.39,-34.63,33.0,4.7,mb,us
2001-08-21,09:37:51,-179.73,-36.82,33.0,4.3,ml,wel
2001-08-21,10:36:51,-179.71,-36.99,33.0,4.8,mb,us
2001-08-21,11:03:15,-179.36,-37.16,33.0,4.9,mb,us
2001-08-21,12:16:54,-179.67,-37.37,33.0,4.8,ml,wel
2001-08-21,12:22:22,-179.65,-36.93,33.0,5.0,mb,us
2001-08-21,13:06:20,-179.82,-37.11,33.0,4.8,mb,us
2001-08-21,13:44:41,-179.44,-36.78,33.0,5.0,mb,us
2001-08-21,14:13:22,-179.73,-36.81,33.0,4.8,mb,us
2001-08-21,14:32:33,-179.64,-36.94,33.0,4.7,mb,us
2001-08-21,14:44:58,-179.84,-37.1,33.0,4.8,mb,us
2001-08-21,14:56:36,-179.21,-36.68,33.0,4.9,ml,wel
2001-08-21,15:07:16,-179.85,-37.0,33.0,4.7,mb,us
2001-08-21,15:11:00,-179.88,-36.95,33.0,4.8,mb,us
2001-08-21,15:59:12,-179.62,-37.42,33.0,4.1,mb,us
2001-08-21,16:05:17,-179.63,-36.83,33.0,4.6,mb,us
2001-08-21,16:15:21,-179.72,-36.61,33.0,4.6,mb,us
2001-08-21,17:20:41,-179.49,-36.68,33.0,4.8,mb,us
2001-08-21,17:24:31,-179.95,-36.98,33.0,4.7,mb,us
2001-08-21,18:15:57,-179.6,-36.77,33.0,4.6,mb,us
2001-08-21,18:34:38,-179.98,-36.88,33.0,4.7,mb,us
2001-08-21,18:58:37,-179.64,-37.03,33.0,4.8,mb,us
2001-08-21,21:26:01,-179.89,-36.92,33.0,4.5,mb,us
2001-08-21,21:27:58,-176.5,-27.09,33.0,4.9,mb,us
2001-08-22,00:01:55,-179.36,-37.09,33.0,4.9,mb,us
2001-08-22,00:10:08,-179.28,-37.04,33.0,4.6,mb,us
2001-08-22,00:27:09,-179.59,-36.61,33.0,4.8,mb,us
2001-08-22,00:39:45,-179.73,-36.66,33.0,4.8,mb,us
2001-08-22,00:44:17,-179.73,-36.73,33.0,4.8,mb,us
2001-08-22,01:22:46,-179.51,-36.39,33.0,4.9,mb,us
2001-08-22,02:44:21,-179.41,-36.51,33.0,4.6,mb,us
2001-08-22,03:02:56,-179.73,-36.78,33.0,4.6,mb,us
2001-08-22,03:16:12,-179.64,-36.86,33.0,5.1,mb,us
2001-08-22,04:39:30,-179.83,-36.98,33.0,5.3,mwc,hrv
2001-08-22,05:28:04,-179.87,-36.85,33.0,5.1,mwc,hrv
2001-08-22,07:25:31,-179.87,-37.2,33.0,4.5,mb,us
2001-08-22,07:58:13,-179.26,-36.98,33.0,4.4,ml,wel
2001-08-22,08:10:54,-179.83,-36.95,33.0,4.8,mb,us
2001-08-22,09:13:26,-179.8,-36.88,33.0,4.6,mb,us
2001-08-22,10:14:41,-179.89,-36.98,33.0,4.7,mb,us
2001-08-22,11:58:31,-179.53,-36.51,33.0,4.4,mb,us
2001-08-22,12:03:21,-179.99,-35.47,33.0,4.6,mb,us
2001-08-22,12:18:34,-179.46,-36.48,33.0,4.6,mb,us
2001-08-22,12:40:12,-175.79,-15.81,33.0,4.7,mb,us
2001-08-22,13:27:46,-179.84,-37.2,33.0,4.7,mb,us
2001-08-22,14:15:01,-179.87,-37.16,33.0,4.7,mb,us
2001-08-22,15:01:06,-179.84,-37.1,33.0,4.8,mb,us
2001-08-22,15:17:17,-179.83,-36.99,33.0,4.7,mb,us
2001-08-22,16:13:15,-179.67,-37.15,33.0,4.6,mb,us
2001-08-22,17:01:12,-173.74,-15.12,33.0,4.4,mb,us
2001-08-22,17:32:43,-179.84,-36.78,33.0,4.9,ms,us
2001-08-22,19:29:23,-179.67,-36.57,33.0,4.6,mb,us
2001-08-22,20:22:38,-179.78,-36.72,33.0,5.0,mb,us
2001-08-22,22:49:30,-179.34,-37.06,33.0,4.5,ml,wel
2001-08-23,02:44:49,-172.07,-15.57,33.0,5.2,mwc,hrv
2001-08-23,05:20:33,-179.46,-36.88,33.0,4.7,mb,us
2001-08-23,05:23:31,-179.46,-36.42,33.0,4.5,mb,us
2001-08-23,12:04:29,-179.41,-37.17,33.0,4.3,mb,us
2001-08-23,14:14:26,-173.78,-16.34,33.0,4.3,mb,us
2001-08-24,01:46:58,-179.6,-36.62,29.8,4.6,mb,us
2001-08-24,05:50:41,-179.93,-36.98,31.5,4.6,mb,us
2001-08-24,08:16:45,-179.48,-36.49,33.0,4.7,mb,us
2001-08-24,10:21:14,-179.64,-36.48,33.0,4.8,mb,us
2001-08-24,11:01:52,-178.6,-17.9,576.6,5.0,mb,us
2001-08-24,11:04:37,-179.61,-37.06,33.0,5.2,mb,us
2001-08-24,12:15:05,-177.64,-16.3,33.0,4.7,mb,us
2001-08-24,19:34:14,-179.68,-36.75,34.1,4.7,mb,us
2001-08-24,20:09:41,-179.98,-36.6,29.3,4.8,mb,us
2001-08-24,21:16:36,-179.7,-36.82,33.0,5.4,mwc,hrv
2001-08-24,21:19:12,-179.81,-36.78,33.0,5.4,mb,us
2001-08-24,21:40:45,-179.72,-36.76,36.0,5.0,mb,us
2001-08-24,21:44:02,-179.93,-36.82,35.8,4.7,mb,us
2001-08-24,22:52:15,-179.49,-36.68,36.8,4.3,mb,us
2001-08-25,01:12:08,-179.69,-36.78,34.8,4.6,mb,us
2001-08-25,20:39:15,-177.37,-19.63,346.0,4.4,mb,us
2001-08-25,20:40:12,-177.3,-29.94,30.0,4.8,mb,us
2001-08-25,21:34:05,-179.8,-36.84,31.1,4.5,mb,us
2001-08-26,01:09:26,-179.73,-36.54,33.0,4.7,mb,us
2001-08-26,01:16:20,-179.85,-37.11,33.0,4.2,mb,us
2001-08-26,04:33:07,-176.77,-25.05,33.0,4.9,mb,us
2001-08-26,08:14:47,-179.66,-36.57,28.3,4.7,mb,us
2001-08-26,12:58:57,-178.84,-17.48,600.0,3.9,mb,us
2001-08-26,13:31:34,-179.71,-36.55,33.0,4.7,mb,us
2001-08-26,15:29:56,-159.36,-63.01,10.0,4.1,mb,us
2001-08-26,20:17:56,-179.42,-36.71,33.0,4.4,mb,us
2001-08-27,10:57:28,-173.78,-16.65,94.6,4.7,mb,us
2001-08-27,12:50:36,-179.65,-36.56,33.0,5.2,mwc,hrv
2001-08-27,14:07:19,-177.52,-16.54,418.8,4.4,mb,us
2001-08-27,14:56:33,-179.47,-36.8,33.0,5.2,mb,us
2001-08-27,20:38:27,-179.39,-37.13,33.0,5.0,mb,us
2001-08-27,23:42:59,-179.9,-37.21,33.0,4.6,mb,us
2001-08-28,00:28:14,-177.62,-19.76,500.0,4.5,mb,us
2001-08-28,03:33:11,-179.61,-36.92,33.0,4.5,mb,us
2001-08-28,03:50:00,-179.68,-37.12,33.0,4.2,ml,wel
2001-08-28,07:45:28,-179.29,-37.13,33.0,4.4,mb,us
2001-08-28,08:53:17,-179.44,-36.6,33.0,4.3,ml,wel
2001-08-28,12:45:01,-179.69,-36.77,33.0,4.4,mb,us
2001-08-28,16:05:36,-179.62,-37.01,33.0,4.7,mb,us
2001-08-29,01:59:15,-179.8,-24.01,600.0,4.1,mb,us
2001-08-29,03:48:27,-179.73,-36.88,33.0,4.7,mb,us
2001-08-29,03:52:24,-179.08,-36.46,33.0,4.0,mb,us
2001-08-29,04:26:08,-179.56,-36.94,33.0,4.6,ml,wel
2001-08-29,04:49:14,-179.64,-23.84,600.0,4.8,mb,us
2001-08-29,13:04:10,-179.9,-36.89,33.0,4.4,mb,us
2001-08-29,13:53:41,-179.27,-36.56,33.0,4.8,ml,wel
2001-08-29,13:54:59,-179.46,-36.54,33.0,5.1,mwc,hrv
2001-08-29,14:28:01,-179.45,-36.19,33.0,4.4,mb,us
2001-08-29,16:50:59,-178.96,-21.12,600.0,3.6,mb,us
2001-08-29,17:19:08,-179.43,-37.11,33.0,4.3,ml,wel
2001-08-30,17:37:43,-179.55,-36.33,33.0,4.8,mb,us
2001-08-30,22:36:54,-179.69,-37.42,33.0,4.8,mb,us
2001-08-31,02:12:58,-179.69,-36.93,34.3,4.4,mb,us
2001-08-31,03:56:12,-179.25,-37.4,33.0,4.4,ml,wel
2001-08-31,04:40:26,-174.43,-21.3,33.0,3.9,mb,us
2001-08-31,09:19:28,-179.47,-36.57,33.2,4.8,mb,us
2001-08-31,10:27:44,-179.72,-36.77,35.4,3.8,mb,us
2001-08-31,12:58:40,-179.66,-37.0,37.4,4.1,mb,us
2001-08-31,14:41:14,-179.56,-36.52,32.6,4.8,mb,us
2001-08-31,18:00:52,-179.31,-36.56,33.0,4.6,mb,us
2001-09-01,01:55:03,-178.7,-17.88,628.5,4.2,mb,us
2001-09-01,21:17:36,-178.63,-20.89,557.3,4.3,mb,us
2001-09-02,01:02:14,-179.9,-23.55,500.0,4.4,mb,us
2001-09-02,07:07:15,-179.56,-37.01,33.0,4.0,mb,us
2001-09-02,10:06:52,-137.02,-54.36,10.0,6.3,mwc,hrv
2001-09-02,11:13:51,-136.62,-54.37,10.0,5.9,mwc,hrv
2001-09-02,14:45:44,-177.17,-21.45,272.2,3.9,mb,us
2001-09-03,00:02:35,-179.67,-36.66,33.0,4.6,mb,us
2001-09-04,00:15:05,-179.55,-37.39,33.0,4.4,ml,wel
2001-09-04,02:26:25,-179.31,-36.64,33.0,4.1,ml,wel
2001-09-04,05:53:38,-177.92,-20.38,400.0,3.9,mb,us
2001-09-04,22:10:08,-179.13,-17.63,600.0,4.3,mb,us
2001-09-05,16:36:06,-179.39,-36.56,33.0,4.6,mb,us
2001-09-05,19:15:41,-178.81,-36.59,33.0,4.6,ml,wel
2001-09-06,06:47:10,-179.31,-21.39,600.0,4.4,mb,us
2001-09-07,06:15:12,-177.92,-20.16,500.0,4.0,mb,us
2001-09-07,15:36:42,-175.47,-15.38,300.0,4.3,mb,us
2001-09-07,16:22:52,-172.87,-17.19,33.0,4.5,mb,us
2001-09-07,21:07:28,-178.63,-17.74,600.0,4.8,mb,us
2001-09-07,22:41:50,-178.66,-17.9,600.0,4.6,mb,us
2001-09-07,23:23:14,-179.51,-16.69,500.0,4.5,mb,us
2001-09-08,16:22:51,-177.37,-17.24,350.0,4.6,mb,us
2001-09-09,09:25:44,-179.54,-36.61,33.0,4.4,ml,wel
2001-09-09,13:50:40,-177.17,-17.82,200.0,4.4,mb,us
2001-09-09,14:51:07,-178.92,-17.67,600.0,4.1,mb,us
2001-09-09,15:41:28,-179.39,-21.31,600.0,4.1,mb,us
2001-09-09,20:30:33,-178.67,-17.79,600.0,4.4,mb,us
2001-09-09,23:38:54,-179.28,-36.72,33.0,4.9,mb,us
2001-09-09,23:43:40,-179.14,-36.79,33.0,4.1,mb,us
2001-09-09,23:48:40,-179.29,-36.62,33.0,4.6,mb,us
2001-09-10,00:37:58,-179.11,-36.75,33.0,4.2,ml,wel
2001-09-10,01:33:06,-179.24,-36.67,33.0,4.1,ml,wel
2001-09-10,03:13:33,-179.1,-36.75,33.0,4.3,ml,wel
2001-09-10,05:58:59,-179.84,-36.84,33.0,4.0,ml,wel
2001-09-10,07:16:39,-179.62,-36.94,33.0,4.7,mb,us
2001-09-10,07:31:07,-179.77,-36.65,33.0,4.2,ml,wel
2001-09-10,08:23:11,-179.61,-37.15,33.0,4.6,ml,wel
2001-09-10,10:22:46,-141.89,-56.51,10.0,5.1,mwc,hrv
2001-09-10,11:13:34,-179.32,-37.2,33.0,4.7,mb,us
2001-09-10,11:19:23,-179.49,-36.86,33.0,3.8,ml,wel
2001-09-10,13:43:04,-179.38,-36.87,33.0,3.8,mb,us
2001-09-10,13:57:24,-179.66,-36.88,33.0,4.8,mb,us
2001-09-10,14:16:42,-179.34,-36.89,33.0,4.2,ml,wel
2001-09-10,14:20:27,-179.37,-36.98,33.0,3.9,mb,us
2001-09-10,14:27:05,-179.57,-36.72,33.0,4.2,mb,us
2001-09-10,14:27:52,-179.74,-36.79,33.0,5.1,mb,us
2001-09-10,14:29:48,-179.82,-37.01,33.0,4.7,mb,us
2001-09-10,14:46:08,-179.57,-36.69,33.0,4.4,mb,us
2001-09-10,14:57:47,-179.75,-36.77,33.0,4.0,mb,us
2001-09-10,16:13:36,-179.11,-36.76,33.0,4.0,ml,wel
2001-09-10,16:18:56,-179.54,-36.89,33.0,3.8,ml,wel
2001-09-10,17:54:32,-179.65,-36.71,33.0,4.5,mb,us
2001-09-10,19:04:40,-179.5,-36.8,33.0,4.6,ml,wel
2001-09-11,01:21:16,-179.73,-36.88,33.0,4.3,mb,us
2001-09-11,01:29:07,-179.7,-36.83,33.0,4.4,mb,us
2001-09-11,01:30:48,-179.18,-36.27,33.0,4.4,mb,us
2001-09-11,01:40:51,-179.46,-37.24,33.0,4.5,mb,us
2001-09-11,02:30:48,-137.19,-53.77,10.0,4.9,mb,us
2001-09-11,03:55:21,-179.71,-36.71,33.0,4.5,mb,us
2001-09-11,09:26:32,-179.37,-36.78,33.0,4.3,ml,wel
2001-09-11,14:23:32,-178.2,-19.98,500.0,4.3,mb,us
2001-09-11,15:59:17,-179.44,-36.86,33.0,3.8,ml,wel
2001-09-11,20:24:15,-179.28,-37.17,33.0,4.1,ml,wel
2001-09-12,00:12:10,-177.31,-25.92,150.0,4.6,mb,us
2001-09-12,01:40:44,-179.81,-37.05,33.0,4.7,mb,us
2001-09-12,03:08:15,-179.32,-36.01,33.0,4.1,ml,wel
2001-09-12,07:46:14,-178.79,-20.14,600.0,3.9,mb,us
2001-09-12,08:00:20,-142.39,-56.47,10.0,4.1,mb,us
2001-09-12,08:48:37,-179.11,-20.99,608.1,6.5,mwc,hrv
2001-09-12,13:42:45,-178.07,-29.39,33.0,4.6,mb,us
2001-09-12,14:37:06,-177.92,-30.22,100.0,4.6,mb,us
2001-09-12,17:23:09,-178.79,-15.14,300.0,4.2,mb,us
2001-09-13,00:17:24,-176.78,-24.06,33.0,4.8,mb,us
2001-09-13,03:48:32,-179.11,-21.09,619.3,5.5,mwc,hrv
2001-09-13,06:02:09,-178.76,-36.91,33.0,4.3,ml,wel
2001-09-13,06:57:44,-178.78,-36.91,33.0,4.7,mb,us
2001-09-13,07:52:01,-179.06,-36.87,33.0,4.0,ml,wel
2001-09-13,08:08:24,-178.7,-37.22,33.0,3.9,ml,wel
2001-09-13,12:08:41,-179.38,-36.76,33.0,3.9,ml,wel
2001-09-13,17:05:45,-136.36,-54.37,10.0,4.8,mb,us
2001-09-13,22:34:21,-179.69,-36.83,33.0,4.7,mb,us
2001-09-14,11:47:21,-177.74,-29.65,48.4,5.2,mwc,hrv
2001-09-15,15:04:34,-175.01,-22.39,10.0,6.0,mwb,us
2001-09-16,00:24:10,-178.99,-25.03,400.0,4.0,mb,us
2001-09-16,00:27:21,-175.07,-22.52,10.0,4.5,mb,us
2001-09-16,06:23:47,-179.75,-22.06,600.0,4.3,mb,us
2001-09-16,19:51:53,-136.64,-54.37,10.0,4.7,mb,us
2001-09-16,20:59:23,-179.4,-36.85,33.0,4.0,mb,us
2001-09-17,05:03:37,-178.44,-20.95,500.0,3.9,mb,us
2001-09-17,15:40:53,-174.84,-22.65,33.0,4.3,mb,us
2001-09-17,16:21:42,-174.9,-22.43,33.0,4.9,mb,us
2001-09-18,06:50:45,-179.67,-36.52,33.0,4.5,mb,us
2001-09-18,10:34:24,-176.66,-27.93,33.0,5.5,mwc,hrv
2001-09-18,13:02:29,-179.18,-36.41,33.0,3.8,mb,us
2001-09-19,06:48:35,-175.22,-22.29,33.0,3.8,mb,us
2001-09-19,16:39:41,-179.19,-20.92,600.0,4.4,mb,us
2001-09-19,18:59:54,-179.24,-36.52,33.0,4.2,mb,us
2001-09-20,07:20:52,-178.08,-18.12,600.0,4.2,mb,us
2001-09-20,07:29:43,-179.6,-22.05,600.0,3.7,mb,us
2001-09-21,17:07:10,-174.89,-15.67,33.0,4.4,mb,us
2001-09-22,02:27:54,-178.16,-30.66,64.0,4.7,mb,us
2001-09-22,10:42:16,-174.85,-18.63,145.5,4.4,mb,us
2001-09-22,13:29:12,-179.93,-37.0,33.0,5.0,mwc,hrv
2001-09-22,16:35:07,-179.99,-37.16,33.0,4.3,mb,us
2001-09-23,10:41:25,-177.75,-26.38,140.1,4.5,mb,us
2001-09-23,14:41:16,-178.91,-36.57,33.0,4.2,mb,us
2001-09-23,22:30:07,-173.34,-20.36,33.0,4.4,mb,us
2001-09-24,00:36:33,-177.18,-25.63,33.0,4.4,mb,us
2001-09-24,12:58:18,-179.18,-17.37,550.0,4.7,mb,us
2001-09-24,20:37:12,-176.56,-27.9,33.0,4.6,mb,us
2001-09-25,05:29:17,-177.82,-28.11,155.4,5.4,mwc,hrv
2001-09-25,05:51:39,-174.66,-15.59,33.0,4.6,mb,us
2001-09-25,21:21:04,-177.41,-20.07,400.0,4.1,mb,us
2001-09-26,08:58:34,-179.72,-36.96,33.0,4.3,ml,wel
2001-09-26,15:57:01,-173.6,-15.22,33.0,5.1,mb,us
2001-09-27,01:50:58,-174.73,-16.31,261.4,5.4,mwc,hrv
2001-09-27,03:13:24,-178.54,-17.37,500.0,3.9,mb,us
2001-09-27,03:21:40,-179.64,-31.7,300.0,3.4,mb,us
2001-09-28,00:13:24,-179.86,-22.38,600.0,4.8,mb,us
2001-09-28,04:53:09,-175.03,-17.1,249.5,4.8,mb,us
2001-09-28,11:49:18,-179.57,-31.42,225.6,4.7,mb,us
2001-09-28,15:43:14,-179.56,-36.66,33.0,4.4,ml,wel
2001-09-29,19:06:32,-179.38,-37.19,47.7,4.2,mb,us
2001-09-30,21:27:26,-178.49,-20.88,600.0,4.8,mb,us
2001-10-01,08:53:54,-178.61,-17.91,600.0,3.9,mb,us
2001-10-01,09:09:37,-173.99,-19.37,33.0,4.5,mb,us
2001-10-01,09:16:41,-178.01,-18.62,600.0,4.1,mb,us
2001-10-01,09:16:46,-177.88,-18.69,600.0,4.5,mb,us
2001-10-01,12:06:56,-175.62,-19.3,33.0,4.5,mb,us
2001-10-02,00:48:19,-173.82,-16.18,106.9,6.2,mwb,us
2001-10-02,01:43:19,-179.83,-22.57,600.0,4.2,mb,us
2001-10-02,02:51:50,-175.11,-23.68,33.0,4.6,mb,us
2001-10-02,16:05:29,-179.25,-36.8,33.0,4.2,ml,wel
2001-10-03,02:19:56,-175.54,-22.4,33.0,4.2,mb,us
2001-10-03,02:31:23,-177.55,-30.18,33.0,5.2,mwc,hrv
2001-10-03,07:46:38,-172.68,-15.56,33.0,4.6,mb,us
2001-10-03,10:47:09,-177.65,-30.1,33.0,4.7,mb,us
2001-10-03,22:40:05,-179.52,-36.71,33.0,4.1,ml,wel
2001-10-04,08:34:57,-178.82,-21.01,600.0,4.5,mb,us
2001-10-04,17:09:28,-172.82,-15.57,33.0,4.9,ms,us
2001-10-04,22:38:40,-175.23,-22.59,33.0,4.3,mb,us
2001-10-05,15:46:32,-178.84,-31.67,181.9,4.6,mb,us
2001-10-05,17:54:47,-173.64,-15.22,33.0,5.4,mwc,hrv
2001-10-05,22:09:52,-178.87,-17.36,495.7,4.0,mb,us
2001-10-06,09:15:56,-179.17,-21.25,615.4,4.4,mb,us
2001-10-07,07:43:52,-179.93,-23.84,539.6,4.8,mb,us
2001-10-07,08:11:41,-177.06,-27.5,58.2,4.6,mb,us
2001-10-07,08:35:52,-178.35,-28.04,250.0,3.9,mb,us
2001-10-07,21:43:06,-180.0,-23.72,550.0,4.3,mb,us
2001-10-07,23:36:14,-178.91,-20.91,600.0,4.3,mb,us
2001-10-08,02:41:23,-174.03,-16.72,69.8,4.1,mb,us
2001-10-08,11:17:41,-177.59,-30.05,33.0,4.9,mb,us
2001-10-09,11:45:02,-178.57,-20.71,600.0,4.0,mb,us
2001-10-09,14:35:57,-136.69,-54.22,10.0,5.2,mwc,hrv
2001-10-09,14:55:25,-174.61,-21.57,33.0,4.3,mb,us
2001-10-09,17:45:33,-175.5,-23.22,33.0,5.5,mwc,hrv
2001-10-09,17:58:10,-175.56,-23.18,33.0,4.7,mb,us
2001-10-09,20:08:13,-175.56,-23.17,33.0,4.8,mb,us
2001-10-09,20:12:02,-175.65,-23.25,33.0,5.3,mwc,hrv
2001-10-09,20:19:55,-175.55,-23.17,33.0,4.9,mb,us
2001-10-09,20:20:38,-175.45,-23.21,33.0,5.0,mb,us
2001-10-09,20:42:07,-175.51,-23.15,33.0,5.2,mwc,hrv
2001-10-10,02:42:13,-175.61,-23.19,33.0,4.4,mb,us
2001-10-10,02:48:11,-175.68,-23.31,33.0,4.7,mb,us
2001-10-10,03:34:14,-178.33,-28.34,200.0,4.1,mb,us
2001-10-10,03:47:21,-175.58,-23.14,33.0,4.6,mb,us
2001-10-10,08:56:31,-175.53,-23.2,33.0,4.8,mb,us
2001-10-10,09:49:02,-178.68,-20.38,600.0,4.5,mb,us
2001-10-10,09:57:49,-175.64,-23.16,33.0,4.3,mb,us
2001-10-10,13:10:00,-174.88,-17.48,33.0,4.7,mb,us
2001-10-10,15:20:15,-179.48,-31.58,33.0,4.5,mb,us
2001-10-10,16:18:49,-179.89,-23.85,520.8,5.5,mwc,hrv
2001-10-10,16:37:35,-178.01,-31.85,33.0,4.2,mb,us
2001-10-10,16:41:16,-175.45,-23.31,33.0,4.6,mb,us
2001-10-10,17:23:47,-179.13,-31.33,33.0,4.9,mb,us
2001-10-10,18:10:23,-175.59,-23.22,33.0,4.6,mb,us
2001-10-11,11:03:24,-175.38,-23.05,33.0,4.6,mb,us
2001-10-11,11:38:57,-175.45,-23.15,33.0,4.6,mb,us
2001-10-11,17:00:48,-175.54,-23.1,33.0,4.7,mb,us
2001-10-11,23:08:11,-173.85,-19.92,33.0,4.5,mb,us
2001-10-12,08:26:33,-178.27,-20.0,581.5,4.6,mb,us
2001-10-12,17:31:15,-178.46,-20.44,590.6,4.2,mb,us
2001-10-12,21:02:20,-178.9,-17.91,669.7,4.5,mb,us
2001-10-13,07:27:53,-178.69,-21.18,526.7,4.3,mb,us
2001-10-14,09:09:28,-176.76,-26.94,33.0,4.6,mb,us
2001-10-14,13:56:05,-177.71,-19.19,602.0,3.9,mb,us
2001-10-14,15:12:45,-173.62,-19.52,33.0,4.2,mb,us
2001-10-14,18:14:03,-178.09,-18.48,450.0,3.8,mb,us
2001-10-14,21:47:40,-179.45,-29.93,416.0,4.4,mb,us
2001-10-15,00:32:17,-174.99,-15.96,33.0,5.4,mwc,hrv
2001-10-15,06:39:01,-174.92,-22.06,33.0,4.6,mb,us
2001-10-16,16:17:54,-179.49,-36.95,33.0,4.1,ml,wel
2001-10-16,20:18:56,-178.29,-18.1,600.0,4.0,mb,us
2001-10-16,22:29:30,-177.61,-18.93,500.0,3.7,mb,us
2001-10-17,11:33:51,-178.32,-17.65,500.0,4.4,mb,us
2001-10-17,20:18:33,-177.67,-16.55,500.0,4.2,mb,us
2001-10-17,20:25:15,-179.35,-20.75,656.7,4.8,mb,us
2001-10-17,21:13:41,-174.96,-16.95,230.3,4.7,mb,us
2001-10-18,08:01:00,-177.14,-25.74,33.0,4.2,mb,us
2001-10-18,12:55:59,-126.91,-55.09,10.0,5.6,mwc,hrv
2001-10-18,13:48:55,-177.66,-19.63,500.0,3.9,mb,us
2001-10-19,20:35:06,-176.15,-20.05,232.8,4.2,mb,us
2001-10-20,12:40:08,-172.43,-15.27,33.0,4.9,mb,us
2001-10-20,17:49:05,-174.73,-18.66,33.0,4.6,mb,us
2001-10-21,03:26:01,-179.9,-37.08,33.0,4.1,ml,wel
2001-10-21,21:19:23,-179.99,-37.01,10.0,4.3,mb,us
2001-10-21,22:24:08,-131.09,-54.56,10.0,4.2,mb,us
2001-10-22,00:11:48,-179.95,-37.2,33.0,4.3,ml,wel
2001-10-22,06:46:48,-179.12,-20.91,622.5,5.6,mwc,hrv
2001-10-22,15:58:34,-179.83,-37.46,10.0,4.3,ml,wel
2001-10-22,22:10:38,-173.96,-15.86,33.0,4.5,mb,us
2001-10-23,07:26:37,-178.29,-17.8,400.0,4.2,mb,us
2001-10-23,23:03:30,-178.05,-31.61,33.0,4.9,mb,us
2001-10-24,00:35:22,-177.95,-31.61,33.0,5.1,mb,us
2001-10-24,01:57:34,-178.1,-31.64,33.0,4.5,mb,us
2001-10-24,03:20:49,-175.19,-17.2,300.0,4.0,mb,us
2001-10-24,03:45:20,-174.59,-17.15,33.0,4.5,mb,us
2001-10-24,14:59:47,-179.77,-23.9,500.0,4.3,mb,us
2001-10-24,16:19:47,-179.8,-37.32,33.0,4.2,ml,wel
2001-10-25,08:13:00,-178.99,-17.32,600.0,3.8,mb,us
2001-10-25,11:06:42,-178.65,-20.74,600.0,3.5,mb,us
2001-10-25,21:29:37,-177.31,-19.29,500.0,4.2,mb,us
2001-10-26,07:25:33,-179.92,-37.09,33.0,4.2,ml,wel
2001-10-26,09:17:49,-179.89,-36.98,33.0,4.3,ml,wel
2001-10-27,00:43:10,-179.78,-37.23,33.0,4.0,ml,wel
2001-10-27,03:54:11,-177.69,-20.28,500.0,4.4,mb,us
2001-10-27,07:55:42,-178.03,-27.92,33.0,4.9,mb,us
2001-10-27,16:46:34,-179.82,-37.52,33.0,4.2,ml,wel
2001-10-28,18:57:08,-177.61,-25.94,178.0,4.8,mb,us
2001-10-28,20:24:06,-176.72,-21.8,189.7,5.7,mwc,hrv
2001-10-29,11:47:31,-179.81,-37.73,10.0,4.2,ml,wel
2001-10-29,13:44:37,-179.97,-37.2,33.0,4.1,ml,wel
2001-10-29,15:40:17,-178.17,-17.97,500.0,4.6,mb,us
2001-10-29,16:26:32,-180.0,-37.91,10.0,4.2,mb,us
2001-10-30,08:50:10,-177.47,-19.17,500.0,4.1,mb,us
2001-10-30,20:57:05,-174.17,-14.87,33.0,4.5,mb,us
2001-10-31,04:31:03,-177.49,-24.53,127.7,5.6,mwc,hrv
2001-10-31,08:59:49,-176.56,-24.31,33.0,4.5,mb,us
2001-11-01,00:08:34,-177.49,-15.0,400.0,4.1,mb,us
2001-11-01,07:20:00,-179.39,-25.26,500.0,4.2,mb,us
2001-11-01,18:38:50,-179.46,-16.4,522.8,4.2,mb,us
2001-11-03,09:48:10,-177.85,-20.13,394.2,5.3,mwc,hrv
2001-11-03,11:23:47,-177.31,-16.85,33.0,4.6,mb,us
2001-11-04,01:27:12,-175.43,-23.13,42.3,4.5,mb,us
2001-11-04,22:48:52,-178.96,-30.94,100.0,4.8,mb,us
2001-11-05,03:59:10,-174.22,-21.01,33.0,4.4,mb,us
2001-11-05,07:07:18,-178.59,-20.61,600.0,4.0,mb,us
2001-11-05,11:10:08,-178.16,-18.07,600.0,4.5,mb,us
2001-11-05,23:07:12,-179.25,-17.29,564.1,6.3,mwc,hrv
2001-11-06,00:03:19,-178.99,-21.44,600.0,4.4,mb,us
2001-11-06,16:54:49,-178.64,-22.49,500.0,4.3,mb,us
2001-11-06,22:13:50,-176.71,-21.84,150.0,4.8,mb,us
2001-11-07,02:26:57,-178.1,-17.99,600.0,3.7,mb,us
2001-11-07,04:25:27,-178.41,-18.07,600.0,4.2,mb,us
2001-11-07,04:55:32,-175.33,-17.14,250.0,4.2,mb,us
2001-11-07,06:22:03,-179.9,-23.13,500.0,3.9,mb,us
2001-11-07,09:40:08,-178.92,-21.2,600.0,4.3,mb,us
2001-11-07,11:28:39,-179.9,-23.32,500.0,4.3,mb,us
2001-11-07,16:06:25,-175.23,-18.22,33.0,4.1,mb,us
2001-11-07,16:10:22,-178.49,-28.54,219.5,4.8,mb,us
2001-11-07,16:30:12,-177.37,-24.59,33.0,4.6,mb,us
2001-11-09,02:38:48,-179.7,-34.44,33.0,4.9,mb,us
2001-11-09,11:04:53,-178.36,-31.63,33.0,5.2,mwc,hrv
2001-11-09,15:02:35,-173.92,-15.22,33.0,4.6,mb,us
2001-11-09,17:47:31,-178.47,-20.18,500.0,4.3,mb,us
2001-11-09,23:09:21,-176.24,-19.46,300.0,4.2,mb,us
2001-11-11,00:10:27,-173.38,-15.24,33.0,4.6,mb,us
2001-11-11,04:40:09,-178.55,-20.9,550.0,4.3,mb,us
2001-11-11,18:27:11,-174.68,-21.24,39.4,5.4,mwc,hrv
2001-11-12,07:18:21,-178.2,-20.47,500.0,4.0,mb,us
2001-11-12,10:42:47,-178.32,-20.27,550.0,4.8,mb,us
2001-11-13,06:18:08,-179.97,-23.79,550.0,4.1,mb,us
2001-11-13,15:43:33,-177.34,-23.9,300.0,3.7,mb,us
2001-11-13,16:02:38,-178.7,-17.43,543.4,5.5,mwc,hrv
2001-11-14,13:38:46,-174.2,-15.11,92.1,5.3,mb,us
2001-11-14,16:52:44,-175.89,-20.28,165.5,5.1,mb,us
2001-11-15,08:13:31,-176.63,-20.28,300.0,4.6,mb,us
2001-11-15,19:07:48,-177.5,-28.1,33.0,4.2,mb,us
2001-11-15,20:06:58,-129.68,-25.14,10.0,4.4,mb,us
2001-11-16,12:36:56,-174.14,-17.29,131.2,5.3,mwc,hrv
2001-11-17,00:16:01,-175.15,-22.76,33.0,4.5,mb,us
2001-11-17,02:02:17,-175.72,-18.26,250.0,4.3,mb,us
2001-11-17,02:20:34,-179.24,-17.22,565.1,4.2,mb,us
2001-11-18,04:55:04,-179.97,-23.44,550.0,4.7,mb,us
2001-11-18,08:03:05,-175.01,-16.98,250.0,3.9,mb,us
2001-11-18,08:11:48,-179.06,-16.64,500.0,4.2,mb,us
2001-11-19,01:51:26,-177.32,-25.8,200.0,4.2,mb,us
2001-11-20,05:41:18,-179.35,-31.14,200.0,4.1,mb,us
2001-11-20,07:26:17,-179.75,-37.28,33.0,4.3,ml,wel
2001-11-22,04:17:27,-176.72,-31.07,33.0,5.8,mwc,hrv
2001-11-22,15:28:14,-179.13,-17.69,600.0,4.7,mb,us
2001-11-23,10:32:26,-129.74,-25.07,10.0,4.6,mb,us
2001-11-24,05:26:24,-178.15,-30.77,50.7,4.9,mb,us
2001-11-24,11:03:05,-179.03,-29.79,351.2,4.4,mb,us
2001-11-25,03:37:30,-178.16,-16.0,33.0,4.5,mb,us
2001-11-25,04:02:08,-177.06,-17.9,350.0,3.9,mb,us
2001-11-25,14:52:03,-178.3,-29.63,33.0,4.6,mb,us
2001-11-26,14:20:37,-177.83,-20.48,500.0,4.4,mb,us
2001-11-27,00:00:20,-177.69,-14.87,400.0,4.1,mb,us
2001-11-27,00:53:46,-178.57,-33.23,10.0,6.0,mwb,us
2001-11-27,01:19:34,-177.55,-20.42,400.0,4.6,mb,us
2001-11-27,02:11:47,-177.33,-19.61,400.0,4.5,mb,us
2001-11-27,02:26:47,-178.77,-33.17,10.0,5.4,mwc,hrv
2001-11-27,03:11:01,-179.48,-32.63,10.0,4.5,mb,us
2001-11-27,03:46:02,-179.85,-37.26,12.0,4.6,ml,wel
2001-11-27,03:50:20,-178.88,-31.97,10.0,4.1,mb,us
2001-11-27,05:19:09,-178.1,-15.77,33.0,4.4,mb,us
2001-11-27,16:42:38,-176.48,-15.86,400.0,4.4,mb,us
2001-11-27,18:12:07,-176.21,-19.37,300.0,4.0,mb,us
2001-11-28,00:48:33,-178.67,-33.0,10.0,5.2,mwc,hrv
2001-11-28,01:20:56,-178.48,-32.82,10.0,4.9,mb,us
2001-11-28,05:29:54,-178.44,-32.69,10.0,4.8,mb,us
2001-11-28,09:02:18,-178.64,-32.93,10.0,4.8,mb,us
2001-11-28,11:51:13,-179.98,-23.51,600.0,4.7,mb,us
2001-11-29,00:21:14,-178.51,-33.0,10.0,5.0,mb,us
2001-11-29,00:30:36,-178.43,-33.02,10.0,4.6,mb,us
2001-11-29,04:17:53,-179.56,-21.86,600.0,4.6,mb,us
2001-11-29,04:51:21,-179.81,-22.4,600.0,4.4,mb,us
2001-11-29,19:37:35,-173.45,-15.1,33.0,5.4,mwc,hrv
2001-11-30,06:15:14,-173.65,-15.11,33.0,5.2,mwc,hrv
2001-11-30,11:50:12,-174.19,-16.64,33.0,4.5,mb,us
2001-11-30,14:13:06,-178.48,-33.18,10.0,5.3,mwc,hrv
2001-11-30,14:27:11,-178.58,-33.34,10.0,4.5,mb,us
2001-11-30,14:42:55,-178.97,-32.09,10.0,4.6,mb,us
2001-11-30,17:00:31,-179.36,-21.02,650.0,4.2,mb,us
2001-11-30,17:24:10,-178.62,-20.04,649.7,4.7,mb,us
2001-11-30,18:02:06,-178.48,-33.25,10.0,5.7,mwb,us
2001-11-30,18:24:07,-178.72,-33.26,10.0,4.7,mb,us
2001-11-30,18:58:54,-178.69,-32.41,10.0,4.8,mb,us
2001-11-30,20:24:01,-178.47,-33.23,10.0,5.4,mwc,hrv
2001-11-30,20:53:43,-179.02,-29.72,10.0,4.9,mb,us
2001-11-30,21:08:22,-178.61,-33.11,10.0,5.2,mwc,hrv
2001-11-30,23:19:33,-178.81,-32.04,10.0,5.1,mb,us
2001-12-01,01:19:12,-178.45,-33.06,10.0,4.8,mb,us
2001-12-01,02:15:56,-178.65,-33.01,10.0,4.7,mb,us
2001-12-01,02:40:44,-178.48,-32.83,10.0,4.7,mb,us
2001-12-01,02:44:45,-178.58,-33.95,10.0,4.9,mb,us
2001-12-01,02:46:12,-178.86,-33.63,10.0,4.7,mb,us
2001-12-01,02:48:11,-178.31,-33.24,10.0,4.8,mb,us
2001-12-01,02:52:26,-178.76,-33.51,10.0,4.7,mb,us
2001-12-02,07:10:58,-179.59,-17.78,600.0,4.3,mb,us
2001-12-03,11:32:30,-177.54,-16.5,10.0,6.4,mwc,hrv
2001-12-04,07:22:21,-150.89,-59.37,10.0,5.4,mwc,hrv
2001-12-04,17:33:04,-177.52,-32.16,33.0,4.2,mb,us
2001-12-05,05:31:36,-179.69,-32.82,75.7,4.4,mb,us
2001-12-06,02:20:18,-158.3,-62.46,10.0,4.4,mb,us
2001-12-06,15:47:21,-174.18,-16.41,33.0,4.4,mb,us
2001-12-06,21:12:15,-179.05,-33.74,33.0,4.8,mb,us
2001-12-07,05:13:41,-176.36,-29.95,42.8,4.9,mb,us
2001-12-09,09:55:28,-178.68,-33.47,10.0,4.7,mb,us
2001-12-09,21:04:55,-178.47,-27.48,301.4,4.6,mb,us
2001-12-10,05:29:45,-178.78,-17.62,570.4,4.7,mb,us
2001-12-10,17:12:44,-178.84,-20.8,628.7,4.5,mb,us
2001-12-11,15:30:18,-177.98,-18.63,600.0,4.6,mb,us
2001-12-11,15:35:08,-177.9,-18.74,600.0,4.4,mb,us
2001-12-12,16:15:43,-129.72,-55.23,10.0,4.9,mb,us
2001-12-13,03:00:18,-178.61,-17.48,600.0,4.3,mb,us
2001-12-13,06:52:33,-177.62,-18.79,367.2,4.7,mb,us
2001-12-13,22:40:24,-178.32,-20.9,600.0,4.7,mb,us
2001-12-15,00:35:32,-177.43,-29.68,61.4,4.4,mb,us
2001-12-15,17:34:17,-176.04,-24.54,33.0,5.1,mwc,hrv
2001-12-16,05:38:45,-178.16,-18.23,600.0,4.6,mb,us
2001-12-16,09:31:36,-178.84,-20.31,600.0,4.3,mb,us
2001-12-16,12:51:14,-178.28,-21.75,450.0,3.8,mb,us
2001-12-17,00:59:56,-177.77,-25.62,183.6,4.5,mb,us
2001-12-19,02:47:08,-173.54,-16.2,33.0,4.2,mb,us
2001-12-20,04:23:30,-178.88,-33.29,33.0,4.9,mb,us
2001-12-20,16:17:01,-179.72,-22.5,600.0,4.6,mb,us
2001-12-23,15:42:59,-173.92,-15.83,33.0,4.7,mb,us
2001-12-24,09:15:39,-177.46,-15.82,33.0,4.5,mb,us
2001-12-24,22:22:26,-179.94,-23.73,500.0,3.5,mb,us
2001-12-25,02:21:19,-178.67,-33.0,33.0,4.5,mb,us
2001-12-25,03:04:30,-178.68,-17.36,500.0,4.3,mb,us
2001-12-25,04:22:57,-178.18,-30.32,57.8,5.2,mwc,hrv
2001-12-25,23:00:46,-178.09,-30.22,57.2,5.9,mwc,hrv
2001-12-26,00:47:09,-179.02,-30.62,400.0,3.4,mb,us
2001-12-26,01:32:15,-179.84,-31.91,300.0,4.5,mb,us
2001-12-26,03:35:31,-177.86,-30.25,33.0,5.1,mwc,hrv
2001-12-26,09:37:32,-174.23,-17.58,200.0,4.4,mb,us
2001-12-26,09:49:59,-178.49,-29.06,157.4,4.2,mb,us
2001-12-26,15:44:18,-176.68,-26.91,162.0,4.5,mb,us
2001-12-26,21:41:37,-177.71,-19.47,500.0,4.2,mb,us
2001-12-27,11:51:28,-179.23,-17.55,600.0,4.3,mb,us
2001-12-27,22:34:34,-178.33,-17.9,500.0,4.3,mb,us
2001-12-28,11:40:41,-177.88,-14.94,400.0,4.6,mb,us
2001-12-28,19:32:01,-176.01,-16.09,300.0,4.3,mb,us
2001-12-28,21:30:23,-177.68,-27.0,190.3,4.6,mb,us
2001-12-28,23:55:29,-173.82,-16.23,105.3,4.5,mb,us
2001-12-29,00:09:39,-178.79,-17.78,563.0,5.7,mwc,hrv
2001-12-30,01:08:46,-174.43,-16.3,131.1,4.2,mb,us
2001-12-30,07:58:07,-178.48,-17.84,600.0,4.4,mb,us
2001-12-31,12:10:25,-179.43,-32.98,250.0,3.8,mb,us
2001-12-31,12:32:00,-179.69,-32.29,250.0,4.3,mb,us
2002-01-01,09:10:54,-177.34,-32.12,33.0,4.6,mb,us
2002-01-01,10:39:07,-129.0,-55.21,10.0,6.0,mwc,hrv
2002-01-02,05:15:42,-178.55,-18.12,629.0,5.4,mwc,hrv
2002-01-02,05:23:02,-178.56,-18.02,631.4,5.3,mwc,hrv
2002-01-04,00:03:56,-179.4,-21.26,642.3,4.3,mb,us
2002-01-04,08:31:31,-174.63,-21.3,33.0,5.1,mwc,hrv
2002-01-05,22:12:05,-177.74,-14.65,101.2,4.9,mb,us
2002-01-06,11:17:28,-178.03,-22.14,350.0,4.3,mb,us
2002-01-06,13:12:50,-178.7,-31.11,33.0,4.5,mb,us
2002-01-06,23:19:53,-178.04,-15.59,400.0,4.0,mb,us
2002-01-07,02:04:01,-175.21,-15.05,200.0,4.3,mb,us
2002-01-07,15:49:08,-176.84,-25.05,33.0,4.7,mb,us
2002-01-08,07:23:59,-173.46,-15.15,33.0,4.4,mb,us
2002-01-08,12:56:27,-177.51,-32.01,33.0,4.7,mb,us
2002-01-08,13:04:26,-177.26,-17.67,163.6,4.2,mb,us
2002-01-08,14:41:35,-178.5,-17.69,500.0,4.3,mb,us
2002-01-09,01:03:39,-179.74,-24.34,489.0,5.4,mwc,hrv
2002-01-09,07:42:41,-175.88,-28.89,33.0,5.0,mwc,hrv
2002-01-09,12:27:17,-179.65,-30.1,500.0,4.8,mb,us
2002-01-10,01:04:40,-173.31,-19.2,33.0,4.8,mb,us
2002-01-10,08:36:46,-172.42,-17.72,33.0,5.4,mwc,hrv
2002-01-11,03:02:55,-130.62,-54.89,10.0,5.5,mwc,hrv
2002-01-11,10:52:43,-177.96,-30.06,58.6,5.0,mb,us
2002-01-12,22:54:12,-178.98,-18.11,594.1,4.5,mb,us
2002-01-13,02:21:54,-174.44,-17.55,156.1,4.7,mb,us
2002-01-13,06:01:52,-173.09,-16.24,33.0,4.3,mb,us
2002-01-13,08:57:43,-178.71,-17.38,500.0,4.1,mb,us
2002-01-13,11:04:20,-173.96,-20.44,33.0,5.6,mwc,hrv
2002-01-13,15:49:12,-174.77,-19.67,63.4,4.7,mb,us
2002-01-14,15:06:57,-179.89,-31.43,354.3,4.6,mb,us
2002-01-14,16:32:13,-174.83,-15.58,200.0,4.0,mb,us
2002-01-15,21:10:31,-178.44,-17.53,500.0,4.1,mb,us
2002-01-15,21:13:04,-178.73,-20.83,600.0,4.4,mb,us
2002-01-16,09:01:58,-179.0,-17.8,682.2,4.2,mb,us
2002-01-17,01:21:48,-179.14,-20.8,657.2,4.3,mb,us
2002-01-17,12:58:43,-177.43,-14.61,33.0,4.3,mb,us
2002-01-19,03:16:55,-177.74,-23.24,300.0,4.3,mb,us
2002-01-19,15:10:07,-176.3,-21.43,224.1,4.4,mb,us
2002-01-20,01:57:13,-179.37,-22.48,550.0,4.6,mb,us
2002-01-20,03:48:18,-177.97,-19.52,386.7,4.0,mb,us
2002-01-20,05:39:31,-178.64,-18.11,650.0,4.3,mb,us
2002-01-22,01:45:59,-173.35,-15.5,33.0,4.7,mb,us
2002-01-22,05:22:07,-177.87,-18.36,400.0,4.4,mb,us
2002-01-23,18:05:32,-177.68,-20.27,550.0,4.4,mb,us
2002-01-24,20:21:26,-175.67,-21.91,33.0,4.9,mb,us
2002-01-25,03:28:12,-178.76,-20.86,576.4,5.7,mwc,hrv
2002-01-25,13:28:09,-160.62,-62.35,10.0,4.3,mb,us
2002-01-26,08:19:50,-179.75,-22.08,609.4,4.2,mb,us
2002-01-26,10:31:19,-179.01,-17.42,550.0,4.8,mb,us
2002-01-27,02:42:26,-178.63,-17.92,600.0,4.4,mb,us
2002-01-27,03:04:14,-174.55,-21.7,33.0,5.3,mwc,hrv
2002-01-27,13:04:19,-178.64,-33.53,33.0,4.9,mb,us
2002-01-28,00:03:28,-176.23,-21.84,116.5,4.6,mb,us
2002-01-28,08:34:27,-179.88,-38.88,10.0,4.6,ml,wel
2002-01-28,10:23:35,-177.62,-22.3,300.0,4.3,mb,us
2002-01-28,11:09:13,-147.53,-17.82,12.0,1.7,ml,ppt
2002-01-28,15:09:56,-173.22,-15.3,33.0,6.2,mwc,hrv
2002-01-28,15:49:32,-173.47,-15.17,33.0,4.8,mb,us
2002-01-28,16:21:43,-177.65,-19.77,400.0,4.1,mb,us
2002-01-29,00:45:10,-173.46,-15.32,33.0,4.8,mb,us
2002-01-29,10:35:31,-177.82,-20.3,550.0,4.2,mb,us
2002-01-31,01:35:12,-178.06,-17.88,500.0,4.1,mb,us
2002-01-31,02:21:33,-175.28,-23.79,33.0,5.2,mwc,hrv
2002-01-31,21:50:44,-174.42,-21.88,33.0,4.5,mb,us
2002-02-01,09:26:37,-178.12,-18.9,650.0,4.4,mb,us
2002-02-01,10:03:05,-179.74,-22.35,600.0,4.7,mb,us
2002-02-01,19:58:39,-179.46,-31.9,350.0,4.1,mb,us
2002-02-02,10:52:24,-173.95,-15.05,33.0,4.5,mb,us
2002-02-03,02:55:30,-179.18,-29.95,400.0,4.4,mb,us
2002-02-03,06:44:19,-176.18,-19.92,200.0,4.3,mb,us
2002-02-04,14:09:33,-179.89,-23.6,566.0,4.3,mb,us
2002-02-04,17:06:49,-179.83,-23.66,400.0,4.2,mb,us
2002-02-05,07:56:04,-178.69,-17.84,583.9,4.7,mb,us
2002-02-05,11:34:30,-177.55,-29.44,33.0,4.9,mb,us
2002-02-05,15:12:26,-177.93,-20.77,500.0,4.3,mb,us
2002-02-05,20:45:39,-175.7,-19.46,33.0,4.7,mb,us
2002-02-06,00:40:34,-177.58,-26.42,200.0,4.4,mb,us
2002-02-06,19:55:30,-128.94,-55.18,10.0,5.5,mwc,hrv
2002-02-07,06:05:11,-179.0,-27.42,427.7,4.4,mb,us
2002-02-07,16:06:57,-177.96,-18.11,600.0,4.4,mb,us
2002-02-07,18:35:00,-178.7,-17.2,400.0,4.0,mb,us
2002-02-08,06:07:40,-178.06,-29.31,200.0,4.3,mb,us
2002-02-08,06:27:54,-173.75,-20.61,33.0,5.2,mwc,hrv
2002-02-08,09:53:33,-177.39,-32.32,33.0,4.4,mb,us
2002-02-08,18:49:32,-177.12,-28.25,33.0,5.3,mwc,hrv
2002-02-09,13:05:36,-178.9,-17.53,530.6,4.7,mb,us
2002-02-10,03:59:07,-179.09,-21.32,600.0,4.3,mb,us
2002-02-10,15:18:31,-173.92,-20.47,33.0,4.4,mb,us
2002-02-10,17:27:04,-178.39,-20.59,550.0,4.4,mb,us
2002-02-11,02:15:44,-179.84,-23.84,500.0,4.5,mb,us
2002-02-11,03:39:35,-178.5,-18.04,591.3,5.3,mwc,hrv
2002-02-12,09:23:35,-178.61,-17.97,600.0,4.6,mb,us
2002-02-12,10:37:40,-178.13,-20.34,550.0,4.5,mb,us
2002-02-12,12:49:16,-176.85,-15.95,400.0,4.1,mb,us
2002-02-12,13:08:58,-179.5,-37.16,33.0,4.7,mb,us
2002-02-12,22:11:03,-150.34,-19.1,12.0,1.6,ml,ppt
2002-02-14,09:41:21,-179.14,-16.98,400.0,3.7,mb,us
2002-02-14,14:39:47,-173.32,-15.34,33.0,5.1,mwc,hrv
2002-02-14,18:40:29,-179.14,-29.81,298.0,4.4,mb,us
2002-02-15,03:23:39,-178.75,-20.77,600.0,4.3,mb,us
2002-02-15,14:04:09,-173.91,-20.39,33.0,4.8,mb,us
2002-02-15,22:27:00,-176.03,-24.11,33.0,4.7,mb,us
2002-02-16,03:37:32,-174.71,-16.25,184.3,4.5,mb,us
2002-02-16,05:10:52,-174.01,-17.68,79.1,4.8,mb,us
2002-02-17,00:30:24,-177.54,-19.04,600.0,4.7,mb,us
2002-02-17,00:59:40,-179.89,-24.74,500.0,4.4,mb,us
2002-02-18,02:41:55,-177.09,-23.85,200.0,4.7,mb,us
2002-02-18,13:52:37,-179.21,-21.02,628.7,4.8,mb,us
2002-02-19,15:22:51,-173.1,-15.48,33.0,5.0,mb,us
2002-02-20,13:11:36,-173.8,-15.02,33.0,4.3,mb,us
2002-02-21,00:30:54,-176.37,-26.8,33.0,5.2,mwc,hrv
2002-02-21,01:48:18,-177.8,-19.48,600.0,4.2,mb,us
2002-02-21,15:31:06,-176.11,-15.3,33.0,5.4,mwc,hrv
2002-02-21,19:16:19,-178.43,-18.04,561.6,4.7,mb,us
2002-02-22,06:27:04,-173.15,-15.15,62.8,4.2,mb,us
2002-02-22,09:21:55,-179.43,-33.61,33.0,4.8,mb,us
2002-02-22,19:30:52,-176.31,-20.94,188.7,4.9,mb,us
2002-02-23,16:49:43,-178.8,-20.9,574.3,4.4,mb,us
2002-02-23,21:50:16,-178.03,-27.5,147.3,4.6,mb,us
2002-02-24,02:28:00,-179.95,-23.72,547.3,4.8,mb,us
2002-02-24,12:41:59,-179.64,-23.84,400.0,3.9,mb,us
2002-02-25,00:26:32,-178.63,-17.48,500.0,4.3,mb,us
2002-02-25,02:04:12,-179.98,-23.65,500.0,4.4,mb,us
2002-02-25,04:35:15,-178.68,-20.64,600.0,4.1,mb,us
2002-02-25,10:36:27,-176.14,-23.9,33.0,4.7,mb,us
2002-02-26,12:28:51,-174.53,-21.8,65.9,5.2,mwc,hrv
2002-02-26,16:11:58,-177.81,-20.24,516.5,4.5,mb,us
2002-02-27,11:03:37,-178.63,-17.95,600.0,4.1,mb,us
2002-02-27,13:02:40,-178.42,-17.98,500.0,3.9,mb,us
2002-02-28,18:33:46,-173.64,-20.51,33.0,4.6,mb,us
2002-03-01,06:39:29,-177.68,-16.68,400.0,4.4,mb,us
2002-03-01,09:21:00,-175.56,-19.11,227.8,5.3,mwc,hrv
2002-03-01,09:55:04,-179.39,-33.19,33.0,5.5,mwc,hrv
2002-03-01,13:00:37,-172.24,-16.21,33.0,4.7,mb,us
2002-03-02,02:32:26,-178.25,-19.11,600.0,4.6,mb,us
2002-03-02,08:52:55,-176.9,-31.86,33.0,4.7,mb,us
2002-03-02,16:19:20,-173.69,-16.84,33.0,4.6,mb,us
2002-03-03,23:49:58,-178.88,-31.36,100.0,4.6,mb,us
2002-03-04,06:41:09,-177.24,-25.12,100.0,4.6,mb,us
2002-03-04,06:59:03,-178.64,-17.9,600.0,4.2,mb,us
2002-03-04,16:07:35,-173.56,-16.93,83.5,5.2,mwc,hrv
2002-03-05,00:57:56,-173.73,-14.97,33.0,4.4,mb,us
2002-03-05,14:00:04,-158.1,-62.89,10.0,4.7,mb,us
2002-03-05,19:41:06,-178.33,-19.64,600.0,3.5,mb,us
2002-03-06,14:31:40,-178.16,-17.5,500.0,4.6,mb,us
2002-03-06,17:20:59,-173.99,-16.2,125.6,4.7,mb,us
2002-03-07,01:14:12,-177.74,-27.3,400.0,4.2,mb,us
2002-03-07,12:07:39,-177.36,-16.7,33.0,4.6,mb,us
2002-03-07,14:22:41,-177.19,-16.99,33.0,4.4,mb,us
2002-03-08,04:43:17,-179.52,-22.02,607.1,5.4,mwc,hrv
2002-03-08,07:29:26,-149.24,-21.12,12.0,2.1,ml,ppt
2002-03-08,20:56:26,-178.76,-17.75,550.0,4.5,mb,us
2002-03-09,00:28:00,-176.92,-18.06,384.1,4.4,mb,us
2002-03-09,03:39:23,-178.95,-18.03,563.5,4.7,mb,us
2002-03-09,14:09:09,-177.1,-29.35,33.0,5.6,mwc,hrv
2002-03-09,14:17:56,-176.94,-28.91,33.0,4.8,mb,us
2002-03-09,14:55:11,-179.84,-23.91,600.0,4.1,mb,us
2002-03-10,08:29:42,-178.74,-17.56,550.0,4.3,mb,us
2002-03-10,10:20:06,-177.07,-28.98,100.0,4.7,mb,us
2002-03-10,18:33:42,-177.53,-28.77,200.0,4.0,mb,us
2002-03-10,19:35:44,-174.52,-21.4,33.0,4.6,mb,us
2002-03-11,02:18:21,-150.13,-21.13,12.0,2.6,ml,ppt
2002-03-11,13:21:32,-174.31,-21.69,33.0,4.8,mb,us
2002-03-11,19:54:17,-174.06,-16.08,33.0,4.4,mb,us
2002-03-12,01:09:25,-176.19,-27.34,33.0,4.7,mb,us
2002-03-12,05:53:29,-178.65,-17.37,500.0,4.6,mb,us
2002-03-12,11:38:23,-179.94,-37.61,90.0,4.0,ml,wel
2002-03-14,04:53:55,-176.58,-27.17,33.0,4.7,mb,us
2002-03-14,08:41:10,-174.82,-18.03,128.7,4.5,mb,us
2002-03-14,12:44:10,-178.99,-15.45,400.0,4.1,mb,us
2002-03-14,17:22:28,-175.22,-18.18,261.9,4.9,mb,us
2002-03-14,21:11:05,-176.38,-27.45,33.0,4.8,mb,us
2002-03-14,22:54:46,-179.33,-17.77,639.5,4.6,mb,us
2002-03-16,04:05:46,-178.56,-33.08,33.0,4.7,mb,us
2002-03-16,09:41:15,-178.5,-29.98,300.0,4.8,mb,us
2002-03-16,17:57:25,-176.08,-19.86,217.5,4.5,mb,us
2002-03-16,19:07:01,-176.59,-27.23,33.0,5.0,mwc,hrv
2002-03-16,19:46:04,-175.84,-29.01,33.0,4.2,mb,us
2002-03-17,06:08:19,-177.24,-23.13,150.0,4.5,mb,us
2002-03-17,07:01:29,-176.82,-25.38,33.0,4.5,mb,us
2002-03-17,10:18:27,-173.34,-15.41,39.6,5.2,mwc,hrv
2002-03-17,20:50:32,-179.72,-33.26,33.0,5.6,mwc,hrv
2002-03-17,21:43:31,-179.79,-36.82,36.1,5.6,mwc,hrv
2002-03-17,22:13:18,-179.74,-36.87,35.1,5.5,mwc,hrv
2002-03-17,22:49:17,-179.74,-36.81,38.0,4.9,mb,us
2002-03-17,23:39:20,-179.48,-17.96,618.2,4.8,mb,us
2002-03-18,00:40:52,-179.34,-17.98,550.0,4.3,mb,us
2002-03-18,05:13:28,-172.86,-16.63,33.0,4.5,mb,us
2002-03-18,16:43:53,-179.26,-37.32,33.0,4.1,mb,us
2002-03-18,18:45:35,-179.75,-37.03,33.0,4.1,mb,us
2002-03-18,19:21:13,-179.42,-22.17,600.0,4.4,mb,us
2002-03-18,21:16:11,-179.5,-36.62,33.0,4.5,mb,us
2002-03-18,21:19:21,-179.72,-36.87,33.0,4.9,mb,us
2002-03-19,04:58:23,-179.51,-23.54,516.9,5.0,mb,us
2002-03-19,05:40:58,-178.27,-20.48,500.0,4.2,mb,us
2002-03-19,07:48:58,-178.61,-33.41,33.0,4.0,mb,us
2002-03-19,18:28:17,-178.56,-15.68,413.6,4.6,mb,us
2002-03-20,08:41:46,-177.89,-27.87,137.9,4.5,mb,us
2002-03-21,00:37:13,-179.78,-31.4,400.0,3.9,mb,us
2002-03-21,10:09:15,-179.09,-17.55,600.0,4.0,mb,us
2002-03-21,13:35:02,-177.82,-20.13,500.0,4.0,mb,us
2002-03-21,19:32:07,-179.6,-31.86,199.9,4.9,mb,us
2002-03-21,23:07:59,-178.77,-17.62,600.0,4.2,mb,us
2002-03-22,08:48:24,-151.03,-23.6,10.0,2.2,ml,ppt
2002-03-22,13:53:28,-178.26,-20.4,574.1,4.1,mb,us
2002-03-23,03:30:11,-177.78,-15.92,435.0,5.3,mwc,hrv
2002-03-23,13:35:27,-178.34,-19.99,600.0,4.0,mb,us
2002-03-23,16:41:30,-176.53,-28.39,33.0,4.8,mb,us
2002-03-23,18:32:56,-178.87,-33.9,33.0,3.8,mb,us
2002-03-24,03:53:13,-174.27,-16.2,33.0,4.7,mb,us
2002-03-24,11:03:57,-177.5,-18.31,350.0,4.3,mb,us
2002-03-24,15:22:27,-178.57,-15.4,396.5,4.3,mb,us
2002-03-25,06:28:17,-178.78,-21.3,558.4,4.5,mb,us
2002-03-25,20:31:32,-175.34,-20.05,33.0,4.3,mb,us
2002-03-26,06:01:58,-177.82,-20.41,500.0,4.3,mb,us
2002-03-26,13:49:23,-177.94,-31.71,33.0,4.6,mb,us
2002-03-26,22:55:01,-177.66,-28.94,58.2,4.7,mb,us
2002-03-27,08:29:52,-178.73,-17.65,600.0,4.4,mb,us
2002-03-27,08:44:09,-175.29,-16.12,400.0,3.8,mb,us
2002-03-28,01:40:21,-178.36,-31.22,33.0,4.4,mb,us
2002-03-28,01:46:23,-173.88,-20.35,33.0,5.3,mwc,hrv
2002-03-29,14:08:40,-178.28,-18.69,500.0,4.2,mb,us
2002-03-29,15:44:18,-179.64,-22.06,600.0,4.4,mb,us
2002-03-29,18:30:03,-179.74,-22.71,550.0,4.7,mb,us
2002-03-30,00:07:50,-177.44,-18.18,366.8,4.4,mb,us
2002-03-30,06:00:00,-177.24,-16.93,33.0,5.4,mwc,hrv
2002-03-30,06:28:11,-177.37,-16.58,33.0,4.1,mb,us
2002-03-30,06:37:58,-177.41,-16.61,33.0,4.7,mb,us
2002-03-30,11:19:53,-178.14,-30.36,183.7,4.5,mb,us
2002-03-30,14:18:48,-178.78,-17.49,548.7,4.5,mb,us
2002-03-30,20:19:15,-178.28,-20.36,548.1,3.9,mb,us
2002-03-30,21:08:27,-175.02,-18.13,33.0,4.5,mb,us
2002-03-31,02:50:41,-178.87,-33.9,33.0,4.0,mb,us
2002-03-31,03:38:33,-178.84,-17.88,600.0,4.4,mb,us
2002-03-31,08:26:07,-175.0,-15.14,247.2,4.2,mb,us
2002-03-31,14:32:50,-171.88,-15.9,33.0,4.4,mb,us
2002-03-31,19:09:33,-131.41,-54.58,10.0,4.4,mb,us
2002-04-01,15:26:40,-178.14,-32.66,88.0,4.6,mb,us
2002-04-01,20:08:15,-179.74,-31.01,400.0,4.2,mb,us
2002-04-02,05:56:37,-174.32,-21.5,33.0,4.5,mb,us
2002-04-02,08:12:14,-148.9,-17.93,12.0,1.9,ml,ppt
2002-04-02,19:01:06,-178.02,-21.41,400.0,4.2,mb,us
2002-04-03,20:46:10,-174.84,-17.19,200.0,3.6,mb,us
2002-04-04,07:37:11,-178.62,-17.57,500.0,4.0,mb,us
2002-04-04,17:00:36,-178.15,-26.78,300.0,4.1,mb,us
2002-04-05,05:25:53,-178.46,-20.22,600.0,4.0,mb,us
2002-04-05,19:57:01,-179.3,-30.94,400.0,4.4,mb,us
2002-04-05,23:02:29,-173.43,-15.28,33.0,5.7,mwc,hrv
2002-04-06,01:45:17,-173.48,-15.18,33.0,5.3,mwc,hrv
2002-04-06,04:43:44,-173.62,-15.14,33.0,4.7,mb,us
2002-04-06,16:08:28,-178.61,-17.92,587.4,4.5,mb,us
2002-04-07,11:21:18,-158.84,-62.29,10.0,4.7,mb,us
2002-04-07,11:33:35,-158.85,-62.31,10.0,4.5,mb,us
2002-04-07,17:01:15,-173.55,-15.13,33.0,4.2,mb,us
2002-04-07,23:46:05,-158.57,-62.5,10.0,3.4,mb,us
2002-04-08,20:55:30,-173.81,-16.01,33.0,4.5,mb,us
2002-04-09,14:00:24,-178.62,-17.62,500.0,4.4,mb,us
2002-04-10,07:11:04,-178.11,-18.03,600.0,4.7,mb,us
2002-04-11,11:23:45,-179.19,-17.59,600.0,4.4,mb,us
2002-04-11,18:21:42,-178.43,-20.1,600.0,4.1,mb,us
2002-04-11,20:21:44,-179.04,-21.19,600.0,4.6,mb,us
2002-04-12,03:36:01,-179.11,-23.22,405.2,4.0,mb,us
2002-04-12,12:54:35,-179.28,-37.12,33.0,3.9,ml,wel
2002-04-14,00:14:49,-174.3,-17.14,133.3,4.1,mb,us
2002-04-14,06:24:49,-179.73,-22.04,600.0,4.2,mb,us
2002-04-14,09:48:11,-173.59,-16.29,33.0,4.3,mb,us
2002-04-14,13:20:56,-178.94,-21.39,600.0,3.9,mb,us
2002-04-15,19:09:22,-178.33,-17.7,592.8,4.2,mb,us
2002-04-16,17:34:21,-177.81,-28.94,200.0,4.3,mb,us
2002-04-16,18:26:03,-179.1,-21.14,600.0,4.4,mb,us
2002-04-16,21:21:51,-178.6,-17.95,600.0,4.1,mb,us
2002-04-16,21:21:56,-178.58,-17.95,600.0,4.1,mb,us
2002-04-17,09:28:02,-175.76,-20.23,33.0,4.5,mb,us
2002-04-17,16:42:23,-176.46,-24.71,33.0,5.3,mwc,hrv
2002-04-18,01:10:51,-178.4,-20.5,575.4,4.2,mb,us
2002-04-18,17:05:05,-178.81,-17.56,600.0,4.0,mb,us
2002-04-18,20:14:21,-179.18,-21.09,600.0,4.3,mb,us
2002-04-19,13:20:55,-147.33,-18.16,10.0,1.4,ml,ppt
2002-04-19,18:34:42,-178.76,-17.81,600.0,4.3,mb,us
2002-04-21,02:49:24,-179.12,-32.3,200.0,4.3,mb,us
2002-04-21,09:09:01,-178.98,-16.55,500.0,4.0,mb,us
2002-04-21,20:33:54,-177.06,-26.46,33.0,4.4,mb,us
2002-04-22,21:41:17,-174.17,-18.68,33.0,4.6,mb,us
2002-04-23,03:04:19,-178.06,-20.52,300.0,4.4,mb,us
2002-04-23,08:55:54,-176.99,-17.01,33.0,4.8,mb,us
2002-04-24,10:56:07,-178.48,-17.86,514.9,4.1,mb,us
2002-04-24,18:44:39,-179.15,-17.38,600.0,4.6,mb,us
2002-04-24,20:48:53,-179.12,-33.36,33.0,4.6,mb,us
2002-04-26,02:12:57,-176.7,-27.44,33.0,5.5,mwc,hrv
2002-04-26,05:31:33,-178.52,-17.34,600.0,3.8,mb,us
2002-04-26,09:14:12,-178.6,-29.51,33.0,4.8,mb,us
2002-04-26,10:16:47,-176.46,-15.6,400.0,3.9,mb,us
2002-04-26,11:48:44,-179.19,-25.28,400.0,4.7,mb,us
2002-04-26,15:06:39,-176.84,-27.47,33.0,5.7,mwc,hrv
2002-04-28,05:53:21,-179.74,-31.69,300.0,4.6,mb,us
2002-04-28,07:11:46,-174.3,-21.4,33.0,4.8,mb,us
2002-04-29,00:14:42,-178.7,-17.07,500.0,4.5,mb,us
2002-04-29,12:43:53,-177.7,-30.08,33.0,4.8,mb,us
2002-04-30,06:25:48,-177.74,-29.75,51.1,5.5,mwc,hrv
2002-04-30,07:13:55,-178.43,-19.66,600.0,4.3,mb,us
2002-05-03,14:52:07,-172.93,-15.68,33.0,4.6,mb,us
2002-05-03,22:32:04,-178.31,-18.18,618.8,4.8,mb,us
2002-05-04,07:00:48,-178.74,-17.9,559.9,5.8,mwb,us
2002-05-04,16:07:18,-173.73,-20.08,57.1,5.2,mwc,hrv
2002-05-04,16:17:49,-173.88,-20.09,33.0,4.5,mb,us
2002-05-04,16:26:39,-173.69,-20.4,33.0,4.5,mb,us
2002-05-05,03:38:00,-178.3,-18.03,600.0,4.3,mb,us
2002-05-05,10:53:23,-178.64,-17.79,600.0,4.3,mb,us
2002-05-05,12:18:43,-179.92,-40.06,100.0,4.0,ml,wel
2002-05-05,16:10:03,-177.72,-26.19,250.0,3.6,mb,us
2002-05-05,16:49:55,-178.35,-19.74,600.0,4.7,mb,us
2002-05-06,07:22:16,-172.88,-16.07,33.0,4.7,mb,us
2002-05-06,13:06:03,-178.84,-20.81,600.0,4.2,mb,us
2002-05-06,17:47:35,-179.24,-18.02,600.0,4.2,mb,us
2002-05-06,18:03:26,-179.26,-18.04,600.0,4.2,mb,us
2002-05-07,02:14:41,-179.32,-30.94,400.0,4.1,mb,us
2002-05-08,05:26:00,-174.57,-17.95,130.8,6.2,mwc,hrv
2002-05-08,18:39:30,-174.04,-16.76,33.0,4.6,mb,us
2002-05-09,03:50:57,-179.81,-17.7,600.0,3.9,mb,us
2002-05-09,23:01:18,-179.97,-37.31,12.0,3.9,ml,wel
2002-05-10,10:59:51,-173.72,-20.01,33.0,5.0,mb,us
2002-05-10,11:11:16,-175.01,-17.12,33.0,4.5,mb,us
2002-05-10,16:13:02,-178.25,-20.5,500.0,3.7,mb,us
2002-05-11,10:19:16,-177.71,-15.43,329.2,4.4,mb,us
2002-05-11,12:05:46,-178.44,-17.93,520.4,4.5,mb,us
2002-05-15,03:27:36,-174.26,-21.4,10.0,5.9,mwc,hrv
2002-05-15,15:03:22,-179.45,-25.33,417.2,4.2,mb,us
2002-05-16,01:28:18,-178.99,-20.69,656.3,4.2,mb,us
2002-05-16,07:21:38,-174.02,-21.76,33.0,4.4,mb,us
2002-05-16,14:14:23,-178.61,-28.74,200.0,4.6,mb,us
2002-05-16,20:45:19,-177.71,-19.91,393.1,4.6,mb,us
2002-05-17,01:06:53,-178.62,-17.56,600.0,4.4,mb,us
2002-05-17,09:06:46,-173.35,-16.32,33.0,4.4,mb,us
2002-05-17,13:49:21,-177.3,-26.77,83.2,5.0,mwc,hrv
2002-05-17,21:40:21,-177.54,-29.87,200.0,3.9,mb,us
2002-05-17,22:07:45,-179.33,-21.52,600.0,4.5,mb,us
2002-05-18,21:50:19,-176.55,-15.07,33.0,4.6,mb,us
2002-05-18,21:51:20,-176.45,-15.07,33.0,5.5,mwc,hrv
2002-05-19,02:13:16,-179.6,-21.92,600.0,4.2,mb,us
2002-05-19,04:21:33,-177.57,-24.59,200.0,4.2,mb,us
2002-05-19,07:43:54,-178.58,-33.05,33.0,4.9,mb,us
2002-05-19,22:06:16,-175.59,-19.15,200.0,5.1,mwc,hrv
2002-05-21,18:21:06,-177.27,-24.42,33.0,5.0,mwc,hrv
2002-05-22,02:26:07,-172.08,-16.09,40.6,5.0,mwc,hrv
2002-05-22,09:28:33,-138.69,-56.14,10.0,4.5,mb,us
2002-05-22,15:57:54,-178.93,-31.44,33.0,4.8,mb,us
2002-05-23,07:16:28,-178.7,-17.59,500.0,4.3,mb,us
2002-05-23,13:51:05,-177.85,-20.19,500.0,4.5,mb,us
2002-05-25,02:35:41,-174.47,-21.4,33.0,5.4,mwc,hrv
2002-05-25,09:32:50,-148.84,-17.83,12.0,1.4,ml,ppt
2002-05-25,14:23:51,-177.87,-21.21,394.0,4.5,mb,us
2002-05-25,18:05:19,-173.55,-17.43,33.0,4.9,mb,us
2002-05-26,05:51:30,-178.26,-20.62,550.0,3.8,mb,us
2002-05-26,06:23:38,-175.14,-21.57,33.0,4.5,mb,us
2002-05-26,12:07:46,-178.64,-17.86,600.0,3.7,mb,us
2002-05-26,20:19:56,-174.39,-21.59,33.0,4.7,mb,us
2002-05-27,03:51:24,-177.84,-20.74,550.0,4.3,mb,us
2002-05-27,14:27:11,-178.9,-17.41,500.0,3.9,mb,us
2002-05-27,23:13:44,-178.83,-17.27,500.0,3.7,mb,us
2002-05-28,07:18:53,-177.26,-15.23,33.0,4.8,mb,us
2002-05-29,11:58:40,-174.89,-15.19,200.0,4.3,mb,us
2002-05-29,12:32:59,-174.43,-21.2,33.0,4.6,mb,us
2002-05-29,13:05:51,-178.14,-28.82,142.1,4.1,mb,us
2002-05-30,04:23:10,-176.8,-28.71,33.0,4.7,mb,us
2002-05-30,12:15:40,-178.22,-19.61,600.0,4.1,mb,us
2002-05-30,20:46:36,-177.72,-18.07,400.0,4.3,mb,us
2002-05-30,23:45:36,-176.33,-26.86,33.0,4.7,mb,us
2002-05-31,03:55:58,-148.08,-57.49,10.0,4.5,mb,us
2002-05-31,18:28:52,-174.19,-21.35,33.0,5.2,mb,us
2002-06-01,14:34:17,-179.56,-29.78,405.9,4.5,mb,us
2002-06-01,17:17:39,-174.19,-21.32,33.0,4.5,mb,us
2002-06-01,22:40:32,-177.79,-27.57,200.0,4.2,mb,us
2002-06-02,14:11:44,-173.35,-17.19,33.0,4.2,mb,us
2002-06-02,21:46:57,-176.29,-26.95,33.0,5.4,mwc,hrv
2002-06-02,22:42:49,-179.8,-23.86,500.0,4.3,mb,us
2002-06-02,22:48:59,-176.33,-20.45,200.0,3.8,mb,us
2002-06-03,02:10:11,-179.93,-23.8,500.0,4.5,mb,us
2002-06-03,08:59:01,-172.57,-18.2,33.0,4.5,mb,us
2002-06-03,15:21:41,-173.22,-18.0,45.6,5.2,mwc,hrv
2002-06-04,17:38:43,-178.48,-20.73,500.0,4.1,mb,us
2002-06-05,02:38:06,-178.5,-17.71,500.0,4.8,mb,us
2002-06-05,21:31:12,-178.11,-22.92,364.2,4.7,mb,us
2002-06-05,22:11:08,-178.6,-17.61,500.0,4.2,mb,us
2002-06-06,02:20:07,-177.64,-19.19,600.0,4.3,mb,us
2002-06-06,07:10:20,-178.79,-16.93,600.0,3.6,mb,us
2002-06-06,07:14:00,-179.47,-21.78,609.5,4.6,mb,us
2002-06-06,10:09:00,-179.07,-20.72,652.4,4.0,mb,us
2002-06-06,17:52:40,-173.29,-15.87,33.0,4.6,mb,us
2002-06-06,19:30:24,-177.12,-24.44,140.2,4.6,mb,us
2002-06-07,11:39:20,-178.71,-17.91,600.0,4.5,mb,us
2002-06-07,12:09:41,-176.69,-26.73,33.0,5.3,mwc,hrv
2002-06-07,12:33:43,-176.56,-26.68,33.0,5.0,mb,us
2002-06-07,21:07:04,-173.52,-16.26,33.0,4.6,mb,us
2002-06-08,21:20:31,-172.67,-16.25,33.0,4.4,mb,us
2002-06-09,01:21:23,-179.11,-15.24,400.0,4.5,mb,us
2002-06-10,05:54:36,-179.75,-22.01,600.0,4.3,mb,us
2002-06-10,07:34:18,-178.66,-15.75,33.0,4.6,mb,us
2002-06-10,21:14:54,-178.82,-17.57,600.0,4.6,mb,us
2002-06-12,03:41:46,-178.72,-15.24,416.3,4.6,mb,us
2002-06-12,08:48:49,-174.22,-20.76,33.0,4.3,mb,us
2002-06-12,21:25:58,-172.94,-16.39,33.0,5.3,mwc,hrv
2002-06-13,15:46:02,-178.42,-20.81,595.8,4.4,mb,us
2002-06-14,02:51:18,-179.14,-15.13,400.0,4.0,mb,us
2002-06-14,08:57:56,-174.05,-14.94,33.0,4.4,mb,us
2002-06-14,09:04:43,-178.54,-15.1,400.0,4.1,mb,us
2002-06-15,04:35:58,-176.49,-24.72,33.0,4.7,mb,us
2002-06-15,05:22:55,-176.25,-25.42,33.0,5.1,mwc,hrv
2002-06-16,04:02:58,-179.15,-20.8,600.0,4.7,mb,us
2002-06-16,06:55:13,-178.7,-17.87,569.0,5.9,mwc,hrv
2002-06-16,07:00:08,-173.42,-16.8,33.0,5.0,mb,us
2002-06-16,07:15:14,-178.98,-17.34,550.0,4.0,mb,us
2002-06-17,00:58:56,-179.95,-23.49,500.0,4.2,mb,us
2002-06-17,08:38:38,-129.71,-55.06,10.0,4.8,mb,us
2002-06-17,14:08:53,-179.61,-17.79,600.0,4.5,mb,us
2002-06-18,05:09:10,-177.91,-21.5,360.2,4.6,mb,us
2002-06-18,07:34:07,-179.66,-22.32,600.0,4.5,mb,us
2002-06-18,16:31:55,-174.25,-16.96,33.0,4.6,mb,us
2002-06-18,19:02:54,-174.58,-16.96,200.0,4.8,mb,us
2002-06-19,08:58:44,-178.2,-30.84,63.0,4.9,mb,us
2002-06-20,01:59:07,-172.83,-17.02,33.0,4.4,mb,us
2002-06-20,05:26:11,-175.52,-23.47,33.0,5.1,mb,us
2002-06-20,09:04:54,-173.46,-15.23,33.0,5.3,mwc,hrv
2002-06-21,06:07:43,-177.9,-19.98,600.0,3.8,mb,us
2002-06-21,14:21:45,-175.86,-15.11,318.6,5.7,mwc,hrv
2002-06-22,01:58:08,-128.37,-55.46,10.0,5.7,mwc,hrv
2002-06-23,00:29:53,-173.72,-16.55,91.1,4.4,mb,us
2002-06-23,09:48:18,-174.86,-18.26,300.0,4.0,mb,us
2002-06-24,10:47:19,-178.86,-17.52,600.0,4.4,mb,us
2002-06-24,22:51:16,-173.18,-19.96,51.1,4.4,mb,us
2002-06-25,04:49:43,-173.73,-15.09,33.0,5.2,mwc,hrv
2002-06-25,11:46:00,-176.76,-22.01,200.0,4.6,mb,us
2002-06-26,16:59:13,-174.58,-21.01,33.0,4.6,mb,us
2002-06-27,03:38:28,-177.09,-24.46,91.1,5.0,mb,us
2002-06-27,07:37:08,-173.19,-19.69,33.0,5.2,mb,us
2002-06-27,20:37:51,-177.76,-19.94,568.3,4.6,mb,us
2002-06-28,07:43:59,-175.87,-23.67,33.0,4.5,mb,us
2002-06-28,08:54:29,-176.23,-22.33,33.0,4.6,mb,us
2002-06-28,18:51:33,-177.9,-18.64,650.0,3.8,mb,us
2002-06-29,11:13:59,-179.19,-21.19,638.0,4.9,mb,us
2002-06-30,08:36:24,-177.99,-25.92,300.0,4.2,mb,us
2002-06-30,13:34:15,-175.67,-25.21,46.1,5.0,mwc,hrv
2002-07-02,03:25:21,-177.52,-15.58,240.6,4.5,mb,us
2002-07-02,09:32:59,-177.81,-20.39,500.0,4.3,mb,us
2002-07-02,09:59:52,-177.58,-28.84,69.0,4.6,mb,us
2002-07-02,18:00:38,-178.62,-20.68,600.0,4.5,mb,us
2002-07-02,23:27:15,-178.6,-15.18,400.0,4.3,mb,us
2002-07-03,08:37:13,-175.93,-20.24,202.6,4.8,mb,us
2002-07-04,12:38:46,-175.69,-18.7,226.7,4.4,mb,us
2002-07-05,06:15:29,-177.16,-20.62,280.2,5.7,mwb,us
2002-07-05,13:13:24,-179.49,-36.85,40.0,4.5,mb,us
2002-07-05,13:41:45,-155.7,-40.01,10.0,5.1,mwc,hrv
2002-07-06,00:07:08,-173.2,-17.64,33.0,5.4,mwc,hrv
2002-07-06,14:02:13,-178.37,-31.26,227.5,4.7,mb,us
2002-07-07,06:27:24,-178.88,-15.06,400.0,3.8,mb,us
2002-07-08,09:16:49,-177.6,-19.3,600.0,4.1,mb,us
2002-07-09,14:14:08,-178.24,-20.56,500.0,4.2,mb,us
2002-07-10,03:23:14,-177.91,-18.48,400.0,4.5,mb,us
2002-07-11,18:07:17,-174.16,-15.96,100.0,4.2,mb,us
2002-07-12,19:40:09,-177.26,-20.62,400.0,4.2,mb,us
2002-07-12,19:58:17,-179.05,-17.19,500.0,4.3,mb,us
2002-07-12,21:17:09,-179.06,-31.84,33.0,5.0,mb,us
2002-07-13,00:25:06,-178.96,-20.31,600.0,4.3,mb,us
2002-07-13,12:45:40,-173.07,-15.32,33.0,4.5,mb,us
2002-07-14,01:25:53,-173.54,-16.76,33.0,4.6,mb,us
2002-07-14,02:48:40,-178.83,-17.73,600.0,4.1,mb,us
2002-07-14,20:45:08,-178.85,-20.82,600.0,4.5,mb,us
2002-07-15,00:44:42,-173.46,-15.22,33.0,4.7,mb,us
2002-07-15,10:35:53,-173.47,-20.01,33.0,4.7,mb,us
2002-07-15,12:26:58,-179.39,-33.12,33.0,4.9,mb,us
2002-07-15,13:55:35,-178.16,-28.61,33.0,4.4,mb,us
2002-07-17,07:10:37,-178.91,-17.17,526.7,4.9,mb,us
2002-07-17,10:56:38,-178.17,-17.42,500.0,4.3,mb,us
2002-07-18,02:46:44,-178.08,-29.28,33.0,4.7,mb,us
2002-07-18,02:57:57,-174.32,-15.7,33.0,4.6,mb,us
2002-07-18,11:55:12,-178.1,-18.25,600.0,4.5,mb,us
2002-07-19,01:40:19,-178.86,-17.75,600.0,4.7,mb,us
2002-07-19,06:43:55,-140.69,-56.62,10.0,6.1,mwc,hrv
2002-07-19,07:08:14,-178.72,-20.25,600.0,4.3,mb,us
2002-07-19,08:08:07,-141.03,-56.85,10.0,4.3,mb,us
2002-07-19,08:25:45,-141.18,-56.69,10.0,4.9,mb,us
2002-07-19,10:37:11,-147.65,-16.06,6.0,1.5,ml,ppt
2002-07-19,15:53:53,-178.88,-20.9,600.0,3.7,mb,us
2002-07-19,19:35:19,-175.81,-18.45,300.0,4.4,mb,us
2002-07-21,10:55:02,-178.56,-29.32,190.1,4.5,mb,us
2002-07-21,13:14:56,-177.95,-15.29,450.0,4.0,mb,us
2002-07-22,02:02:36,-176.75,-14.98,33.0,5.3,mwc,hrv
2002-07-22,06:32:07,-179.77,-31.8,400.0,3.7,mb,us
2002-07-22,07:32:27,-178.68,-17.45,550.0,4.1,mb,us
2002-07-22,23:22:17,-148.69,-17.07,12.0,2.3,ml,ppt
2002-07-23,06:03:55,-177.92,-16.61,500.0,4.3,mb,us
2002-07-24,01:55:43,-179.58,-36.63,33.0,4.9,mb,us
2002-07-24,02:15:23,-172.33,-16.3,33.0,4.4,mb,us
2002-07-24,05:04:07,-129.74,-25.06,10.0,4.7,mb,us
2002-07-24,06:26:48,-173.43,-16.23,33.0,4.8,mb,us
2002-07-24,06:59:31,-177.2,-24.12,274.7,4.2,mb,us
2002-07-24,14:09:35,-178.7,-17.52,600.0,4.5,mb,us
2002-07-24,21:59:45,-178.72,-17.8,548.5,5.3,mwc,hrv
2002-07-25,02:17:03,-177.75,-20.23,572.6,4.4,mb,us
2002-07-25,02:40:33,-178.89,-17.69,600.0,4.5,mb,us
2002-07-25,03:55:55,-179.1,-21.51,600.0,4.2,mb,us
2002-07-26,09:24:54,-178.76,-17.8,619.1,4.5,mb,us
2002-07-26,15:07:27,-178.34,-18.07,500.0,4.1,mb,us
2002-07-26,18:15:41,-175.6,-21.88,33.0,5.2,mwc,hrv
2002-07-26,18:18:32,-177.84,-15.84,33.0,4.5,mb,us
2002-07-26,20:27:05,-179.29,-25.73,400.0,4.4,mb,us
2002-07-27,00:17:40,-178.9,-17.62,600.0,4.7,mb,us
2002-07-27,08:31:19,-173.99,-16.46,102.2,4.4,mb,us
2002-07-28,17:35:01,-174.49,-16.6,168.3,4.0,mb,us
2002-07-28,19:01:19,-178.34,-17.93,580.2,5.5,mwc,hrv
2002-07-28,19:46:10,-148.14,-17.2,15.0,1.2,ml,ppt
2002-07-29,04:59:11,-176.24,-27.07,33.0,4.8,mb,us
2002-07-30,19:31:48,-177.99,-20.01,574.1,4.5,mb,us
2002-07-31,14:28:44,-148.81,-17.86,12.0,1.6,ml,ppt
2002-08-01,07:30:41,-134.04,-53.94,10.0,4.4,mb,us
2002-08-02,04:52:26,-174.01,-16.77,33.0,4.5,mb,us
2002-08-02,23:51:15,-177.26,-30.34,33.0,4.6,mb,us
2002-08-03,20:50:52,-179.21,-17.59,600.0,4.2,mb,us
2002-08-04,05:09:41,-179.34,-31.4,200.0,4.8,mb,us
2002-08-04,16:49:53,-173.59,-16.19,47.7,4.5,mb,us
2002-08-04,17:25:07,-174.64,-21.04,33.0,4.7,mb,us
2002-08-04,23:48:54,-179.13,-17.43,600.0,4.0,mb,us
2002-08-05,08:52:49,-179.28,-21.23,628.6,4.8,mb,us
2002-08-05,21:19:04,-176.4,-26.98,100.0,4.3,mb,us
2002-08-06,03:03:42,-179.95,-24.67,500.0,4.6,mb,us
2002-08-07,04:50:07,-176.58,-21.86,174.2,5.8,mwc,hrv
2002-08-07,15:25:10,-174.67,-20.97,33.0,4.5,mb,us
2002-08-08,06:40:25,-173.56,-19.39,33.0,4.7,mb,us
2002-08-08,07:54:18,-173.56,-16.11,33.0,4.3,mb,us
2002-08-08,08:39:53,-178.16,-20.52,547.2,4.6,mb,us
2002-08-08,15:51:50,-177.54,-17.04,500.0,4.4,mb,us
2002-08-09,05:34:59,-179.99,-23.26,600.0,4.3,mb,us
2002-08-09,08:15:21,-177.61,-19.03,600.0,4.2,mb,us
2002-08-09,13:31:05,-176.17,-16.31,364.1,6.1,mwc,hrv
2002-08-09,14:25:59,-177.45,-29.83,139.5,4.7,mb,us
2002-08-09,16:43:37,-174.28,-17.04,33.0,4.4,mb,us
2002-08-09,23:56:11,-177.45,-30.61,33.0,4.9,mb,us
2002-08-10,05:50:13,-173.38,-17.67,33.0,4.6,mb,us
2002-08-10,13:33:15,-178.79,-17.68,600.0,4.4,mb,us
2002-08-11,21:16:36,-179.5,-21.54,642.7,4.4,mb,us
2002-08-12,05:10:19,-178.8,-22.28,441.9,4.7,mb,us
2002-08-12,18:23:34,-173.63,-19.3,33.0,4.7,mb,us
2002-08-13,08:14:18,-133.46,-54.53,10.0,5.2,mb,us
2002-08-13,14:13:55,-177.37,-30.77,33.0,5.6,mwc,hrv
2002-08-13,16:08:07,-175.0,-16.02,200.0,4.4,mb,us
2002-08-13,20:30:32,-178.9,-17.62,536.6,4.7,mb,us
2002-08-14,03:18:56,-177.69,-31.31,33.0,4.9,mb,us
2002-08-14,04:25:51,-177.86,-31.29,33.0,4.8,mb,us
2002-08-14,05:40:32,-178.07,-20.56,600.0,4.4,mb,us
2002-08-14,08:00:30,-174.05,-21.86,33.0,4.9,mb,us
2002-08-14,19:12:43,-177.8,-31.37,33.0,5.0,mb,us
2002-08-15,01:25:40,-177.77,-19.96,577.5,4.4,mb,us
2002-08-15,09:44:50,-177.81,-31.41,33.0,4.8,mb,us
2002-08-16,00:27:53,-178.21,-30.65,55.4,5.0,mb,us
2002-08-16,05:29:46,-178.05,-30.73,33.0,4.6,mb,us
2002-08-16,16:25:05,-179.52,-22.38,600.0,4.3,mb,us
2002-08-16,21:54:37,-177.11,-19.89,400.0,4.2,mb,us
2002-08-16,22:32:32,-178.09,-18.65,600.0,4.5,mb,us
2002-08-16,23:41:30,-174.26,-16.64,200.0,4.1,mb,us
2002-08-17,00:37:56,-176.2,-20.67,33.0,4.8,mb,us
2002-08-17,05:34:20,-174.55,-17.37,200.0,4.6,mb,us
2002-08-17,16:32:16,-177.69,-31.2,33.0,4.9,mb,us
2002-08-18,14:28:51,-178.79,-17.77,600.0,4.4,mb,us
2002-08-18,15:55:25,-177.64,-17.11,400.0,4.3,mb,us
2002-08-18,16:49:01,-178.33,-31.28,53.4,5.2,mwc,hrv
2002-08-19,04:00:08,-178.62,-20.99,500.0,4.1,mb,us
2002-08-19,11:01:01,-179.51,-21.7,580.0,7.7,mwc,hrv
2002-08-19,11:34:00,-179.26,-21.59,600.0,5.3,mb,us
2002-08-19,11:45:29,-179.44,-21.89,600.0,5.5,mb,us
2002-08-19,12:13:02,-179.44,-21.85,588.0,4.4,mb,us
2002-08-19,12:26:27,-179.25,-21.71,600.0,4.9,mb,us
2002-08-19,12:26:52,-179.45,-21.42,600.0,4.5,mb,us
2002-08-19,13:20:00,-179.38,-21.85,600.0,4.5,mb,us
2002-08-19,14:18:10,-179.25,-21.55,600.0,4.5,mb,us
2002-08-19,14:18:43,-179.44,-21.93,600.0,4.4,mb,us
2002-08-20,01:14:36,-178.8,-32.72,51.6,5.0,mb,us
2002-08-20,01:44:56,-179.42,-21.89,600.0,4.8,mb,us
2002-08-20,02:42:41,-179.32,-21.62,600.0,4.4,mb,us
2002-08-20,11:24:45,-179.33,-21.67,608.3,4.7,mb,us
2002-08-20,13:11:48,-179.89,-22.29,600.0,4.7,mb,us
2002-08-21,06:13:21,-178.08,-18.16,600.0,4.3,mb,us
2002-08-21,11:46:36,-173.54,-19.09,33.0,4.7,mb,us
2002-08-21,19:30:39,-173.8,-15.1,33.0,4.5,mb,us
2002-08-22,07:03:21,-178.88,-17.89,600.0,4.4,mb,us
2002-08-22,11:19:41,-178.27,-21.16,500.0,4.6,mb,us
2002-08-22,16:46:26,-131.76,-54.61,10.0,4.6,mb,us
2002-08-22,23:58:10,-179.1,-21.1,618.6,5.5,mwb,us
2002-08-23,00:03:17,-179.04,-21.03,600.0,4.4,mb,us
2002-08-23,01:26:09,-178.75,-17.89,600.0,4.0,mb,us
2002-08-23,07:35:12,-147.57,-17.14,1.3,2.0,ml,ppt
2002-08-23,15:57:59,-178.41,-29.86,200.0,4.5,mb,us
2002-08-23,17:52:41,-177.78,-30.54,33.0,4.9,mwc,hrv
2002-08-24,02:53:46,-177.73,-30.39,33.0,4.9,mb,us
2002-08-24,14:48:40,-178.64,-17.9,571.9,4.6,mb,us
2002-08-24,17:47:48,-179.55,-21.74,640.9,4.6,mb,us
2002-08-24,18:16:19,-176.28,-26.44,33.0,4.5,mb,us
2002-08-25,03:52:32,-176.37,-26.43,33.0,5.4,mwc,hrv
2002-08-25,04:42:12,-178.41,-20.54,554.2,5.5,mwc,hrv
2002-08-25,04:59:26,-176.23,-26.6,33.0,4.9,mb,us
2002-08-25,05:31:46,-174.61,-17.82,33.0,4.3,mb,us
2002-08-25,05:52:12,-177.76,-20.29,500.0,4.2,mb,us
2002-08-25,13:07:11,-178.55,-17.95,600.0,4.4,mb,us
2002-08-25,18:08:52,-176.38,-26.39,33.0,4.7,mb,us
2002-08-25,20:51:53,-179.46,-21.83,600.0,4.7,mb,us
2002-08-26,00:33:42,-179.22,-29.66,500.0,3.9,mb,us
2002-08-26,02:48:42,-173.0,-17.82,33.0,4.0,mb,us
2002-08-26,05:48:10,-177.88,-18.88,600.0,4.8,mb,us
2002-08-26,13:57:52,-128.64,-55.23,10.0,5.2,mwc,hrv
2002-08-26,16:34:24,-174.93,-16.17,250.0,4.3,mb,us
2002-08-26,16:53:24,-177.91,-18.87,400.0,4.3,mb,us
2002-08-26,19:14:24,-179.51,-21.9,600.0,5.4,mwc,hrv
2002-08-27,07:32:23,-179.64,-21.6,650.0,4.5,mb,us
2002-08-27,10:36:32,-179.42,-21.74,600.0,4.9,mb,us
2002-08-27,15:35:20,-179.74,-22.2,600.0,4.4,mb,us
2002-08-27,20:14:44,-176.6,-24.25,33.0,4.7,mb,us
2002-08-28,08:21:11,-178.86,-20.87,600.0,4.2,mb,us
2002-08-28,12:48:49,-179.42,-21.73,600.0,4.2,mb,us
2002-08-28,21:09:40,-142.72,-56.2,10.0,4.7,mb,us
2002-08-28,23:06:24,-178.66,-17.75,600.0,4.3,mb,us
2002-08-29,06:09:26,-174.13,-20.58,33.0,4.4,mb,us
2002-08-29,21:41:07,-178.48,-15.39,434.7,4.3,mb,us
2002-08-30,03:38:46,-173.62,-18.99,33.0,4.8,mb,us
2002-08-30,05:07:33,-173.91,-20.82,33.0,5.1,mb,us
2002-08-30,16:52:36,-177.8,-20.57,400.0,4.2,mb,us
2002-08-31,05:11:04,-179.31,-29.72,427.1,4.2,mb,us
2002-08-31,06:07:06,-177.74,-20.48,500.0,4.2,mb,us
2002-08-31,06:48:33,-174.68,-17.43,127.2,5.2,mb,us
2002-08-31,09:24:07,-179.77,-30.77,357.8,4.2,mb,us
2002-08-31,12:16:43,-179.34,-33.05,33.0,4.7,mb,us
2002-08-31,13:16:28,-177.49,-32.52,33.0,4.9,mb,us
2002-08-31,14:51:02,-175.28,-18.12,259.0,4.8,mb,us
2002-09-01,03:06:51,-178.45,-30.57,33.0,4.7,mb,us
2002-09-01,04:11:33,-179.23,-31.71,300.0,4.4,mb,us
2002-09-01,18:45:42,-179.55,-21.7,600.0,4.6,mb,us
2002-09-01,23:55:30,-173.42,-16.27,33.0,4.4,mb,us
2002-09-02,00:30:12,-179.6,-21.74,600.0,4.6,mb,us
2002-09-02,06:16:57,-178.77,-17.7,550.0,4.7,mb,us
2002-09-02,15:32:44,-179.38,-17.32,600.0,4.2,mb,us
2002-09-02,21:39:02,-176.62,-26.86,150.0,4.7,mb,us
2002-09-03,04:05:33,-173.69,-14.92,33.0,4.4,mb,us
2002-09-04,03:45:16,-134.68,-53.75,10.0,5.2,mwc,hrv
2002-09-04,08:06:32,-179.86,-23.86,522.6,5.4,mwc,hrv
2002-09-05,04:16:49,-173.81,-16.45,33.0,4.7,mb,us
2002-09-05,06:34:15,-177.36,-23.7,33.0,4.7,mb,us
2002-09-05,18:44:15,-178.84,-20.56,662.0,4.4,mb,us
2002-09-05,21:35:36,-179.01,-34.03,33.0,5.0,mb,us
2002-09-06,04:48:45,-178.11,-20.29,600.0,4.2,mb,us
2002-09-06,05:14:46,-179.48,-21.61,600.0,4.1,mb,us
2002-09-06,06:58:40,-178.74,-33.46,33.0,4.7,mb,us
2002-09-06,21:25:11,-173.36,-16.36,33.0,5.1,mwc,hrv
2002-09-07,02:00:01,-178.49,-28.89,229.6,4.8,mb,us
2002-09-07,08:14:20,-176.04,-20.27,209.9,6.0,mwc,hrv
2002-09-07,13:40:58,-178.07,-18.64,650.0,4.4,mb,us
2002-09-08,04:19:19,-174.02,-16.84,33.0,4.6,mb,us
2002-09-08,12:14:05,-179.54,-22.07,594.5,4.9,mb,us
2002-09-08,15:11:03,-174.96,-15.93,600.0,4.2,mb,us
2002-09-09,02:35:01,-152.83,-21.12,10.0,2.4,ml,ppt
2002-09-09,08:50:46,-179.28,-30.13,350.0,3.6,mb,us
2002-09-10,08:26:52,-179.51,-21.15,600.0,4.5,mb,us
2002-09-10,17:09:30,-173.87,-14.95,41.3,4.5,mb,us
2002-09-10,19:55:26,-178.66,-33.43,33.0,4.7,mb,us
2002-09-11,01:13:26,-176.8,-22.52,139.8,5.0,mb,us
2002-09-11,06:35:37,-179.22,-17.48,600.0,4.3,mb,us
2002-09-11,13:26:19,-179.05,-17.56,600.0,4.5,mb,us
2002-09-11,13:38:50,-178.41,-17.15,442.2,4.4,mb,us
2002-09-11,14:22:00,-179.28,-33.89,140.7,4.7,mb,us
2002-09-11,19:48:40,-178.34,-20.59,600.0,4.0,mb,us
2002-09-11,23:43:47,-179.4,-20.87,600.0,4.1,mb,us
2002-09-12,03:29:06,-178.85,-16.97,400.0,3.9,mb,us
2002-09-12,04:57:12,-179.86,-23.43,500.0,4.3,mb,us
2002-09-12,13:46:42,-179.11,-17.33,600.0,4.6,mb,us
2002-09-12,17:08:27,-178.56,-20.5,600.0,4.2,mb,us
2002-09-13,00:58:39,-178.49,-19.85,600.0,4.3,mb,us
2002-09-13,01:17:58,-173.81,-15.69,33.0,4.3,mb,us
2002-09-13,09:55:29,-174.04,-18.06,33.0,4.5,mb,us
2002-09-13,12:18:07,-175.88,-23.63,33.0,4.7,mb,us
2002-09-14,06:42:28,-176.57,-18.07,33.0,4.8,mb,us
2002-09-15,07:21:25,-179.66,-22.03,600.0,4.1,mb,us
2002-09-15,09:07:42,-174.21,-21.26,33.0,5.0,ms,us
2002-09-15,11:05:17,-178.04,-20.41,550.0,4.5,mb,us
2002-09-15,17:40:45,-178.54,-17.42,600.0,3.5,mb,us
2002-09-15,19:52:05,-179.49,-21.63,600.0,4.2,mb,us
2002-09-15,23:21:35,-179.57,-21.66,650.0,4.2,mb,us
2002-09-16,04:00:11,-178.91,-20.33,600.0,4.5,mb,us
2002-09-16,06:48:21,-178.0,-20.08,600.0,4.8,mb,us
2002-09-16,07:49:02,-129.44,-55.13,10.0,5.4,mwc,hrv
2002-09-16,18:28:15,-176.45,-26.9,33.0,5.0,mb,us
2002-09-17,09:43:44,-174.32,-20.92,33.0,4.4,mb,us
2002-09-17,12:59:34,-176.67,-17.59,33.0,4.8,mb,us
2002-09-17,16:26:46,-178.8,-17.8,600.0,4.4,mb,us
2002-09-17,22:31:29,-177.74,-24.53,300.0,4.5,mb,us
2002-09-18,05:35:07,-134.37,-54.07,10.0,4.4,mb,us
2002-09-18,06:15:01,-175.56,-23.41,33.0,5.0,mb,us
2002-09-18,17:36:56,-179.07,-21.02,600.0,4.0,mb,us
2002-09-18,23:31:28,-175.1,-15.58,219.7,4.4,mb,us
2002-09-18,23:58:33,-178.74,-20.81,611.0,4.7,mb,us
2002-09-19,10:15:03,-173.35,-15.2,33.0,5.5,mwc,hrv
2002-09-20,06:24:14,-178.09,-29.02,33.0,4.3,mb,us
2002-09-20,14:37:40,-179.98,-23.71,600.0,4.5,mb,us
2002-09-20,15:04:49,-178.68,-33.11,33.0,5.1,mb,us
2002-09-21,04:46:18,-173.45,-15.1,33.0,4.5,mb,us
2002-09-21,21:13:35,-179.9,-23.89,510.7,4.7,mb,us
2002-09-22,01:23:34,-178.54,-32.7,34.5,4.6,mb,us
2002-09-22,02:37:25,-178.28,-32.52,33.0,4.2,mb,us
2002-09-22,09:36:59,-173.16,-18.26,33.0,4.8,mb,us
2002-09-22,10:50:10,-179.74,-21.95,595.3,4.0,mb,us
2002-09-22,11:40:45,-148.9,-17.82,15.0,2.1,ml,ppt
2002-09-22,15:43:50,-178.6,-17.93,600.0,4.3,mb,us
2002-09-22,18:01:09,-178.5,-33.36,33.0,4.8,mb,us
2002-09-22,18:40:08,-178.52,-33.26,33.0,5.0,mb,us
2002-09-22,21:06:46,-173.57,-15.33,58.2,4.2,mb,us
2002-09-22,22:10:40,-178.3,-32.52,33.0,4.4,mb,us
2002-09-23,03:06:08,-178.32,-32.47,33.0,4.8,mb,us
2002-09-23,06:17:11,-179.25,-25.89,400.0,4.3,mb,us
2002-09-23,07:26:02,-178.3,-32.42,33.0,5.2,mb,us
2002-09-23,10:54:22,-176.02,-19.96,250.0,4.4,mb,us
2002-09-23,22:07:45,-176.63,-27.2,33.0,5.7,mwb,us
2002-09-24,05:01:10,-173.85,-16.12,113.2,4.8,mb,us
2002-09-24,05:23:40,-178.02,-19.09,500.0,4.5,mb,us
2002-09-25,02:14:28,-179.24,-20.74,637.2,4.4,mb,us
2002-09-26,19:06:47,-178.82,-31.33,213.5,4.2,mb,us
2002-09-27,16:33:35,-178.73,-20.52,600.0,4.2,mb,us
2002-09-27,17:57:55,-178.54,-17.99,600.0,4.4,mb,us
2002-09-27,18:21:29,-179.39,-21.55,600.0,4.1,mb,us
2002-09-29,00:33:48,-173.85,-21.89,33.0,4.3,mb,us
2002-09-30,09:04:24,-179.18,-17.43,550.0,4.1,mb,us
2002-10-01,14:26:57,-176.66,-21.8,100.0,4.7,mb,us
2002-10-02,07:19:48,-179.92,-34.64,76.5,4.8,mb,us
2002-10-02,13:13:04,-176.56,-26.87,33.0,4.8,mb,us
2002-10-02,19:34:26,-175.26,-18.95,209.3,4.7,mb,us
2002-10-03,06:24:27,-173.7,-19.47,33.0,4.8,mb,us
2002-10-03,22:51:07,-179.82,-25.53,500.0,4.5,mb,us
2002-10-04,03:35:47,-176.89,-27.16,200.0,4.3,mb,us
2002-10-04,05:55:49,-179.01,-17.44,600.0,4.4,mb,us
2002-10-04,15:39:45,-178.2,-18.52,600.0,4.2,mb,us
2002-10-04,16:42:02,-177.35,-25.35,200.0,4.3,mb,us
2002-10-04,19:05:49,-179.02,-20.99,621.1,6.3,mwc,hrv
2002-10-06,00:45:33,-177.85,-20.23,500.0,4.1,mb,us
2002-10-06,07:29:44,-175.63,-14.94,33.0,4.8,mb,us
2002-10-06,19:59:34,-173.09,-15.19,54.9,4.8,mb,us
2002-10-07,11:41:59,-178.57,-20.5,600.0,4.0,mb,us
2002-10-08,05:58:44,-178.71,-20.18,600.0,4.4,mb,us
2002-10-10,01:57:22,-178.67,-21.29,600.0,4.4,mb,us
2002-10-10,05:45:40,-178.43,-18.09,591.2,5.0,mb,us
2002-10-10,14:17:20,-177.93,-22.33,300.0,4.5,mb,us
2002-10-10,21:39:59,-179.38,-27.5,400.0,4.4,mb,us
2002-10-11,03:28:42,-179.56,-21.76,600.0,4.1,mb,us
2002-10-11,09:33:59,-172.7,-16.65,33.0,4.8,mb,us
2002-10-11,13:48:50,-161.27,-62.62,10.0,4.5,mb,us
2002-10-11,15:16:24,-172.81,-16.62,33.0,5.3,mwc,hrv
2002-10-11,18:48:13,-179.79,-22.84,600.0,4.5,mb,us
2002-10-12,00:02:52,-178.6,-17.93,601.6,4.5,mb,us
2002-10-12,19:42:16,-178.8,-17.56,509.2,4.2,mb,us
2002-10-12,21:29:13,-178.8,-21.39,517.1,4.3,mb,us
2002-10-13,02:48:19,-179.39,-21.12,600.0,4.6,mb,us
2002-10-13,20:55:07,-175.42,-14.6,10.0,6.1,mwb,us
2002-10-14,00:16:23,-174.93,-18.26,33.0,4.5,mb,us
2002-10-14,01:28:48,-178.29,-18.29,600.0,4.3,mb,us
2002-10-14,21:27:46,-178.36,-18.06,600.0,4.2,mb,us
2002-10-15,02:45:57,-176.61,-27.82,33.0,4.7,mb,us
2002-10-15,10:43:55,-178.57,-17.91,575.6,5.4,mwc,hrv
2002-10-15,18:58:36,-172.43,-18.09,33.0,5.1,mb,us
2002-10-15,19:31:56,-144.0,-55.6,10.0,4.4,mb,us
2002-10-15,23:09:47,-178.53,-20.73,600.0,4.7,mb,us
2002-10-16,11:21:19,-177.18,-25.98,118.4,4.8,mb,us
2002-10-16,14:13:13,-173.05,-15.68,33.0,6.0,mwb,us
2002-10-16,19:06:58,-178.2,-20.29,600.0,4.2,mb,us
2002-10-17,00:37:54,-179.11,-21.16,600.0,4.4,mb,us
2002-10-17,04:23:56,-178.4,-19.84,627.6,6.2,mwc,hrv
2002-10-17,05:47:02,-178.39,-19.74,600.0,4.2,mb,us
2002-10-18,11:16:48,-142.75,-57.18,10.0,6.1,mwc,hrv
2002-10-18,21:55:53,-177.17,-16.88,33.0,5.4,mwc,hrv
2002-10-18,22:53:15,-177.23,-16.99,33.0,5.4,mwc,hrv
2002-10-18,22:56:06,-177.82,-16.87,400.0,4.2,mb,us
2002-10-18,23:00:24,-177.2,-17.08,100.0,4.5,mb,us
2002-10-19,13:35:31,-174.26,-15.99,200.0,4.1,mb,us
2002-10-19,15:52:11,-174.83,-18.24,126.3,4.7,mb,us
2002-10-19,18:24:23,-174.62,-18.49,130.7,5.4,mwc,hrv
2002-10-19,20:24:21,-177.88,-30.09,200.0,4.4,mb,us
2002-10-20,00:16:56,-175.47,-22.84,33.0,4.7,mb,us
2002-10-20,04:28:33,-177.38,-21.26,500.0,4.2,mb,us
2002-10-20,17:00:36,-175.04,-14.79,33.0,4.5,mb,us
2002-10-20,17:57:42,-177.66,-17.59,350.0,4.2,mb,us
2002-10-21,06:01:42,-178.22,-17.54,450.0,4.2,mb,us
2002-10-22,11:39:04,-178.39,-20.63,549.0,6.2,mwc,hrv
2002-10-22,18:04:55,-174.18,-19.29,33.0,4.8,mb,us
2002-10-22,18:08:47,-177.8,-19.26,600.0,4.0,mb,us
2002-10-22,18:08:53,-177.82,-19.25,600.0,4.1,mb,us
2002-10-23,02:02:50,-178.44,-20.58,577.3,4.5,mb,us
2002-10-23,04:43:28,-179.67,-22.37,600.0,4.4,mb,us
2002-10-23,19:15:13,-179.82,-30.97,360.7,5.8,mwc,hrv
2002-10-24,08:08:02,-177.82,-18.15,500.0,4.6,mb,us
2002-10-25,03:49:33,-172.88,-16.46,33.0,5.3,mwc,hrv
2002-10-25,07:49:22,-175.55,-18.19,300.0,4.3,mb,us
2002-10-25,08:18:18,-174.98,-17.92,200.0,4.5,mb,us
2002-10-26,16:20:51,-178.3,-20.43,546.2,4.8,mb,us
2002-10-26,21:16:06,-178.4,-17.9,524.4,4.5,mb,us
2002-10-27,08:55:05,-178.56,-20.71,600.0,4.0,mb,us
2002-10-27,12:53:27,-178.0,-14.88,350.0,3.6,mb,us
2002-10-28,02:38:33,-178.79,-33.9,33.0,5.0,mwc,hrv
2002-10-28,10:12:12,-175.28,-20.93,33.0,4.9,mb,us
2002-10-28,14:36:32,-178.07,-27.17,230.3,4.6,mb,us
2002-10-28,16:50:15,-175.71,-20.5,149.9,4.8,mb,us
2002-10-29,00:05:57,-178.18,-20.52,600.0,4.5,mb,us
2002-10-29,03:56:51,-179.87,-24.55,500.0,4.6,mb,us
2002-10-29,05:32:52,-178.5,-31.49,33.0,4.7,mb,us
2002-10-30,02:06:00,-177.49,-24.72,300.0,4.5,mb,us
2002-10-30,02:45:52,-173.24,-15.52,33.0,4.6,mb,us
2002-10-30,14:43:06,-174.18,-17.61,86.8,5.5,mwc,hrv
2002-10-30,16:14:42,-177.77,-18.78,600.0,4.6,mb,us
2002-10-30,16:26:34,-175.64,-25.32,10.0,5.6,mwc,hrv
2002-10-31,16:19:52,-176.55,-27.13,33.0,4.9,mb,us
2002-10-31,21:11:27,-179.93,-24.46,500.0,4.8,mb,us
2002-11-01,10:19:20,-177.48,-21.53,400.0,4.5,mb,us
2002-11-01,21:14:05,-172.88,-16.37,33.0,4.5,mb,us
2002-11-01,22:45:48,-178.89,-21.02,600.0,4.2,mb,us
2002-11-02,22:29:36,-177.9,-18.33,521.4,4.7,mb,us
2002-11-03,06:21:14,-178.07,-15.93,33.0,5.6,mwc,hrv
2002-11-03,06:35:55,-178.17,-15.94,33.0,4.8,mb,us
2002-11-03,11:43:39,-174.84,-14.33,33.0,4.1,mb,us
2002-11-03,12:58:41,-178.72,-17.9,600.0,4.1,mb,us
2002-11-03,14:24:16,-178.05,-15.07,400.0,4.3,mb,us
2002-11-05,02:10:22,-176.82,-20.48,320.3,4.4,mb,us
2002-11-05,22:21:31,-177.9,-20.39,542.1,4.8,mb,us
2002-11-06,03:27:18,-173.86,-20.4,33.0,4.8,mb,us
2002-11-06,13:20:42,-178.2,-29.89,227.2,4.5,mb,us
2002-11-07,05:57:18,-178.62,-31.6,33.0,4.8,mb,us
2002-11-07,09:30:11,-174.32,-16.93,159.4,4.5,mb,us
2002-11-08,19:50:35,-178.87,-28.93,400.0,4.2,mb,us
2002-11-09,03:56:35,-179.12,-30.68,347.1,4.8,mb,us
2002-11-10,00:43:37,-176.81,-15.97,400.0,4.2,mb,us
2002-11-10,01:53:03,-175.9,-18.63,300.0,3.7,mb,us
2002-11-10,03:13:53,-177.36,-29.01,33.0,4.5,mb,us
2002-11-10,04:12:51,-178.61,-21.22,600.0,4.2,mb,us
2002-11-10,06:44:44,-178.03,-20.14,550.0,4.5,mb,us
2002-11-10,06:45:19,-178.17,-20.12,600.0,4.2,mb,us
2002-11-10,13:06:10,-179.88,-31.69,300.0,3.9,mb,us
2002-11-11,00:19:14,-178.94,-30.7,300.0,4.2,mb,us
2002-11-11,05:04:41,-173.56,-15.22,33.0,4.4,mb,us
2002-11-11,16:39:02,-179.9,-23.31,539.9,5.7,mwc,hrv
2002-11-12,12:33:08,-178.25,-32.32,33.0,5.0,mb,us
2002-11-13,03:24:38,-178.84,-21.05,567.9,4.7,mb,us
2002-11-13,08:29:10,-178.95,-20.67,600.0,4.5,mb,us
2002-11-13,09:44:34,-179.52,-21.53,600.0,3.9,mb,us
2002-11-13,22:06:47,-178.5,-17.79,600.0,4.4,mb,us
2002-11-13,22:31:15,-178.58,-27.67,315.4,4.5,mb,us
2002-11-13,22:44:53,-178.28,-30.32,200.0,4.5,mb,us
2002-11-14,08:00:37,-177.79,-30.11,53.2,4.7,mb,us
2002-11-14,11:05:21,-178.78,-17.78,553.5,5.6,mwc,hrv
2002-11-14,23:32:21,-177.52,-14.89,300.0,4.4,mb,us
2002-11-15,07:05:59,-179.84,-22.24,650.0,4.6,mb,us
2002-11-16,06:40:44,-178.05,-26.13,336.3,4.2,mb,us
2002-11-16,21:07:46,-173.86,-15.91,33.0,4.8,mb,us
2002-11-17,01:40:52,-175.77,-23.58,33.0,4.8,mb,us
2002-11-17,02:05:05,-174.31,-16.86,176.1,4.2,mb,us
2002-11-17,02:58:37,-175.61,-23.53,10.0,5.5,mwc,hrv
2002-11-17,06:24:35,-177.8,-18.46,400.0,4.3,mb,us
2002-11-17,19:11:38,-179.08,-21.03,650.0,4.0,mb,us
2002-11-18,05:58:28,-148.68,-19.09,12.0,1.7,ml,ppt
2002-11-18,08:51:28,-148.67,-19.11,12.0,1.9,ml,ppt
2002-11-18,18:23:11,-174.8,-15.88,300.0,3.8,mb,us
2002-11-18,22:43:36,-177.99,-20.26,500.0,4.3,mb,us
2002-11-19,22:12:41,-173.64,-18.71,33.0,4.8,mb,us
2002-11-20,03:52:42,-179.72,-22.13,645.6,4.7,mb,us
2002-11-21,04:34:51,-178.93,-21.41,600.0,4.3,mb,us
2002-11-23,01:05:01,-177.3,-25.3,99.9,5.2,mwc,hrv
2002-11-23,03:55:49,-177.96,-20.22,550.0,4.6,mb,us
2002-11-23,14:48:42,-177.09,-27.78,33.0,5.1,mwc,hrv
2002-11-23,17:23:26,-178.82,-18.02,569.3,4.2,mb,us
2002-11-25,08:28:00,-178.72,-17.64,600.0,4.3,mb,us
2002-11-25,08:37:04,-178.83,-17.54,600.0,4.1,mb,us
2002-11-25,17:47:53,-175.74,-23.68,42.7,4.8,mb,us
2002-11-26,06:27:53,-178.54,-18.01,600.0,4.3,mb,us
2002-11-26,22:46:14,-178.81,-21.09,536.4,5.4,mwc,hrv
2002-11-26,23:06:18,-178.77,-21.1,550.5,4.8,mb,us
2002-11-26,23:07:47,-178.82,-21.0,550.0,4.4,mb,us
2002-11-27,03:52:24,-177.18,-19.38,300.0,4.3,mb,us
2002-11-27,06:02:29,-178.67,-20.41,616.7,4.6,mb,us
2002-11-27,06:41:28,-178.5,-17.66,500.0,4.7,mb,us
2002-11-27,17:42:55,-179.07,-20.97,600.0,4.3,mb,us
2002-11-27,20:18:23,-177.53,-20.24,353.4,4.4,mb,us
2002-11-28,15:49:51,-177.8,-19.64,600.0,4.3,mb,us
2002-11-28,17:42:51,-179.95,-37.09,33.0,3.8,ml,wel
2002-11-29,05:49:41,-173.25,-18.45,33.0,5.2,mwc,hrv
2002-11-30,07:14:17,-175.75,-23.59,33.0,4.8,mb,us
2002-11-30,08:28:15,-179.05,-32.8,33.0,4.9,mb,us
2002-11-30,08:44:49,-179.21,-20.85,657.7,4.3,mb,us
2002-11-30,08:50:55,-179.26,-32.86,161.7,5.1,mb,us
2002-11-30,10:11:41,-177.68,-25.48,300.0,3.9,mb,us
2002-11-30,11:15:12,-178.55,-18.55,600.0,4.1,mb,us
2002-11-30,20:45:44,-179.02,-17.72,600.0,4.6,mb,us
2002-11-30,21:03:53,-176.64,-27.61,33.0,4.6,mb,us
2002-11-30,21:50:39,-172.44,-15.24,33.0,5.5,mwc,hrv
2002-11-30,23:23:45,-179.16,-20.59,699.0,4.4,mb,us
2002-12-01,02:53:51,-178.87,-20.51,600.0,4.1,mb,us
2002-12-01,07:56:01,-172.96,-16.08,33.0,5.9,mwc,hrv
2002-12-01,09:41:49,-173.14,-15.86,33.0,4.3,mb,us
2002-12-01,11:04:49,-177.76,-19.12,600.0,3.5,mb,us
2002-12-01,12:25:46,-177.54,-28.33,87.1,4.3,mb,us
2002-12-01,14:27:50,-178.56,-20.71,550.0,4.5,mb,us
2002-12-01,21:08:17,-178.59,-20.67,600.0,4.6,mb,us
2002-12-02,06:45:40,-172.98,-15.98,33.0,4.5,mb,us
2002-12-02,18:15:44,-172.81,-16.15,33.0,4.4,mb,us
2002-12-03,17:03:05,-178.48,-20.74,600.0,4.6,mb,us
2002-12-03,19:14:10,-173.41,-15.43,33.0,4.6,mb,us
2002-12-03,20:13:55,-178.82,-17.82,568.4,5.6,mwc,hrv
2002-12-03,21:36:29,-178.54,-18.06,600.0,4.5,mb,us
2002-12-04,16:49:08,-178.64,-20.62,500.0,4.5,mb,us
2002-12-05,05:12:25,-174.43,-20.54,33.0,4.7,mb,us
2002-12-05,11:27:53,-178.54,-14.95,400.0,4.9,mb,us
2002-12-05,17:28:07,-174.8,-19.02,125.6,5.4,mwc,hrv
2002-12-06,13:04:27,-172.34,-17.34,33.0,4.9,mb,us
2002-12-06,18:47:27,-177.09,-31.45,33.0,4.6,mb,us
2002-12-06,22:17:18,-176.23,-27.28,33.0,5.0,mb,us
2002-12-07,16:38:52,-179.28,-30.8,204.3,4.3,mb,us
2002-12-07,17:41:40,-179.33,-21.54,645.9,4.5,mb,us
2002-12-07,22:44:42,-173.99,-14.34,77.4,4.8,mb,us
2002-12-08,18:10:14,-178.79,-20.89,600.0,4.2,mb,us
2002-12-11,21:15:25,-179.62,-22.45,572.4,4.5,mb,us
2002-12-11,21:44:52,-178.67,-17.75,600.0,4.0,mb,us
2002-12-12,13:43:34,-177.11,-20.44,300.0,4.5,mb,us
2002-12-13,05:12:00,-178.82,-20.81,600.0,4.0,mb,us
2002-12-13,13:28:27,-177.13,-24.12,33.0,4.6,mb,us
2002-12-13,14:42:30,-179.91,-30.12,500.0,3.9,mb,us
2002-12-13,15:05:11,-178.43,-22.88,300.0,4.3,mb,us
2002-12-14,20:00:02,-177.76,-17.03,400.0,4.4,mb,us
2002-12-15,04:58:03,-173.45,-20.41,33.0,4.7,mb,us
2002-12-15,05:43:47,-178.19,-18.24,600.0,3.9,mb,us
2002-12-15,09:25:17,-179.12,-30.99,400.0,4.1,mb,us
2002-12-15,11:20:43,-178.77,-20.97,500.0,4.0,mb,us
2002-12-16,00:47:33,-175.02,-14.61,33.0,4.6,mb,us
2002-12-16,16:13:32,-174.14,-16.21,115.5,5.6,mwc,hrv
2002-12-17,00:41:04,-179.16,-17.34,550.0,4.3,mb,us
2002-12-17,13:35:39,-178.82,-17.85,600.0,4.2,mb,us
2002-12-17,15:29:18,-179.66,-22.43,600.0,4.6,mb,us
2002-12-17,18:58:24,-179.96,-25.12,500.0,4.4,mb,us
2002-12-18,02:55:01,-178.81,-17.69,600.0,4.1,mb,us
2002-12-20,20:12:02,-179.2,-31.37,400.0,4.4,mb,us
2002-12-20,21:06:56,-173.17,-15.5,57.3,5.2,mwc,hrv
2002-12-21,05:17:37,-174.76,-17.47,33.0,4.8,mb,us
2002-12-22,09:08:51,-179.36,-21.06,652.5,4.5,mb,us
2002-12-23,12:14:14,-177.83,-16.47,500.0,4.6,mb,us
2002-12-23,17:40:46,-178.03,-17.93,600.0,3.8,mb,us
2002-12-24,01:19:07,-177.67,-20.51,500.0,4.4,mb,us
2002-12-24,02:43:33,-178.35,-17.76,600.0,4.7,mb,us
2002-12-25,04:22:01,-178.46,-28.5,200.0,4.5,mb,us
2002-12-25,08:54:25,-178.9,-17.74,568.2,5.5,mwc,hrv
2002-12-25,09:49:50,-178.79,-17.63,600.0,4.3,mb,us
2002-12-25,12:27:41,-177.56,-20.14,500.0,4.0,mb,us
2002-12-25,15:22:08,-177.68,-22.65,200.0,4.3,mb,us
2002-12-25,20:47:14,-178.35,-18.05,600.0,4.0,mb,us
2002-12-25,21:07:46,-178.47,-30.66,200.0,4.6,mb,us
2002-12-26,08:19:28,-139.57,-58.24,10.0,5.0,mb,us
2002-12-27,03:59:39,-178.81,-17.54,600.0,4.0,mb,us
2002-12-27,09:22:22,-178.82,-17.68,600.0,4.5,mb,us
2002-12-27,14:15:27,-178.19,-20.31,600.0,4.1,mb,us
2002-12-28,00:01:04,-178.67,-17.69,600.0,4.7,mb,us
2002-12-28,03:20:44,-178.53,-18.25,626.6,5.9,mwc,hrv
2002-12-28,07:44:33,-173.86,-15.06,37.8,5.2,mwc,hrv
2002-12-28,16:13:12,-178.59,-20.49,615.9,4.1,mb,us
2002-12-28,21:23:03,-175.91,-23.94,42.3,4.9,mb,us
2002-12-29,01:02:59,-178.98,-20.65,600.0,4.0,mb,us
2002-12-29,04:13:38,-173.77,-15.08,33.0,4.5,mb,us
2002-12-29,18:52:38,-178.51,-18.35,600.0,4.3,mb,us
2002-12-29,22:01:41,-179.93,-31.2,350.0,4.4,mb,us
2002-12-31,00:31:44,-172.67,-18.27,37.5,4.6,mb,us
2003-01-02,06:17:34,-178.96,-21.43,600.0,3.9,mb,us
2003-01-02,23:42:16,-172.97,-16.06,33.0,4.3,mb,us
2003-01-03,15:09:01,-178.76,-17.66,600.0,4.3,mb,us
2003-01-03,19:05:26,-174.46,-21.07,33.0,4.8,mb,us
2003-01-04,05:15:04,-177.66,-20.57,378.0,6.5,mwc,hrv
2003-01-05,00:12:30,-178.55,-33.3,33.0,4.9,mb,us
2003-01-05,05:24:22,-178.53,-20.3,600.0,4.2,mb,us
2003-01-05,12:33:51,-178.06,-20.3,550.0,4.8,mb,us
2003-01-06,09:08:13,-177.08,-21.21,300.0,4.0,mb,us
2003-01-06,17:24:19,-178.94,-17.72,600.0,4.6,mb,us
2003-01-06,20:38:32,-177.72,-14.55,33.0,4.8,mb,us
2003-01-06,20:39:33,-177.76,-14.47,33.0,4.7,mb,us
2003-01-07,13:21:07,-177.57,-20.16,400.0,4.8,mb,us
2003-01-08,00:28:35,-174.68,-20.58,70.7,5.7,mwc,hrv
2003-01-08,03:21:57,-172.88,-17.63,33.0,4.4,mb,us
2003-01-08,21:28:35,-177.8,-19.57,400.0,4.3,mb,us
2003-01-08,21:33:12,-173.16,-16.16,33.0,4.4,mb,us
2003-01-08,21:43:04,-173.0,-16.2,33.0,4.1,mb,us
2003-01-09,02:50:46,-176.3,-19.66,10.0,6.0,mwc,hrv
2003-01-09,06:40:51,-176.8,-18.99,33.0,4.7,mb,us
2003-01-09,21:34:29,-175.36,-15.24,300.0,4.2,mb,us
2003-01-10,01:29:18,-178.78,-33.24,33.6,5.1,mb,us
2003-01-10,13:46:53,-174.43,-20.95,33.0,4.7,mb,us
2003-01-10,18:19:21,-174.38,-15.86,146.3,5.5,mwc,hrv
2003-01-11,04:27:46,-179.67,-21.62,600.0,4.9,mb,us
2003-01-11,05:28:52,-175.85,-24.76,33.0,4.7,mb,us
2003-01-11,06:22:57,-177.66,-26.3,152.4,5.1,mb,us
2003-01-11,16:57:00,-179.1,-17.42,515.6,4.4,mb,us
2003-01-12,04:08:19,-173.91,-17.4,58.2,5.1,mwc,hrv
2003-01-12,06:48:30,-178.93,-22.46,300.0,4.3,mb,us
2003-01-13,20:02:01,-173.47,-15.68,33.0,5.3,mwc,hrv
2003-01-15,01:17:55,-178.07,-20.62,550.0,4.4,mb,us
2003-01-15,12:43:23,-178.81,-17.9,600.0,4.1,mb,us
2003-01-15,18:11:46,-179.4,-17.22,600.0,3.8,mb,us
2003-01-15,18:44:09,-178.5,-18.14,600.0,4.5,mb,us
2003-01-15,19:56:52,-173.66,-16.85,33.0,4.6,mb,us
2003-01-16,02:42:00,-179.46,-30.18,400.0,4.2,mb,us
2003-01-16,04:37:43,-173.38,-15.61,33.0,4.5,mb,us
2003-01-17,10:47:59,-176.11,-19.68,233.9,4.1,mb,us
2003-01-17,15:32:00,-178.21,-17.97,650.0,4.4,mb,us
2003-01-18,05:06:48,-178.33,-19.84,600.0,4.5,mb,us
2003-01-18,05:07:23,-178.21,-19.92,600.0,4.3,mb,us
2003-01-18,11:25:48,-176.57,-22.36,116.3,5.2,mwc,hrv
2003-01-18,14:29:58,-176.19,-16.35,369.6,4.5,mb,us
2003-01-19,05:14:38,-174.31,-18.65,33.0,4.7,mb,us
2003-01-19,08:52:36,-179.99,-31.02,400.0,4.3,mb,us
2003-01-19,13:13:52,-178.84,-20.5,600.0,4.5,mb,us
2003-01-20,02:33:39,-178.61,-17.92,600.0,4.2,mb,us
2003-01-20,09:51:01,-176.73,-28.54,33.0,4.6,mb,us
2003-01-20,18:43:53,-178.43,-20.39,600.0,5.6,mwc,hrv
2003-01-20,19:04:51,-173.54,-15.6,100.0,5.8,mwb,us
2003-01-21,04:24:12,-179.81,-30.92,500.0,4.2,mb,us
2003-01-21,14:18:26,-179.71,-22.21,600.0,4.6,mb,us
2003-01-21,16:37:48,-179.94,-23.64,600.0,4.2,mb,us
2003-01-21,20:47:49,-179.0,-17.51,600.0,4.4,mb,us
2003-01-21,21:57:22,-178.35,-20.54,530.1,5.0,mb,us
2003-01-22,07:56:27,-179.0,-21.12,600.0,4.4,mb,us
2003-01-26,04:37:41,-175.03,-18.67,150.0,4.4,mb,us
2003-01-26,05:33:48,-178.56,-27.77,350.0,4.0,mb,us
2003-01-26,20:53:18,-178.71,-17.64,600.0,3.8,mb,us
2003-01-27,02:10:37,-177.39,-17.37,400.0,4.3,mb,us
2003-01-27,11:02:21,-178.83,-20.95,600.0,4.4,mb,us
2003-01-28,19:10:40,-177.71,-19.11,600.0,4.2,mb,us
2003-01-29,03:40:37,-173.7,-16.68,33.0,4.6,mb,us
2003-01-29,14:04:40,-176.4,-18.91,200.0,4.2,mb,us
2003-01-29,14:33:47,-178.91,-20.84,625.0,4.4,mb,us
2003-01-29,16:26:45,-176.68,-18.45,200.0,4.1,mb,us
2003-01-31,16:12:48,-177.58,-19.89,400.0,4.4,mb,us
2003-01-31,19:43:23,-175.94,-19.14,33.0,4.7,mb,us
2003-02-01,22:28:34,-176.52,-22.46,123.2,4.6,mb,us
2003-02-02,00:32:44,-179.37,-21.38,600.0,4.6,mb,us
2003-02-02,06:02:42,-177.4,-26.46,121.8,5.4,mwc,hrv
2003-02-02,12:45:21,-178.15,-18.03,600.0,4.5,mb,us
2003-02-03,06:48:15,-179.99,-24.85,500.0,4.8,mb,us
2003-02-04,01:32:04,-176.38,-29.33,33.0,4.7,mb,us
2003-02-04,06:24:07,-174.44,-18.76,200.0,4.6,mb,us
2003-02-05,01:04:35,-179.22,-32.1,100.0,5.0,mb,us
2003-02-05,07:35:10,-179.15,-28.9,400.0,4.6,mb,us
2003-02-06,15:13:33,-179.99,-23.35,550.1,4.4,mb,us
2003-02-06,23:58:59,-179.15,-14.68,408.4,4.3,mb,us
2003-02-07,04:33:23,-177.44,-28.74,75.5,5.1,mwc,hrv
2003-02-07,14:30:46,-178.09,-18.05,600.0,4.5,mb,us
2003-02-07,18:47:42,-175.72,-21.11,113.7,5.5,mwc,hrv
2003-02-08,13:59:19,-139.87,-58.38,10.0,4.8,mb,us
2003-02-09,00:05:13,-178.86,-20.66,600.0,4.3,mb,us
2003-02-09,14:00:04,-174.74,-19.07,128.8,5.4,mwc,hrv
2003-02-09,19:58:34,-177.7,-22.21,300.0,4.5,mb,us
2003-02-09,20:28:34,-173.69,-16.06,48.5,4.1,mb,us
2003-02-10,08:43:05,-179.23,-17.39,600.0,4.0,mb,us
2003-02-10,12:48:13,-176.34,-24.52,33.0,5.6,mwc,hrv
2003-02-10,14:11:10,-178.8,-17.55,600.0,4.1,mb,us
2003-02-10,20:16:04,-178.29,-20.53,600.0,4.6,mb,us
2003-02-10,23:33:39,-179.31,-24.22,500.0,4.8,mb,us
2003-02-11,00:49:50,-174.97,-16.25,300.0,5.1,mwc,hrv
2003-02-11,04:23:20,-178.15,-20.41,600.0,4.6,mb,us
2003-02-12,11:44:34,-175.44,-19.55,165.2,4.9,mb,us
2003-02-13,15:38:52,-179.64,-22.21,591.0,5.6,mwc,hrv
2003-02-14,03:21:16,-173.32,-16.45,33.0,5.7,mwc,hrv
2003-02-14,06:04:23,-178.92,-17.56,600.0,4.1,mb,us
2003-02-14,06:57:19,-176.47,-16.11,400.0,4.4,mb,us
2003-02-14,21:42:17,-178.28,-20.06,600.0,4.7,mb,us
2003-02-14,22:43:18,-178.47,-19.77,600.0,4.1,mb,us
2003-02-15,00:09:11,-178.71,-17.54,506.2,4.0,mb,us
2003-02-15,06:47:44,-176.6,-18.48,305.5,4.7,mb,us
2003-02-15,06:56:02,-179.54,-33.83,33.0,4.7,mb,us
2003-02-15,21:56:11,-174.96,-22.61,33.0,4.7,mb,us
2003-02-16,02:48:12,-179.52,-34.87,41.1,5.4,mwc,hrv
2003-02-16,03:20:22,-179.31,-34.66,33.0,4.5,mb,us
2003-02-16,09:23:54,-177.85,-20.36,500.0,4.3,mb,us
2003-02-16,09:50:06,-175.43,-17.32,331.6,4.5,mb,us
2003-02-16,12:09:49,-178.83,-17.69,600.0,3.7,mb,us
2003-02-16,22:24:23,-179.76,-34.8,33.0,5.2,mwc,hrv
2003-02-17,11:20:34,-177.93,-18.73,600.0,4.2,mb,us
2003-02-18,06:33:03,-178.92,-17.61,600.0,4.2,mb,us
2003-02-18,23:54:42,-179.92,-23.73,531.1,4.8,mb,us
2003-02-19,00:42:52,-142.8,-56.94,10.0,5.6,mwc,hrv
2003-02-20,05:48:19,-160.57,-62.46,10.0,5.4,mwc,hrv
2003-02-20,09:41:58,-173.6,-16.05,33.0,4.5,mb,us
2003-02-20,12:25:46,-179.51,-15.38,33.0,4.6,mb,us
2003-02-21,02:23:19,-178.58,-21.03,600.0,4.6,mb,us
2003-02-21,04:32:38,-176.04,-23.68,33.0,4.8,mb,us
2003-02-21,22:13:25,-178.3,-25.95,255.3,5.9,mwb,us
2003-02-22,01:45:38,-172.91,-15.9,33.0,5.1,mwc,hrv
2003-02-22,10:16:17,-177.75,-19.95,400.0,4.3,mb,us
2003-02-22,12:17:46,-178.11,-18.31,550.0,4.5,mb,us
2003-02-22,15:08:03,-178.0,-33.52,50.1,4.9,mb,us
2003-02-22,20:05:17,-178.45,-27.45,300.0,4.6,mb,us
2003-02-23,02:24:22,-178.46,-21.27,500.0,4.3,mb,us
2003-02-23,13:38:29,-178.59,-34.3,42.7,4.1,mb,us
2003-02-23,15:35:43,-177.72,-19.99,500.0,3.7,mb,us
2003-02-24,21:47:34,-179.65,-31.92,300.0,4.7,mb,us
2003-02-25,17:38:34,-177.04,-16.18,500.0,4.4,mb,us
2003-02-25,19:32:40,-176.43,-19.54,33.0,5.4,mwc,hrv
2003-02-27,03:01:41,-178.14,-19.72,500.0,4.4,mb,us
2003-02-27,15:49:01,-173.83,-15.06,33.0,4.7,mb,us
2003-02-27,20:33:44,-178.96,-25.1,300.0,4.4,mb,us
2003-02-27,20:56:47,-172.25,-15.39,33.0,4.1,mb,us
2003-02-28,08:33:12,-175.58,-18.14,250.0,4.5,mb,us
2003-02-28,15:48:33,-177.46,-28.81,50.5,4.6,mb,us
2003-03-01,01:12:33,-173.59,-15.26,33.0,4.8,mb,us
2003-03-01,22:45:33,-177.86,-20.08,504.7,4.5,mb,us
2003-03-02,08:58:17,-176.84,-22.02,171.4,4.6,mb,us
2003-03-02,13:07:20,-178.8,-35.08,46.4,5.3,mwc,hrv
2003-03-02,14:24:40,-173.45,-16.34,33.0,0.0,,us
2003-03-02,20:31:25,-179.99,-23.58,550.0,4.1,mb,us
2003-03-03,11:06:37,-175.55,-18.51,222.3,4.9,mb,us
2003-03-03,12:00:17,-178.29,-20.88,600.0,4.4,mb,us
2003-03-03,12:21:53,-178.52,-17.33,500.0,4.5,mb,us
2003-03-03,17:08:13,-178.65,-17.56,500.0,4.4,mb,us
2003-03-03,18:11:38,-179.29,-21.51,600.0,4.4,mb,us
2003-03-05,08:30:23,-178.76,-17.84,600.0,4.2,mb,us
2003-03-05,16:14:14,-178.34,-20.29,550.0,3.9,mb,us
2003-03-05,20:45:08,-179.79,-22.33,600.0,4.4,mb,us
2003-03-05,21:04:52,-178.75,-17.67,600.0,3.8,mb,us
2003-03-06,10:24:42,-175.81,-23.6,10.0,5.8,mwb,us
2003-03-07,04:07:24,-178.92,-17.73,600.0,4.0,mb,us
2003-03-07,12:55:54,-178.31,-20.4,600.0,4.8,mb,us
2003-03-07,16:05:00,-176.46,-27.13,33.0,0.0,,us
2003-03-07,18:27:50,-176.46,-26.94,33.0,4.7,mb,us
2003-03-07,18:47:37,-179.39,-28.89,400.0,4.2,mb,us
2003-03-08,14:48:13,-175.63,-23.67,10.0,4.8,mb,us
2003-03-09,05:08:12,-179.71,-22.72,550.0,4.2,mb,us
2003-03-09,08:21:45,-179.16,-37.19,33.0,3.9,ml,wel
2003-03-09,08:34:24,-173.34,-15.44,33.0,4.2,mb,us
2003-03-09,09:34:54,-179.89,-23.63,500.0,4.4,mb,us
2003-03-09,12:48:39,-179.65,-25.34,600.0,4.2,mb,us
2003-03-09,14:20:40,-178.92,-33.86,33.0,4.3,mb,us
2003-03-09,16:54:58,-179.25,-33.35,33.0,5.3,mwc,hrv
2003-03-10,10:02:42,-177.68,-28.07,146.6,5.9,mwb,us
2003-03-10,19:37:47,-173.75,-16.76,33.0,4.8,mb,us
2003-03-10,19:41:19,-179.36,-21.85,600.0,4.7,mb,us
2003-03-10,20:14:11,-175.8,-23.59,10.0,4.8,mb,us
2003-03-11,01:21:17,-178.36,-20.24,600.0,4.4,mb,us
2003-03-11,08:20:36,-179.65,-22.44,600.0,4.9,mb,us
2003-03-12,04:44:29,-174.07,-16.35,33.0,4.3,mb,us
2003-03-13,21:53:07,-178.07,-19.36,672.2,4.5,mb,us
2003-03-14,11:35:29,-179.57,-21.62,650.0,4.4,mb,us
2003-03-14,12:54:12,-175.18,-17.42,274.9,6.4,mwb,us
2003-03-14,13:57:27,-179.19,-35.23,33.0,0.0,,us
2003-03-14,14:54:22,-174.63,-17.91,133.4,4.6,mb,us
2003-03-14,19:24:17,-175.21,-25.65,29.1,4.9,mb,us
2003-03-15,01:06:39,-175.42,-25.16,27.9,4.6,mb,us
2003-03-15,07:03:06,-179.61,-22.3,595.0,4.7,mb,us
2003-03-15,19:04:08,-179.05,-32.97,33.0,5.2,mb,us
2003-03-16,08:42:16,-149.32,-18.24,12.0,0.0,,us
2003-03-16,16:20:11,-177.53,-21.18,350.0,3.8,mb,us
2003-03-17,22:58:43,-179.1,-21.14,500.0,0.0,,us
2003-03-18,09:45:32,-178.86,-16.93,500.0,4.6,mb,us
2003-03-18,11:53:03,-178.57,-17.94,580.2,4.6,mb,us
2003-03-19,11:07:57,-174.76,-15.85,33.0,4.7,mb,us
2003-03-19,11:55:41,-178.16,-17.07,400.0,4.2,mb,us
2003-03-20,02:52:57,-175.4,-14.79,33.0,5.1,mwc,hrv
2003-03-20,04:39:54,-178.52,-17.97,571.5,4.3,mb,us
2003-03-20,20:43:42,-175.36,-17.31,300.0,4.5,mb,us
2003-03-21,10:35:08,-178.69,-17.7,571.6,4.7,mb,us
2003-03-21,19:42:27,-179.85,-15.51,33.0,5.8,mwc,hrv
2003-03-22,21:26:58,-173.59,-16.8,89.7,4.7,mb,us
2003-03-23,16:44:46,-177.77,-15.04,400.0,4.0,mb,us
2003-03-26,01:15:11,-179.49,-30.45,400.0,3.9,mb,us
2003-03-26,09:29:59,-179.62,-22.33,584.5,4.3,mb,us
2003-03-26,22:51:51,-174.0,-14.85,33.0,4.1,mb,us
2003-03-28,05:51:21,-150.56,-57.33,10.0,4.9,mwc,hrv
2003-03-28,06:44:47,-177.56,-30.08,33.0,4.3,mb,us
2003-03-28,12:28:44,-179.0,-17.24,600.0,4.4,mb,us
2003-03-28,17:31:48,-173.51,-15.32,41.2,6.2,mwc,hrv
2003-03-28,18:07:01,-179.12,-21.0,650.0,0.0,,us
2003-03-28,19:03:32,-173.5,-15.0,33.0,4.3,mb,us
2003-03-29,02:28:55,-178.85,-18.28,498.1,4.3,mb,us
2003-03-29,20:21:09,-178.04,-19.93,546.7,4.2,mb,us
2003-03-30,06:10:08,-173.35,-15.44,33.0,3.7,mb,us
2003-03-30,11:05:06,-178.0,-15.45,33.0,3.9,mb,us
2003-03-31,07:44:43,-174.12,-16.0,133.4,4.2,mb,us
2003-03-31,14:13:50,-178.66,-17.86,600.0,4.0,mb,us
2003-03-31,14:55:59,-178.7,-17.58,500.0,4.5,mb,us
2003-04-01,04:13:48,-178.58,-17.91,600.0,4.6,mb,us
2003-04-01,04:24:34,-173.33,-15.34,33.0,4.7,mb,us
2003-04-01,04:31:52,-177.69,-19.72,450.0,4.1,mb,us
2003-04-01,11:26:01,-174.51,-16.66,150.0,4.6,mb,us
2003-04-01,15:16:48,-178.22,-18.21,600.0,4.3,mb,us
2003-04-02,03:04:27,-173.68,-15.01,33.0,4.7,mb,us
2003-04-02,05:37:18,-179.17,-17.47,600.0,3.9,mb,us
2003-04-02,09:18:10,-139.87,-58.4,10.0,4.7,mb,us
2003-04-02,16:09:22,-179.1,-20.85,600.0,4.2,mb,us
2003-04-03,06:45:29,-179.38,-32.39,200.0,4.4,mb,us
2003-04-03,17:20:38,-178.64,-19.89,600.0,4.1,mb,us
2003-04-04,17:40:20,-173.54,-16.18,33.0,4.4,mb,us
2003-04-05,08:59:45,-178.81,-17.53,600.0,3.9,mb,us
2003-04-05,16:35:10,-175.8,-18.5,200.0,4.3,mb,us
2003-04-05,18:21:25,-178.64,-15.13,394.3,4.7,mb,us
2003-04-06,02:19:16,-178.62,-17.75,600.0,4.0,mb,us
2003-04-06,04:55:00,-174.28,-20.94,42.7,4.7,mb,us
2003-04-06,11:59:55,-140.65,-56.91,10.0,4.9,mb,us
2003-04-06,14:03:59,-179.35,-16.88,500.0,3.7,mb,us
2003-04-08,01:36:27,-175.46,-16.65,150.0,4.2,mb,us
2003-04-08,09:39:56,-178.65,-17.9,600.0,4.6,mb,us
2003-04-09,03:24:13,-178.17,-18.37,400.0,0.0,,us
2003-04-09,04:45:58,-176.79,-20.5,224.2,4.3,mb,us
2003-04-09,19:10:20,-179.86,-22.8,600.0,4.7,mb,us
2003-04-10,15:11:48,-173.8,-20.24,33.0,5.0,mwc,hrv
2003-04-11,07:16:08,-179.06,-17.47,533.5,4.9,mb,us
2003-04-11,17:16:50,-174.22,-16.92,33.0,4.2,mb,us
2003-04-11,18:29:05,-179.86,-22.89,600.0,4.5,mb,us
2003-04-11,20:29:09,-178.67,-17.89,600.0,4.2,mb,us
2003-04-12,00:26:57,-178.01,-18.03,614.8,4.2,mb,us
2003-04-12,07:54:59,-176.01,-20.56,170.3,4.5,mb,us
2003-04-13,03:37:00,-178.41,-20.57,550.0,4.2,mb,us
2003-04-13,09:44:35,-177.89,-18.55,600.0,4.6,mb,us
2003-04-13,09:47:28,-178.16,-18.44,600.0,3.9,mb,us
2003-04-13,09:47:31,-178.1,-18.49,600.0,4.1,mb,us
2003-04-13,11:08:15,-179.58,-29.9,350.0,3.9,mb,us
2003-04-13,22:07:24,-177.3,-27.93,51.5,4.7,mb,us
2003-04-14,01:03:07,-175.14,-17.01,150.0,4.4,mb,us
2003-04-15,01:38:19,-179.16,-21.19,600.0,4.5,mb,us
2003-04-15,04:05:37,-176.62,-19.71,250.0,4.2,mb,us
2003-04-15,09:09:03,-178.84,-20.23,600.0,4.4,mb,us
2003-04-15,11:11:48,-178.95,-17.52,500.0,4.3,mb,us
2003-04-16,00:15:07,-175.37,-19.2,33.0,4.8,mb,us
2003-04-16,04:40:28,-178.42,-20.42,600.0,3.8,mb,us
2003-04-16,19:22:35,-129.06,-55.37,10.0,5.4,mwc,hrv
2003-04-16,20:24:33,-128.84,-55.36,10.0,5.2,mwc,hrv
2003-04-16,21:05:44,-128.8,-55.42,10.0,4.8,mb,us
2003-04-16,22:59:31,-128.39,-55.14,10.0,4.2,mb,us
2003-04-17,03:46:43,-128.92,-55.27,10.0,5.5,mwc,hrv
2003-04-17,06:53:26,-172.53,-18.27,33.0,4.5,mb,us
2003-04-18,06:17:08,-177.58,-19.85,500.0,4.0,mb,us
2003-04-18,08:35:54,-128.7,-55.04,10.0,5.6,mwc,hrv
2003-04-18,16:07:22,-178.5,-20.38,600.0,4.2,mb,us
2003-04-18,17:13:35,-178.08,-31.31,54.6,4.8,mb,us
2003-04-18,23:32:04,-173.86,-17.76,33.0,5.6,mwc,hrv
2003-04-19,05:19:29,-176.57,-21.17,195.2,4.7,mb,us
2003-04-19,17:37:32,-155.99,-56.64,10.0,4.9,mb,us
2003-04-20,15:58:05,-174.49,-17.59,200.0,4.3,mb,us
2003-04-20,17:06:14,-128.7,-55.62,10.0,4.5,mb,us
2003-04-20,17:24:27,-128.64,-55.2,10.0,4.2,mb,us
2003-04-20,21:46:10,-179.22,-21.15,650.0,4.2,mb,us
2003-04-20,23:02:50,-178.05,-29.35,33.0,4.2,mb,us
2003-04-20,23:44:13,-178.8,-17.49,600.0,4.1,mb,us
2003-04-21,22:59:50,-178.28,-21.01,400.0,4.3,mb,us
2003-04-22,02:03:26,-174.51,-21.43,33.0,5.3,mwc,hrv
2003-04-22,04:34:00,-174.16,-15.37,33.0,5.0,mb,us
2003-04-22,09:36:09,-174.66,-21.26,33.0,4.7,mb,us
2003-04-22,16:39:45,-173.79,-15.14,43.8,5.6,mwc,hrv
2003-04-23,02:08:54,-179.16,-21.17,621.5,4.7,mb,us
2003-04-23,04:33:47,-179.89,-23.71,506.4,4.7,mb,us
2003-04-24,18:39:26,-177.84,-15.62,430.2,4.4,mb,us
2003-04-25,00:30:06,-177.24,-27.18,55.3,4.5,mb,us
2003-04-25,06:24:13,-177.43,-23.75,184.1,4.2,mb,us
2003-04-25,07:34:41,-178.25,-20.52,600.0,4.0,mb,us
2003-04-25,11:25:57,-178.37,-20.42,600.0,0.0,,us
2003-04-26,18:51:32,-175.36,-17.3,246.1,4.0,mb,us
2003-04-27,04:06:13,-174.22,-16.54,33.0,4.1,mb,us
2003-04-27,05:32:22,-179.76,-23.79,500.0,4.2,mb,us
2003-04-27,13:48:48,-179.8,-23.74,450.0,3.9,mb,us
2003-04-27,15:19:29,-177.02,-22.77,167.0,4.5,mb,us
2003-04-27,16:25:48,-177.89,-20.96,550.0,3.8,mb,us
2003-04-27,18:14:02,-179.0,-17.3,600.0,4.1,mb,us
2003-04-28,03:59:19,-178.45,-20.33,600.0,3.8,mb,us
2003-04-28,11:29:07,-178.0,-20.33,525.3,4.3,mb,us
2003-04-28,17:36:41,-178.86,-17.7,600.0,4.3,mb,us
2003-04-29,07:30:02,-175.0,-21.56,33.0,4.5,mb,us
2003-04-29,09:42:14,-177.86,-31.04,33.0,4.6,mb,us
2003-04-29,14:49:33,-178.75,-20.82,600.0,4.4,mb,us
2003-04-29,19:07:33,-142.02,-56.69,10.0,4.6,mb,us
2003-05-01,10:50:59,-179.99,-35.88,33.0,4.4,ml,wel
2003-05-01,12:31:57,-139.89,-58.22,10.0,4.7,mb,us
2003-05-01,15:48:34,-178.86,-31.79,80.7,5.2,mwc,hrv
2003-05-01,23:36:44,-179.52,-22.13,600.0,4.7,mb,us
2003-05-02,08:52:11,-178.65,-17.96,600.0,4.2,mb,us
2003-05-02,15:55:58,-173.63,-15.1,33.0,4.4,mb,us
2003-05-03,05:03:03,-173.75,-15.14,33.0,6.2,mwb,us
2003-05-03,11:24:13,-176.22,-22.79,33.0,4.6,mb,us
2003-05-04,01:56:32,-178.48,-27.62,300.0,4.5,mb,us
2003-05-04,05:23:38,-176.3,-14.67,300.0,4.2,mb,us
2003-05-04,13:15:19,-178.23,-30.53,62.4,6.7,mwb,us
2003-05-04,13:48:43,-178.14,-29.98,61.0,4.8,mb,us
2003-05-04,20:08:46,-178.29,-30.59,45.6,6.4,mwb,us
2003-05-04,21:45:51,-178.21,-30.42,65.4,5.0,mb,us
2003-05-05,01:11:57,-177.9,-30.24,33.0,4.8,mb,us
2003-05-05,13:59:24,-173.03,-15.27,34.6,4.6,mb,us
2003-05-05,15:29:46,-176.71,-21.13,200.0,4.2,mb,us
2003-05-07,14:18:07,-176.18,-22.85,33.0,4.8,mb,us
2003-05-07,22:32:49,-177.72,-30.08,33.0,5.1,mb,us
2003-05-08,03:18:18,-178.26,-30.29,200.0,4.6,mb,us
2003-05-08,13:08:11,-174.68,-18.66,33.0,4.6,mb,us
2003-05-08,17:49:28,-176.46,-20.04,300.0,4.4,mb,us
2003-05-10,04:11:55,-179.45,-32.2,386.7,4.5,mb,us
2003-05-10,14:27:00,-177.56,-30.49,33.0,4.7,mb,us
2003-05-10,14:49:00,-177.68,-30.5,33.0,5.2,mwc,hrv
2003-05-10,17:12:57,-179.7,-17.93,600.0,4.2,mb,us
2003-05-11,06:22:10,-174.46,-16.61,33.0,4.1,mb,us
2003-05-11,06:24:22,-149.55,-17.85,12.0,0.0,,us
2003-05-12,10:37:04,-179.0,-21.0,600.0,4.1,mb,us
2003-05-12,20:55:36,-178.29,-20.42,600.0,4.2,mb,us
2003-05-13,06:50:05,-178.15,-18.25,400.0,4.0,mb,us
2003-05-13,15:31:20,-179.01,-17.54,600.0,4.7,mb,us
2003-05-14,10:26:31,-177.43,-19.24,500.0,4.6,mb,us
2003-05-14,22:47:31,-179.14,-17.18,500.0,4.3,mb,us
2003-05-15,07:11:29,-176.74,-22.91,113.2,4.8,mb,us
2003-05-15,15:45:04,-178.07,-18.58,600.0,4.6,mb,us
2003-05-17,11:35:28,-172.87,-17.32,33.0,4.5,mb,us
2003-05-17,13:13:46,-177.49,-25.28,257.6,4.2,mb,us
2003-05-18,08:23:03,-136.56,-54.2,10.0,5.2,mwc,hrv
2003-05-18,15:56:13,-178.44,-18.9,650.0,4.1,mb,us
2003-05-18,23:48:40,-178.74,-17.86,600.0,4.4,mb,us
2003-05-19,10:43:23,-178.67,-18.04,563.8,6.0,mwb,us
2003-05-19,11:43:14,-178.7,-18.16,572.8,5.2,mb,us
2003-05-20,05:00:00,-177.85,-18.46,600.1,4.5,mb,us
2003-05-20,05:05:28,-177.82,-18.53,600.0,4.4,mb,us
2003-05-20,09:27:13,-178.48,-17.98,600.0,4.4,mb,us
2003-05-20,18:39:27,-178.58,-31.73,33.0,5.0,mb,us
2003-05-20,19:10:17,-174.36,-16.05,163.9,4.7,mb,us
2003-05-21,04:11:06,-177.6,-19.75,400.0,4.5,mb,us
2003-05-21,09:04:03,-175.24,-22.78,33.0,5.0,mb,us
2003-05-21,17:43:26,-177.92,-29.39,33.0,4.5,mb,us
2003-05-21,21:55:15,-178.32,-18.58,500.0,4.4,mb,us
2003-05-21,22:20:49,-178.74,-17.36,550.0,4.6,mb,us
2003-05-22,16:14:43,-179.62,-21.22,683.0,4.5,mb,us
2003-05-23,06:08:52,-178.62,-17.85,600.0,4.2,mb,us
2003-05-24,21:02:58,-177.91,-18.5,581.2,4.3,mb,us
2003-05-25,15:39:13,-172.82,-16.07,30.5,4.5,mb,us
2003-05-26,11:32:49,-178.54,-20.6,600.0,4.3,mb,us
2003-05-27,04:31:06,-179.54,-33.46,100.0,5.5,mwc,hrv
2003-05-27,11:39:29,-179.66,4.34,10.0,4.9,mb,us
2003-05-27,19:06:39,-178.76,-15.16,350.0,4.2,mb,us
2003-05-28,01:53:00,-177.94,-16.28,33.0,4.5,mb,us
2003-05-29,06:01:07,-175.98,-23.69,33.0,4.9,mb,us
2003-05-29,23:56:48,-139.9,-58.22,10.0,5.0,mb,us
2003-05-30,05:22:41,-178.03,-20.45,600.0,4.4,mb,us
2003-05-30,20:31:58,-177.56,-16.43,33.0,4.4,mb,us
2003-05-31,08:38:04,-148.81,-17.84,10.0,1.4,ml,ppt
2003-06-01,08:10:52,-149.44,-17.87,10.0,0.0,,us
2003-06-02,00:12:39,-178.02,-20.72,500.0,3.9,mb,us
2003-06-02,16:03:15,-179.06,-17.75,600.0,4.6,mb,us
2003-06-03,06:15:04,-179.58,-33.64,33.0,5.3,mwc,hrv
2003-06-03,22:51:17,-175.32,-22.56,33.0,4.8,mb,us
2003-06-04,01:01:32,-178.56,-29.55,220.4,4.4,mb,us
2003-06-04,06:03:44,-177.84,-30.29,33.0,5.0,mb,us
2003-06-04,17:05:48,-177.68,-27.6,109.2,4.6,mb,us
2003-06-04,23:13:56,-175.69,-20.42,33.0,4.6,mb,us
2003-06-05,03:34:30,-176.71,-28.01,33.0,5.2,mwc,hrv
2003-06-05,05:14:46,-175.28,-17.75,250.4,4.5,mb,us
2003-06-05,08:23:17,-178.8,-30.62,115.2,5.8,mwb,us
2003-06-05,22:32:33,-177.33,-20.51,400.0,4.4,mb,us
2003-06-06,01:20:38,-177.58,-30.17,33.0,5.0,mb,us
2003-06-07,20:47:19,-178.15,-19.99,631.8,4.5,mb,us
2003-06-08,02:01:25,-178.59,-17.96,600.0,3.8,mb,us
2003-06-08,04:32:36,-177.36,-17.29,400.0,4.2,mb,us
2003-06-08,06:26:04,-178.29,-18.14,500.0,4.0,mb,us
2003-06-08,09:37:05,-177.93,-29.72,33.0,4.3,mb,us
2003-06-08,13:44:51,-179.85,-23.84,500.0,4.3,mb,us
2003-06-09,12:22:06,-177.4,-17.43,400.0,4.3,mb,us
2003-06-09,21:45:08,-177.25,-27.24,112.8,4.9,mb,us
2003-06-10,00:09:02,-177.18,-22.53,200.0,4.5,mb,us
2003-06-11,02:35:59,-129.58,-55.0,10.0,4.8,mb,us
2003-06-11,15:01:23,-179.15,-22.8,400.0,4.0,mb,us
2003-06-11,22:03:30,-178.54,-20.83,500.0,4.4,mb,us
2003-06-12,10:30:42,-178.96,-20.84,601.0,4.5,mb,us
2003-06-13,08:35:15,-174.45,-16.02,33.0,0.0,,us
2003-06-14,04:50:46,-177.59,-19.26,572.9,4.5,mb,us
2003-06-14,08:35:53,-177.43,-17.32,350.0,4.2,mb,us
2003-06-14,13:45:47,-176.76,-22.66,113.4,5.0,mb,us
2003-06-14,14:37:00,-173.92,-15.43,88.9,4.4,mb,us
2003-06-14,15:40:29,-178.29,-21.57,410.7,4.3,mb,us
2003-06-14,22:07:03,-178.86,-21.4,588.6,3.8,mb,us
2003-06-14,23:18:04,-178.4,-28.52,293.3,0.0,,us
2003-06-15,04:18:07,-178.03,-26.34,250.0,4.0,mb,us
2003-06-15,06:23:18,-178.96,-17.52,529.1,5.4,mwc,hrv
2003-06-15,10:43:33,-174.6,-17.05,33.0,4.3,mb,us
2003-06-15,22:49:40,-177.99,-18.42,550.0,4.4,mb,us
2003-06-16,03:22:40,-177.56,-26.72,132.7,4.6,mb,us
2003-06-16,12:29:44,-178.4,-20.74,500.0,4.2,mb,us
2003-06-16,15:17:39,-178.82,-17.9,500.0,4.1,mb,us
2003-06-16,17:45:58,-177.74,-19.36,600.0,4.4,mb,us
2003-06-17,09:57:53,-176.33,-27.53,33.0,4.3,mb,us
2003-06-17,20:12:05,-147.4,-57.9,10.0,4.5,mb,us
2003-06-17,23:14:22,-172.97,-16.89,33.0,4.4,mb,us
2003-06-18,03:14:39,-173.86,-15.12,33.0,4.4,mb,us
2003-06-18,13:34:38,-178.25,-32.32,33.0,5.0,mb,us
2003-06-18,22:56:44,-172.95,-17.26,33.0,4.7,mb,us
2003-06-19,02:55:11,-174.66,-16.6,200.0,4.1,mb,us
2003-06-19,07:00:41,-178.53,-20.95,539.7,4.8,mb,us
2003-06-19,10:37:03,-172.96,-16.79,33.0,4.8,mb,us
2003-06-19,15:48:42,-178.86,-16.9,400.0,0.0,,us
2003-06-19,20:58:08,-178.34,-31.26,52.5,4.9,mwc,hrv
2003-06-20,11:19:03,-178.78,-17.2,500.0,4.6,mb,us
2003-06-20,12:00:05,-178.49,-30.62,33.0,4.9,mb,us
2003-06-21,05:19:31,-178.03,-19.97,446.8,4.2,mb,us
2003-06-21,09:59:31,-179.94,-24.64,470.0,4.3,mb,us
2003-06-22,00:55:46,-179.54,-23.7,500.0,4.0,mb,us
2003-06-22,02:26:06,-179.33,-32.65,33.0,4.4,mb,us
2003-06-22,03:51:58,-178.11,-30.83,33.0,4.6,mb,us
2003-06-22,09:16:43,-175.66,-22.1,33.0,4.4,mb,us
2003-06-22,15:20:32,-179.06,-29.7,350.0,3.9,mb,us
2003-06-23,15:18:48,-178.24,-31.15,33.0,0.0,,us
2003-06-23,15:32:52,-177.76,-19.34,600.0,4.3,mb,us
2003-06-24,05:48:50,-178.45,-18.11,600.0,4.3,mb,us
2003-06-24,13:44:53,-148.88,-17.84,10.0,2.1,ml,ppt
2003-06-25,08:22:19,-158.28,-62.89,10.0,5.3,mwc,hrv
2003-06-25,11:43:19,-178.31,-17.9,461.4,4.5,mb,us
2003-06-26,08:27:00,-178.48,-17.39,400.0,0.0,,us
2003-06-26,18:37:04,-178.6,-18.04,600.0,4.1,mb,us
2003-06-26,23:59:32,-177.57,-29.07,53.1,4.8,mb,us
2003-06-27,07:34:02,-174.96,-18.87,200.0,0.0,,us
2003-06-27,10:18:35,-177.88,-17.32,400.0,4.5,mb,us
2003-06-27,17:12:12,-179.27,-15.07,300.0,0.0,,us
2003-06-27,21:36:11,-173.51,-15.0,33.0,0.0,,us
2003-06-28,04:49:36,-177.89,-20.62,362.2,4.4,mb,us
2003-06-28,12:23:40,-179.36,-32.67,33.0,0.0,,us
2003-06-28,16:43:49,-178.03,-27.71,103.7,4.3,mb,us
2003-06-28,21:46:23,-174.9,-15.33,267.8,4.0,mb,us
2003-06-29,04:31:36,-173.47,-15.39,33.0,4.6,mb,us
2003-06-29,17:51:11,-175.8,-18.66,33.0,4.8,mb,us
2003-06-29,18:43:17,-177.07,-26.69,33.0,4.3,mb,us
2003-06-30,01:12:45,-178.46,-17.99,582.7,4.5,mb,us
2003-06-30,12:56:59,-179.01,-22.14,600.0,4.2,mb,us
2003-06-30,23:31:11,-178.43,-27.36,200.0,0.0,,us
2003-07-01,00:52:34,-176.9,-23.75,33.0,4.5,mb,us
2003-07-01,04:49:09,-173.96,-17.33,33.0,4.0,mb,us
2003-07-01,12:10:13,-173.52,-15.25,33.0,4.6,mb,us
2003-07-01,13:10:59,-173.45,-15.33,33.0,4.8,mb,us
2003-07-01,13:45:30,-173.43,-15.33,33.0,4.7,mb,us
2003-07-01,17:46:50,-174.31,-17.47,33.0,4.3,mb,us
2003-07-02,20:18:23,-179.42,-21.38,600.0,4.2,mb,us
2003-07-03,02:55:25,-178.12,-32.56,33.0,0.0,,us
2003-07-03,06:21:50,-174.52,-21.28,10.0,6.0,mwc,hrv
2003-07-03,18:57:28,-174.64,-18.52,92.5,5.3,mwc,hrv
2003-07-04,00:26:25,-139.86,-58.32,10.0,0.0,,us
2003-07-04,01:15:57,-174.54,-20.96,33.0,5.3,mwc,hrv
2003-07-04,07:03:12,-179.4,-22.89,600.0,0.0,,us
2003-07-04,16:57:12,-175.11,-15.63,400.0,4.1,mb,us
2003-07-04,23:45:05,-178.58,-17.97,600.0,4.2,mb,us
2003-07-05,09:48:24,-178.81,-32.13,33.0,4.7,mb,us
2003-07-06,01:10:34,-177.46,-30.27,33.0,5.0,mb,us
2003-07-06,01:35:17,-177.36,-30.28,33.0,4.6,mb,us
2003-07-06,01:48:21,-177.35,-30.29,33.0,4.8,mb,us
2003-07-06,01:52:30,-177.16,-29.98,33.0,4.8,mb,us
2003-07-06,06:38:01,-179.51,-21.77,600.0,4.4,mb,us
2003-07-06,07:41:00,-179.35,-31.01,200.0,3.9,mb,us
2003-07-06,12:59:55,-177.35,-30.11,33.0,4.6,mb,us
2003-07-07,13:46:10,-178.25,-20.88,450.0,4.4,mb,us
2003-07-07,16:30:08,-179.5,-21.93,595.3,5.4,mwc,hrv
2003-07-07,17:35:52,-178.63,-21.07,600.0,4.2,mb,us
2003-07-08,06:02:22,-179.58,-22.19,600.0,0.0,,us
2003-07-08,07:40:46,-173.76,-14.98,33.0,4.6,mb,us
2003-07-08,18:27:02,-177.75,-15.48,350.0,4.7,mb,us
2003-07-08,20:22:30,-175.43,-17.07,33.0,4.5,mb,us
2003-07-11,01:21:49,-175.22,-17.29,300.0,4.3,mb,us
2003-07-11,12:06:28,-178.49,-20.45,600.0,4.2,mb,us
2003-07-11,23:16:06,-179.09,-17.27,600.0,0.0,,us
2003-07-12,00:25:53,-176.79,-18.35,200.0,4.1,mb,us
2003-07-12,11:48:40,-177.67,-19.78,409.8,4.4,mb,us
2003-07-12,19:16:38,-179.64,4.34,10.0,4.6,mb,us
2003-07-12,21:04:48,-178.12,-32.58,33.0,4.7,mb,us
2003-07-13,01:00:21,-179.68,4.46,10.0,4.2,mb,us
2003-07-13,02:13:16,-178.61,-20.45,600.0,4.3,mb,us
2003-07-14,00:21:43,-178.35,-20.7,600.0,4.4,mb,us
2003-07-14,02:49:45,-178.2,-18.64,500.0,4.4,mb,us
2003-07-14,05:06:49,-178.35,-18.07,600.0,4.3,mb,us
2003-07-14,09:22:45,-179.74,-22.8,600.0,0.0,,us
2003-07-14,09:32:05,-178.11,-20.77,500.0,4.3,mb,us
2003-07-14,18:19:42,-174.35,-21.3,33.0,5.1,mwc,hrv
2003-07-15,04:13:05,-178.17,-20.09,500.0,4.4,mb,us
2003-07-15,06:08:01,-174.4,-16.77,100.0,4.8,mb,us
2003-07-15,23:36:22,-179.43,-21.44,612.2,5.0,mb,us
2003-07-16,21:49:03,-178.35,-18.24,600.0,3.9,mb,us
2003-07-18,02:28:25,-173.17,-17.87,33.0,5.4,mwc,hrv
2003-07-18,03:40:56,-174.91,-18.41,33.0,0.0,,us
2003-07-18,04:17:47,-178.96,-30.72,150.0,4.4,mb,us
2003-07-18,11:02:11,-175.34,-17.91,250.0,3.9,mb,us
2003-07-18,15:02:59,-175.92,-15.85,200.0,4.1,mb,us
2003-07-18,20:17:56,-179.96,-23.98,500.0,4.2,mb,us
2003-07-18,20:48:10,-177.89,-18.77,600.0,4.4,mb,us
2003-07-18,21:18:32,-179.75,-22.18,600.0,4.0,mb,us
2003-07-19,11:26:34,-179.09,-22.42,393.2,4.2,mb,us
2003-07-19,18:07:37,-176.62,-20.2,256.3,4.4,mb,us
2003-07-20,07:13:51,-178.64,-30.45,33.0,4.2,mb,us
2003-07-20,07:16:41,-177.88,-26.55,250.0,3.8,mb,us
2003-07-20,16:34:24,-174.62,-18.13,100.0,4.5,mb,us
2003-07-20,16:50:18,-176.38,-27.22,33.0,4.7,mb,us
2003-07-20,17:04:00,-178.63,-21.15,600.0,4.2,mb,us
2003-07-20,18:22:44,-173.84,-15.34,33.0,4.4,mb,us
2003-07-20,19:26:26,-179.22,-30.59,250.0,4.0,mb,us
2003-07-22,02:13:24,-173.38,-18.98,33.0,5.2,mwc,hrv
2003-07-22,07:24:39,-177.32,-17.73,100.0,4.3,mb,us
2003-07-22,10:04:16,-177.76,-18.93,400.0,4.3,mb,us
2003-07-24,07:10:30,-177.27,-16.6,33.0,4.8,mb,us
2003-07-25,01:57:09,-173.13,-15.94,33.0,0.0,,us
2003-07-25,16:06:05,-178.79,-32.51,400.0,4.7,mb,us
2003-07-25,18:19:54,-177.84,-20.16,500.0,4.3,mb,us
2003-07-25,20:23:18,-176.83,-27.79,33.0,4.5,mb,us
2003-07-26,02:25:43,-178.06,-21.26,438.0,4.0,mb,us
2003-07-26,06:24:07,-177.03,-17.09,33.0,5.2,mwc,hrv
2003-07-26,09:39:15,-178.29,-20.85,541.0,4.7,mb,us
2003-07-26,12:45:56,-178.15,-21.73,425.1,4.1,mb,us
2003-07-26,13:45:26,-175.1,-17.6,226.1,5.7,mwb,us
2003-07-27,00:17:43,-179.89,-25.28,450.0,4.0,mb,us
2003-07-27,01:09:28,-178.98,-17.69,550.0,4.5,mb,us
2003-07-27,02:04:12,-176.58,-21.08,212.9,6.6,mwb,us
2003-07-27,03:15:48,-177.68,-19.8,550.0,4.1,mb,us
2003-07-27,03:20:48,-176.25,-16.23,366.1,5.2,mb,us
2003-07-27,11:00:55,-178.84,-21.33,600.0,0.0,,us
2003-07-27,21:57:24,-176.89,-16.79,33.0,4.1,mb,us
2003-07-27,23:12:05,-173.7,-15.13,33.0,4.6,mb,us
2003-07-28,02:02:12,-179.46,-33.34,33.0,4.7,mb,us
2003-07-28,17:13:25,-179.95,-24.23,500.0,4.3,mb,us
2003-07-28,23:38:40,-179.93,-33.88,33.0,4.7,mb,us
2003-07-29,03:31:01,-178.61,-17.79,500.0,4.3,mb,us
2003-07-30,19:30:13,-179.99,-23.8,600.0,4.2,mb,us
2003-07-31,02:50:23,-178.17,-23.03,400.0,4.1,mb,us
2003-07-31,11:37:05,-179.73,-23.36,500.0,0.0,,us
2003-07-31,17:06:09,-178.78,-17.99,600.0,4.4,mb,us
2003-08-01,00:46:03,-177.97,-32.36,33.0,4.9,mb,us
2003-08-01,10:59:22,-178.48,-20.78,600.0,0.0,,us
2003-08-01,15:46:06,-177.26,-15.32,33.0,4.1,mb,us
2003-08-01,20:28:22,-173.29,-15.86,33.0,4.5,mb,us
2003-08-02,02:43:10,-177.81,-18.3,403.8,4.6,mb,us
2003-08-03,01:28:52,-178.19,-30.74,57.0,5.3,mwc,hrv
2003-08-03,11:46:53,-174.79,-15.5,224.0,4.5,mb,us
2003-08-03,16:00:40,-178.18,-31.89,51.8,0.0,,us
2003-08-03,17:10:28,-174.41,-17.69,81.0,5.1,mwc,hrv
2003-08-03,19:04:25,-177.01,-22.58,168.3,5.5,mwc,hrv
2003-08-03,19:24:52,-179.9,-30.75,400.0,0.0,,us
2003-08-03,20:07:34,-179.86,-23.47,500.0,3.9,mb,us
2003-08-03,20:28:05,-173.37,-15.24,33.0,4.1,mb,us
2003-08-03,21:11:48,-175.12,-22.27,33.0,0.0,,us
2003-08-04,04:09:33,-177.75,-20.36,502.3,4.8,mb,us
2003-08-04,10:19:06,-178.23,-18.07,600.0,3.9,mb,us
2003-08-04,11:31:35,-177.74,-20.65,500.0,4.4,mb,us
2003-08-05,04:45:39,-178.93,-20.94,616.7,5.5,mwb,us
2003-08-05,06:02:06,-178.75,-18.03,600.0,0.0,,us
2003-08-05,06:35:15,-174.98,-16.93,33.0,4.5,mb,us
2003-08-05,09:31:35,-177.45,-25.1,140.6,4.6,mb,us
2003-08-05,13:58:14,-178.4,-31.38,33.0,4.7,mb,us
2003-08-05,14:57:44,-178.91,-17.62,550.0,4.2,mb,us
2003-08-05,16:54:12,-178.41,-20.5,600.0,4.5,mb,us
2003-08-05,21:42:21,-178.17,-18.15,650.0,4.6,mb,us
2003-08-06,07:15:24,-178.1,-18.12,600.0,4.7,mb,us
2003-08-06,14:57:52,-173.13,-15.58,33.0,5.2,mwc,hrv
2003-08-06,16:07:29,-178.02,-30.58,33.0,5.1,mb,us
2003-08-06,20:45:34,-173.2,-15.5,33.0,4.9,mb,us
2003-08-07,00:48:19,-175.8,-19.29,33.0,4.7,mb,us
2003-08-07,01:00:37,-178.09,-16.36,415.1,4.2,mb,us
2003-08-07,04:07:34,-172.99,-17.72,33.0,5.3,mwc,hrv
2003-08-07,06:10:49,-178.29,-32.97,33.0,0.0,,us
2003-08-07,11:14:45,-175.88,-23.36,33.0,4.7,mb,us
2003-08-08,12:01:53,-177.43,-24.27,202.6,4.7,mb,us
2003-08-08,13:35:31,-177.72,-19.27,600.0,0.0,,us
2003-08-08,21:59:59,-178.93,-17.67,500.0,0.0,,us
2003-08-08,22:44:56,-178.34,-15.03,400.0,4.0,mb,us
2003-08-09,14:22:39,-174.27,-17.04,33.0,4.6,mb,us
2003-08-09,21:53:45,-178.54,-32.91,33.0,5.0,mb,us
2003-08-10,02:35:12,-176.91,-22.46,100.0,4.5,mb,us
2003-08-10,03:33:31,-178.64,-17.88,600.0,4.0,mb,us
2003-08-10,04:38:11,-174.2,-16.44,33.0,4.0,mb,us
2003-08-10,06:57:42,-178.83,-31.6,33.0,4.6,mb,us
2003-08-10,10:49:08,-177.8,-19.12,600.0,4.0,mb,us
2003-08-10,11:05:26,-174.52,-16.25,196.1,4.3,mb,us
2003-08-10,21:06:51,-178.19,-27.54,200.0,0.0,,us
2003-08-11,02:29:50,-179.12,-32.92,33.0,4.3,mb,us
2003-08-11,06:01:04,-173.09,-17.65,33.0,5.1,mwc,hrv
2003-08-11,08:32:11,-178.38,-33.01,33.0,4.9,mb,us
2003-08-11,11:39:04,-175.46,-18.64,227.2,5.2,mwc,hrv
2003-08-12,05:00:20,-175.28,-43.03,33.0,4.3,mb,us
2003-08-12,11:02:37,-177.92,-21.43,400.0,0.0,,us
2003-08-12,12:03:04,-177.78,-20.39,500.0,4.3,mb,us
2003-08-12,15:58:00,-179.34,-21.77,600.0,4.7,mb,us
2003-08-13,01:43:15,-173.07,-17.65,10.0,5.3,mwc,hrv
2003-08-13,15:46:08,-178.82,-33.07,33.0,0.0,,us
2003-08-13,21:42:35,-178.12,-30.58,33.0,5.1,mb,us
2003-08-14,00:26:57,-178.32,-33.18,33.0,4.4,mb,us
2003-08-14,03:56:40,-179.73,-35.99,60.0,4.9,mb,us
2003-08-14,08:41:18,-176.39,-21.97,33.0,4.8,mb,us
2003-08-14,13:50:50,-177.9,-19.64,500.0,4.3,mb,us
2003-08-14,14:11:22,-179.69,-34.98,33.0,4.4,mb,us
2003-08-14,18:23:06,-177.98,-19.9,563.3,5.9,mwc,hrv
2003-08-15,05:38:12,-173.23,-17.47,10.0,0.0,,us
2003-08-15,10:30:05,-179.28,-21.74,600.0,4.0,mb,us
2003-08-15,13:29:24,-178.85,-17.66,600.0,4.2,mb,us
2003-08-15,14:11:42,-179.34,-29.92,300.0,4.2,mb,us
2003-08-15,15:06:26,-178.78,-33.19,42.7,0.0,,us
2003-08-15,15:21:15,-178.55,-33.14,33.0,5.0,mb,us
2003-08-17,02:11:12,-177.89,-19.25,600.0,3.8,mb,us
2003-08-17,14:31:56,-175.07,-20.28,33.0,4.3,mb,us
2003-08-18,05:44:04,-178.73,-20.34,600.0,0.0,,us
2003-08-18,17:09:01,-177.65,-20.16,400.0,4.3,mb,us
2003-08-18,20:37:19,-177.87,-20.23,500.0,4.1,mb,us
2003-08-19,01:13:28,-179.21,-32.93,33.0,5.4,mwc,hrv
2003-08-19,06:25:17,-172.59,-17.27,33.0,4.5,mb,us
2003-08-19,13:52:10,-179.55,-21.99,604.4,5.2,mwc,hrv
2003-08-19,23:32:27,-178.95,-20.99,617.4,4.8,mb,us
2003-08-20,15:02:13,-151.03,-59.5,10.0,4.8,mb,us
2003-08-20,20:07:45,-175.01,-16.74,33.0,4.2,mb,us
2003-08-20,23:54:01,-179.56,-22.17,591.2,4.8,mb,us
2003-08-21,05:05:46,-179.65,-22.64,534.5,4.2,mb,us
2003-08-21,17:29:03,-175.51,-20.83,33.0,4.4,mb,us
2003-08-22,04:55:51,-178.8,-20.95,600.0,4.2,mb,us
2003-08-22,05:03:52,-172.6,-18.39,33.0,0.0,,us
2003-08-22,05:38:42,-173.54,-18.15,33.0,4.6,mb,us
2003-08-23,01:30:11,-178.12,-18.98,600.0,4.2,mb,us
2003-08-23,17:28:01,-177.75,-19.18,600.0,4.4,mb,us
2003-08-24,00:36:32,-178.94,-17.77,600.0,3.6,mb,us
2003-08-24,14:50:27,-178.08,-18.22,600.0,3.9,mb,us
2003-08-24,18:19:02,-179.67,-32.7,200.0,4.3,mb,us
2003-08-25,01:33:07,-178.63,-17.9,600.0,4.7,mb,us
2003-08-25,04:22:44,-178.07,-26.42,70.2,4.8,mb,us
2003-08-25,10:55:01,-179.15,-17.62,600.0,4.4,mb,us
2003-08-25,19:35:12,-175.62,-18.13,250.0,4.5,mb,us
2003-08-25,20:24:51,-178.98,-31.77,33.0,4.7,mb,us
2003-08-26,11:35:04,-175.73,-20.25,33.0,5.1,mwc,hrv
2003-08-26,11:47:58,-178.96,-30.22,264.1,4.4,mb,us
2003-08-26,17:34:56,-179.22,-33.11,33.0,5.6,mwb,us
2003-08-26,23:33:57,-179.32,-23.04,500.0,4.5,mb,us
2003-08-27,08:49:13,-179.87,-31.66,200.0,4.7,mb,us
2003-08-27,14:13:53,-175.69,-18.18,300.0,4.0,mb,us
2003-08-27,17:04:37,-177.98,-19.49,400.0,4.0,mb,us
2003-08-28,04:38:31,-178.18,-32.39,33.0,4.8,mb,us
2003-08-28,13:56:42,-179.48,-21.62,600.0,4.2,mb,us
2003-08-28,17:41:02,-143.6,-56.1,10.0,5.5,mwc,hrv
2003-08-28,20:39:47,-179.58,-21.98,602.0,5.5,mwb,us
2003-08-29,00:51:13,-178.59,-17.9,610.3,4.8,mb,us
2003-08-29,04:27:53,-177.26,-26.27,86.0,5.4,mwc,hrv
2003-08-29,06:18:17,-176.84,-14.96,33.0,5.1,mwc,hrv
2003-08-29,16:00:10,-174.06,-17.42,33.0,4.6,mb,us
2003-08-29,21:22:01,-179.51,-31.39,400.0,0.0,,us
2003-08-29,22:36:34,-178.87,-30.9,33.0,5.1,mwc,hrv
2003-08-30,06:15:42,-178.24,-30.76,60.4,5.2,mwc,hrv
2003-08-30,16:44:26,-178.15,-17.99,599.8,4.1,mb,us
2003-08-31,05:20:26,-177.62,-26.34,350.0,4.0,mb,us
2003-09-01,02:27:18,-172.9,-15.68,33.0,4.5,mb,us
2003-09-01,07:27:49,-177.98,-18.37,600.0,4.0,mb,us
2003-09-01,12:55:24,-173.09,-15.72,33.0,4.4,mb,us
2003-09-01,13:13:56,-179.06,-20.51,600.0,4.4,mb,us
2003-09-01,14:49:14,-179.25,-31.29,300.0,4.3,mb,us
2003-09-01,15:34:48,-176.08,-22.21,33.0,4.7,mb,us
2003-09-02,05:36:29,-177.0,-17.86,33.0,5.0,mb,us
2003-09-02,17:33:19,-178.7,-17.93,556.3,4.8,mb,us
2003-09-02,18:21:29,-173.53,-15.23,10.0,5.0,mb,us
2003-09-02,18:28:00,-173.22,-15.23,10.0,6.4,mwb,us
2003-09-03,01:05:09,-173.59,-15.08,33.0,4.5,mb,us
2003-09-03,01:18:35,-173.4,-15.14,33.0,4.6,mb,us
2003-09-03,03:51:17,-173.58,-16.22,33.0,4.4,mb,us
2003-09-03,04:57:00,-178.21,-30.89,33.0,4.9,mb,us
2003-09-03,09:33:25,-174.55,-17.55,33.0,4.6,mb,us
2003-09-03,23:30:06,-173.4,-15.29,33.0,4.6,mb,us
2003-09-04,01:05:31,-175.0,-21.98,33.0,5.2,mwc,hrv
2003-09-04,01:12:40,-175.25,-21.86,33.0,5.2,mwc,hrv
2003-09-04,04:54:20,-173.54,-16.27,45.2,4.2,mb,us
2003-09-04,06:12:26,-178.99,-31.86,33.0,4.9,mb,us
2003-09-04,22:07:42,-178.67,-33.6,33.0,4.6,mb,us
2003-09-05,01:36:58,-178.48,-21.56,500.0,0.0,,us
2003-09-05,14:33:12,-136.25,-53.9,10.0,4.9,mb,us
2003-09-05,18:52:22,-177.75,-14.76,33.0,0.0,,us
2003-09-06,04:20:00,-178.27,-20.61,500.0,4.4,mb,us
2003-09-06,09:29:36,-174.28,-16.83,100.0,4.1,mb,us
2003-09-06,13:43:41,-175.1,-21.88,33.0,5.6,mwc,hrv
2003-09-06,17:43:53,-177.82,-30.32,33.0,5.0,mb,us
2003-09-06,18:16:22,-174.27,-15.32,33.0,4.6,mb,us
2003-09-06,22:23:12,-178.88,-17.62,600.0,4.5,mb,us
2003-09-07,00:24:36,-177.48,-18.97,550.0,4.0,mb,us
2003-09-07,06:09:12,-178.08,-19.0,500.0,3.9,mb,us
2003-09-07,14:15:58,-176.37,-15.85,400.0,4.0,mb,us
2003-09-07,16:28:27,-178.92,-33.65,33.0,4.6,mb,us
2003-09-08,00:07:12,-178.7,-17.97,600.0,4.6,mb,us
2003-09-08,04:45:03,-172.64,-16.47,69.3,4.8,mb,us
2003-09-08,05:24:26,-178.71,-19.94,633.6,4.8,mb,us
2003-09-08,16:24:42,-179.5,-21.89,600.0,4.5,mb,us
2003-09-08,23:34:02,-178.28,-20.34,600.0,4.2,mb,us
2003-09-09,13:44:19,-177.65,-17.93,33.0,4.8,mb,us
2003-09-09,14:06:16,-177.75,-29.98,33.0,4.9,mb,us
2003-09-10,01:57:17,-179.48,-31.76,200.0,4.4,mb,us
2003-09-10,12:44:31,-178.44,-17.89,600.0,4.5,mb,us
2003-09-11,14:39:31,-179.83,-36.34,12.0,4.3,mb,us
2003-09-11,17:54:20,-177.34,-19.16,600.0,4.2,mb,us
2003-09-12,02:18:48,-177.88,-15.05,400.0,4.1,mb,us
2003-09-12,06:17:02,-178.02,-17.89,600.0,4.2,mb,us
2003-09-13,06:06:38,-174.31,-17.66,33.0,4.6,mb,us
2003-09-13,08:15:59,-178.71,-17.56,500.0,4.4,mb,us
2003-09-13,20:37:59,-178.27,-28.05,300.0,4.5,mb,us
2003-09-14,00:03:55,-178.87,-17.42,550.0,3.8,mb,us
2003-09-14,12:34:12,-178.93,-33.37,33.0,4.3,mb,us
2003-09-14,13:09:25,-174.97,-21.88,33.0,4.8,mb,us
2003-09-16,23:07:26,-172.91,-15.54,33.0,5.2,mwc,hrv
2003-09-17,01:09:38,-178.48,-28.8,216.8,4.9,mb,us
2003-09-17,20:21:51,-175.5,-22.49,33.0,4.6,mb,us
2003-09-18,04:33:06,-178.19,-17.99,600.0,4.0,mb,us
2003-09-18,07:39:00,-178.42,-20.65,600.0,4.4,mb,us
2003-09-18,18:46:31,-179.7,-22.27,600.0,4.1,mb,us
2003-09-19,07:25:04,-178.01,-20.8,500.0,0.0,,us
2003-09-19,07:51:09,-176.25,-22.8,93.3,4.7,mb,us
2003-09-19,09:38:39,-177.2,-23.61,33.0,4.5,mb,us
2003-09-19,11:32:30,-178.84,-32.1,33.0,4.5,mb,us
2003-09-19,19:38:01,-178.22,-20.89,500.0,4.3,mb,us
2003-09-19,21:55:00,-176.32,-22.96,33.0,4.4,mb,us
2003-09-20,10:11:46,-175.11,-16.98,290.1,4.6,mb,us
2003-09-20,13:35:14,-177.7,-30.7,33.0,5.2,mb,us
2003-09-20,16:16:36,-177.83,-19.85,500.0,4.7,mb,us
2003-09-20,19:03:09,-173.49,-16.28,44.3,4.4,mb,us
2003-09-21,04:58:44,-176.83,-28.05,33.0,4.8,mb,us
2003-09-21,10:00:42,-177.36,-15.9,400.0,4.1,mb,us
2003-09-21,11:27:39,-176.86,-21.14,400.0,0.0,,us
2003-09-21,16:15:01,-178.25,-20.51,550.0,4.4,mb,us
2003-09-22,01:39:19,-174.19,-17.45,85.1,4.8,mb,us
2003-09-22,08:39:28,-178.36,-20.48,500.0,4.1,mb,us
2003-09-22,19:18:43,-177.81,-15.5,400.0,4.0,mb,us
2003-09-23,02:02:51,-179.1,-21.04,600.0,4.4,mb,us
2003-09-23,06:22:06,-173.75,-18.58,33.0,4.9,mb,us
2003-09-23,07:45:59,-173.91,-15.41,76.2,4.4,mb,us
2003-09-24,05:03:41,-174.48,-17.47,33.0,4.8,mb,us
2003-09-24,10:42:14,-173.69,-15.11,33.0,4.5,mb,us
2003-09-24,17:05:52,-178.82,-23.05,374.1,4.5,mb,us
2003-09-24,23:05:29,-178.87,-17.74,600.0,4.4,mb,us
2003-09-26,00:13:29,-175.28,-22.34,33.0,5.6,ms,us
2003-09-26,08:20:49,-172.48,-14.92,33.0,0.0,,us
2003-09-26,21:03:21,-174.45,-15.73,134.5,4.8,mb,us
2003-09-26,21:09:11,-178.54,-17.7,600.0,0.0,,us
2003-09-26,22:06:07,-179.14,-21.17,600.0,4.1,mb,us
2003-09-27,00:07:39,-179.21,-21.29,611.9,4.6,mb,us
2003-09-28,00:32:45,-177.79,-20.22,500.0,4.1,mb,us
2003-09-28,15:10:58,-179.51,-15.25,33.0,0.0,,us
2003-09-28,16:01:21,-128.53,-54.99,10.0,4.4,mb,us
2003-09-28,16:05:43,-178.13,-17.9,550.0,3.8,mb,us
2003-09-28,17:19:34,-179.12,-32.88,33.0,4.8,mb,us
2003-09-28,18:02:17,-177.76,-18.68,550.0,3.6,mb,us
2003-09-28,20:32:36,-179.03,-17.66,500.0,0.0,,us
2003-09-29,10:50:14,-179.12,-17.78,600.0,4.0,mb,us
2003-09-29,20:52:37,-177.49,-30.42,33.0,5.1,mwc,hrv
2003-09-30,02:01:05,-179.65,-22.24,588.0,5.3,mwc,hrv
2003-09-30,14:08:38,-177.4,-30.44,10.0,6.4,mwb,us
2003-09-30,14:58:28,-177.58,-30.67,33.0,4.9,mb,us
2003-09-30,15:22:32,-177.18,-30.49,33.0,6.0,mwc,hrv
2003-09-30,19:03:48,-177.36,-30.54,10.0,5.1,mb,us
2003-09-30,19:05:33,-177.46,-30.31,10.0,4.8,mb,us
2003-09-30,21:39:14,-177.48,-30.25,10.0,5.6,mwb,us
2003-09-30,22:19:34,-177.27,-30.12,10.0,4.7,mb,us
2003-09-30,23:59:59,-177.27,-30.47,10.0,4.8,mb,us
2003-10-01,05:16:24,-177.34,-30.28,33.0,4.7,mb,us
2003-10-01,13:43:54,-177.28,-30.37,33.0,5.0,mb,us
2003-10-01,15:16:22,-177.85,-18.48,500.0,4.2,mb,us
2003-10-01,23:22:46,-177.34,-30.19,33.0,4.7,mb,us
2003-10-02,01:05:21,-177.21,-30.53,33.0,5.3,mwc,hrv
2003-10-02,01:18:41,-177.38,-30.12,33.0,4.7,mb,us
2003-10-02,01:54:14,-177.3,-30.58,33.0,5.3,mwc,hrv
2003-10-02,05:41:59,-177.57,-30.53,33.0,5.0,mb,us
2003-10-02,06:03:35,-176.98,-30.03,33.0,5.0,mb,us
2003-10-02,06:15:35,-177.37,-30.1,33.0,4.4,mb,us
2003-10-02,06:25:57,-177.47,-30.62,33.0,4.6,mb,us
2003-10-02,06:37:39,-177.58,-30.65,33.0,4.6,mb,us
2003-10-02,07:47:36,-178.31,-32.72,33.0,4.7,mb,us
2003-10-02,08:31:49,-177.5,-30.55,33.0,4.6,mb,us
2003-10-02,14:27:28,-177.8,-19.3,600.0,4.1,mb,us
2003-10-02,21:21:39,-179.95,-31.69,500.0,4.2,mb,us
2003-10-02,21:24:41,-177.3,-23.34,102.8,4.3,mb,us
2003-10-03,00:49:34,-177.09,-30.15,33.0,4.9,mb,us
2003-10-03,00:53:15,-177.36,-30.28,33.0,5.3,mwc,hrv
2003-10-03,03:13:34,-177.1,-30.56,33.0,4.7,mb,us
2003-10-03,09:14:46,-174.94,-16.97,33.0,0.0,,us
2003-10-03,11:39:19,-177.63,-18.26,400.0,4.5,mb,us
2003-10-03,19:07:42,-178.81,-17.58,500.0,0.0,,us
2003-10-03,21:34:11,-177.29,-30.28,33.0,4.5,mb,us
2003-10-03,21:56:48,-177.45,-30.29,33.0,4.6,mb,us
2003-10-04,17:13:35,-177.78,-24.96,142.0,0.0,,us
2003-10-04,17:15:28,-177.38,-31.28,33.0,5.1,mb,us
2003-10-05,00:32:57,-178.72,-17.45,500.0,4.4,mb,us
2003-10-05,03:18:44,-174.41,-20.99,33.0,4.6,mb,us
2003-10-05,09:55:55,-172.27,-15.04,33.0,3.9,mb,us
2003-10-05,15:29:07,-174.16,-20.64,33.0,4.5,mb,us
2003-10-05,22:02:45,-179.28,-16.85,450.0,3.9,mb,us
2003-10-06,06:31:26,-179.87,-23.42,500.0,4.3,mb,us
2003-10-06,09:28:12,-180.0,-23.8,500.0,3.8,mb,us
2003-10-06,14:54:59,-178.27,-18.0,600.0,4.5,mb,us
2003-10-06,15:01:16,-178.53,-17.61,600.0,4.3,mb,us
2003-10-07,04:55:29,-170.19,-16.53,10.0,6.2,mwb,us
2003-10-07,05:03:12,-170.32,-16.52,10.0,5.1,mb,us
2003-10-08,00:34:49,-170.35,-16.34,33.0,4.6,mb,us
2003-10-08,10:48:08,-178.57,-31.47,33.0,0.0,,us
2003-10-09,08:51:48,-170.54,-16.14,33.0,4.5,mb,us
2003-10-09,14:44:58,-170.43,-16.13,33.0,4.6,mb,us
2003-10-09,15:54:27,-177.8,-18.97,600.0,4.4,mb,us
2003-10-09,16:02:53,-174.2,-20.18,33.0,5.0,mb,us
2003-10-09,23:02:07,-178.69,-29.75,306.6,3.6,mb,us
2003-10-10,09:27:10,-177.55,-18.7,382.2,4.5,mb,us
2003-10-10,12:31:22,-177.26,-31.08,33.0,4.2,mb,us
2003-10-10,18:08:49,-179.03,-30.98,33.0,0.0,,us
2003-10-10,23:40:28,-173.3,-15.23,60.2,4.9,mb,us
2003-10-11,19:02:27,-178.52,-31.93,33.0,4.7,mb,us
2003-10-11,19:46:08,-178.57,-17.9,597.4,5.7,mwb,us
2003-10-12,07:36:39,-174.6,-21.61,33.0,4.7,mb,us
2003-10-12,08:47:49,-175.57,-18.6,236.7,5.3,mwc,hrv
2003-10-13,03:48:29,-178.07,-20.56,500.0,4.5,mb,us
2003-10-13,04:26:13,-177.42,-20.69,300.0,4.9,mb,us
2003-10-13,09:52:26,-178.43,-15.94,10.0,6.0,mwc,hrv
2003-10-14,03:45:39,-178.82,-17.3,500.0,0.0,,us
2003-10-14,13:04:18,-177.99,-20.42,400.0,4.1,mb,us
2003-10-14,14:01:03,-176.36,-23.05,33.0,4.2,mb,us
2003-10-15,02:19:44,-178.7,-17.82,582.6,6.0,mwb,us
2003-10-15,06:35:47,-177.34,-30.02,33.0,5.4,mwc,hrv
2003-10-16,15:10:49,-175.82,-23.69,33.0,4.4,mb,us
2003-10-17,04:57:00,-176.64,-24.78,33.0,0.0,,us
2003-10-17,06:53:40,-175.21,-18.22,200.0,4.2,mb,us
2003-10-17,13:18:29,-177.26,-28.93,33.0,4.6,mb,us
2003-10-17,22:53:42,-176.43,-22.76,33.0,4.7,mb,us
2003-10-18,14:25:56,-177.2,-30.28,33.0,4.7,mb,us
2003-10-18,20:52:57,-177.34,-30.27,33.0,4.7,mb,us
2003-10-18,23:29:35,-179.05,-33.26,25.7,4.7,mb,us
2003-10-18,23:34:03,-179.39,-33.54,48.4,4.5,mb,us
2003-10-19,11:42:09,-178.32,-20.74,500.0,4.1,mb,us
2003-10-19,13:27:39,-179.46,-30.44,266.0,4.7,mb,us
2003-10-19,18:23:45,-178.2,-18.08,600.0,4.8,mb,us
2003-10-20,12:27:30,-177.12,-30.94,33.0,4.4,mb,us
2003-10-20,18:40:01,-175.13,-18.6,33.0,5.2,mb,us
2003-10-20,22:39:33,-172.93,-16.55,33.0,5.3,mwc,hrv
2003-10-21,03:24:44,-178.5,-17.93,500.0,4.2,mb,us
2003-10-21,21:06:42,-176.4,-23.06,71.1,4.7,mb,us
2003-10-22,13:49:17,-176.7,-18.3,300.0,4.0,mb,us
2003-10-23,04:24:23,-179.99,-24.02,500.0,4.1,mb,us
2003-10-23,04:55:33,-178.56,-18.01,600.0,4.3,mb,us
2003-10-23,05:05:01,-175.85,-23.69,33.0,4.8,mb,us
2003-10-23,10:40:37,-177.74,-20.0,500.0,3.8,mb,us
2003-10-23,11:57:26,-177.56,-17.5,400.0,4.5,mb,us
2003-10-23,22:50:41,-178.96,-19.01,600.0,4.4,mb,us
2003-10-24,12:16:08,-176.44,-22.89,33.0,0.0,,us
2003-10-24,18:19:57,-178.71,-17.87,600.0,4.1,mb,us
2003-10-24,19:34:56,-173.64,-17.07,33.0,0.0,,us
2003-10-24,20:33:42,-179.91,-23.74,500.0,3.9,mb,us
2003-10-25,01:39:58,-175.52,-18.44,200.0,4.3,mb,us
2003-10-25,06:23:04,-179.6,-16.61,545.1,4.3,mb,us
2003-10-25,13:44:57,-178.94,-33.25,45.5,4.8,mb,us
2003-10-25,15:07:40,-174.61,-15.4,233.7,4.3,mb,us
2003-10-26,02:58:03,-177.76,-19.89,450.0,0.0,,us
2003-10-26,06:45:21,-175.27,-14.75,33.0,0.0,,us
2003-10-26,10:32:13,-176.37,-22.98,33.0,4.3,mb,us
2003-10-26,21:49:40,-178.97,-30.27,150.0,4.5,mb,us
2003-10-26,22:33:57,-179.03,-31.53,33.0,4.3,mb,us
2003-10-27,03:53:36,-178.61,-18.04,600.0,4.9,mb,us
2003-10-27,12:14:06,-179.03,-20.93,600.0,4.2,mb,us
2003-10-27,13:14:58,-179.4,-33.52,33.0,0.0,,us
2003-10-27,17:06:23,-180.0,-24.23,600.0,4.7,mb,us
2003-10-28,07:28:44,-178.53,-18.09,600.0,4.4,mb,us
2003-10-28,09:40:59,-177.66,-18.84,600.0,4.7,mb,us
2003-10-28,18:32:07,-174.17,-16.22,165.9,4.8,mb,us
2003-10-30,00:55:16,-173.82,-15.54,33.0,4.5,mb,us
2003-10-30,01:44:23,-173.55,-19.05,33.0,4.9,mb,us
2003-10-30,16:13:09,-175.88,-18.82,185.6,4.7,mb,us
2003-10-30,18:29:13,-178.68,-30.94,33.0,4.8,mb,us
2003-10-31,09:45:08,-176.27,-15.92,33.0,0.0,,us
2003-10-31,19:27:22,-176.62,-30.62,33.0,5.2,mb,us
2003-10-31,19:36:22,-176.61,-30.57,33.0,4.8,mb,us
2003-10-31,20:08:54,-178.16,-30.63,33.0,0.0,,us
2003-11-01,10:53:47,-170.4,-16.48,150.0,4.3,mb,us
2003-11-01,18:38:07,-179.96,-23.27,500.0,4.2,mb,us
2003-11-02,00:39:38,-178.46,-17.32,600.0,4.0,mb,us
2003-11-03,01:37:34,-177.88,-17.04,33.0,4.5,mb,us
2003-11-03,06:35:40,-176.48,-30.99,33.0,4.7,mb,us
2003-11-03,10:36:36,-173.11,-16.87,33.0,4.6,mb,us
2003-11-03,22:50:22,-178.65,-17.55,500.0,4.8,mb,us
2003-11-04,04:28:16,-177.92,-29.11,33.0,4.5,mb,us
2003-11-04,12:06:40,-178.55,-17.94,600.0,3.9,mb,us
2003-11-04,13:47:28,-175.92,-23.6,33.0,4.5,mb,us
2003-11-05,03:22:15,-174.61,-21.33,33.0,4.1,mb,us
2003-11-05,09:59:43,-179.74,-23.79,500.0,4.3,mb,us
2003-11-05,13:24:25,-176.62,-30.52,33.0,4.9,mb,us
2003-11-06,05:16:35,-174.66,-16.67,33.0,4.5,mb,us
2003-11-06,14:30:57,-175.45,-17.98,271.2,4.8,mb,us
2003-11-06,15:54:22,-178.73,-26.27,323.7,4.1,mb,us
2003-11-07,07:19:12,-175.22,-16.82,200.0,4.5,mb,us
2003-11-07,11:34:01,-174.37,-17.12,148.6,4.3,mb,us
2003-11-07,16:06:01,-178.56,-17.06,400.0,4.1,mb,us
2003-11-07,17:40:19,-174.78,-15.04,33.0,4.5,mb,us
2003-11-07,20:20:16,-177.9,-18.5,600.0,4.1,mb,us
2003-11-07,23:42:09,-176.71,-30.04,33.0,4.6,mb,us
2003-11-08,03:35:19,-176.59,-30.05,33.0,4.9,mb,us
2003-11-08,08:07:40,-178.87,-17.6,500.0,4.3,mb,us
2003-11-08,10:01:43,-176.79,-30.49,33.0,4.8,mb,us
2003-11-08,10:14:29,-176.7,-30.04,33.0,4.3,mb,us
2003-11-08,17:25:20,-176.45,-29.93,33.0,4.9,mb,us
2003-11-08,20:38:37,-173.82,-15.12,42.8,4.5,mb,us
2003-11-09,01:17:18,-175.91,-23.58,33.0,4.8,mb,us
2003-11-09,21:32:57,-174.43,-19.72,33.0,4.5,mb,us
2003-11-10,07:25:44,-173.37,-18.1,33.0,0.0,,us
2003-11-10,08:18:03,-179.01,-20.19,600.0,4.2,mb,us
2003-11-10,13:32:55,-174.99,-22.35,33.0,4.6,mb,us
2003-11-10,13:55:01,-176.15,-15.7,33.0,4.4,mb,us
2003-11-10,17:29:42,-179.99,-31.39,400.0,4.3,mb,us
2003-11-10,18:40:36,-179.19,-42.83,33.0,4.6,ml,wel
2003-11-10,23:35:10,-177.98,-20.81,500.0,4.8,mb,us
2003-11-11,00:32:19,-177.94,-14.47,33.0,4.6,mb,us
2003-11-11,01:17:20,-179.63,-16.76,500.0,4.1,mb,us
2003-11-11,01:28:17,-178.12,-18.52,650.0,0.0,,us
2003-11-11,13:11:21,-179.03,-30.48,22.7,4.7,mb,us
2003-11-11,13:44:53,-179.01,-30.62,33.0,6.1,mwb,us
2003-11-11,14:07:59,-179.25,-30.51,33.0,0.0,,us
2003-11-11,14:18:40,-178.41,-30.31,33.0,4.6,mb,us
2003-11-11,15:39:34,-179.38,-30.66,33.0,6.1,mwc,hrv
2003-11-12,03:46:36,-179.1,-30.36,33.0,4.5,mb,us
2003-11-12,07:00:26,-174.88,-15.52,200.0,4.6,mb,us
2003-11-12,08:04:27,-177.89,-18.13,600.0,0.0,,us
2003-11-12,11:33:58,-178.44,-17.47,400.0,4.1,mb,us
2003-11-12,16:29:08,-173.55,-19.06,33.0,4.5,mb,us
2003-11-12,17:29:30,-178.82,-20.84,600.0,4.8,mb,us
2003-11-13,08:33:39,-173.49,-15.11,33.0,4.3,mb,us
2003-11-13,12:28:46,-179.04,-30.62,33.0,0.0,,us
2003-11-14,06:00:30,-176.72,-30.35,33.0,4.9,mb,us
2003-11-14,19:10:35,-175.57,-18.67,200.0,0.0,,us
2003-11-15,07:10:31,-172.32,-17.26,10.0,5.8,mwb,us
2003-11-15,10:13:07,-179.11,-30.54,33.0,5.1,mwc,hrv
2003-11-15,19:19:14,-177.99,-20.24,411.0,4.1,mb,us
2003-11-16,07:20:28,-179.26,-30.65,33.0,0.0,,us
2003-11-16,14:59:29,-175.97,-23.6,33.0,4.8,mb,us
2003-11-16,15:20:06,-176.01,-23.61,33.0,4.5,mb,us
2003-11-17,03:07:37,-178.78,-17.7,500.0,4.1,mb,us
2003-11-18,19:39:35,-178.95,-17.83,600.0,4.7,mb,us
2003-11-18,23:39:26,-173.07,-17.12,33.0,4.8,mb,us
2003-11-19,06:49:48,-179.09,-21.27,600.0,4.4,mb,us
2003-11-19,10:34:56,-175.42,-22.41,33.0,4.6,mb,us
2003-11-19,10:40:13,-176.54,-21.95,100.0,4.8,mb,us
2003-11-19,14:32:18,-179.45,-31.56,200.0,4.5,mb,us
2003-11-20,02:01:25,-179.71,-24.37,480.5,5.6,mwb,us
2003-11-20,02:51:25,-179.3,-33.03,33.0,4.9,mb,us
2003-11-20,04:55:05,-178.9,-22.1,600.0,4.0,mb,us
2003-11-20,11:34:52,-178.2,-20.94,600.0,4.4,mb,us
2003-11-20,20:29:36,-178.34,-29.17,100.0,4.5,mb,us
2003-11-20,21:00:01,-174.61,-22.58,33.0,4.4,mb,us
2003-11-21,08:46:56,-178.74,-21.06,574.8,4.7,mb,us
2003-11-21,11:54:07,-174.42,-17.25,33.0,0.0,,us
2003-11-22,00:52:56,-177.44,-18.89,500.0,4.0,mb,us
2003-11-22,08:00:12,-173.03,-17.2,33.0,0.0,,us
2003-11-22,08:46:37,-177.63,-20.5,500.0,4.3,mb,us
2003-11-22,09:18:23,-174.29,-15.64,33.0,4.6,mb,us
2003-11-22,11:23:26,-176.75,-21.94,100.0,4.4,mb,us
2003-11-23,04:09:09,-179.93,-22.1,600.0,4.1,mb,us
2003-11-23,07:35:24,-174.44,-65.58,10.0,4.2,mb,us
2003-11-23,13:34:32,-179.22,-30.43,33.0,4.7,mb,us
2003-11-23,16:08:07,-173.18,-17.41,33.0,4.0,mb,us
2003-11-23,17:59:22,-178.17,-21.1,500.0,4.2,mb,us
2003-11-23,18:06:05,-173.85,-15.88,97.6,5.7,mwb,us
2003-11-23,18:23:38,-177.64,-31.1,33.0,0.0,,us
2003-11-23,18:31:08,-177.87,-30.36,33.0,4.9,mb,us
2003-11-24,00:21:45,-177.66,-19.76,600.0,4.6,mb,us
2003-11-24,05:46:49,-173.95,-18.2,33.0,4.6,mb,us
2003-11-24,07:03:06,-177.61,-19.67,350.0,4.2,mb,us
2003-11-24,14:09:47,-174.75,-17.22,33.0,0.0,,us
2003-11-25,04:32:22,-178.65,-17.81,600.0,4.4,mb,us
2003-11-25,14:32:10,-177.9,-20.51,600.0,4.2,mb,us
2003-11-25,17:45:28,-174.22,-17.69,33.0,4.5,mb,us
2003-11-26,04:29:17,-179.7,-34.22,33.0,4.6,mb,us
2003-11-26,07:13:22,-178.72,-17.85,569.5,4.9,mb,us
2003-11-26,08:41:14,-179.71,-34.17,33.0,4.7,mb,us
2003-11-27,19:20:08,-174.09,-19.77,33.0,4.5,mb,us
2003-11-27,20:23:10,-176.24,-19.7,33.0,4.4,mb,us
2003-11-28,04:06:39,-179.92,-19.58,400.0,0.0,,us
2003-11-28,19:00:03,-178.2,-19.85,575.0,5.5,mwc,hrv
2003-11-29,04:59:24,-175.5,-15.99,33.0,4.8,mb,us
2003-11-29,08:59:20,-173.61,-15.29,33.0,4.8,mb,us
2003-11-29,15:31:45,-178.38,-18.11,633.4,4.4,mb,us
2003-11-30,00:53:38,-177.74,-18.95,550.0,3.6,mb,us
2003-11-30,06:36:10,-177.86,-18.71,600.0,3.9,mb,us
2003-11-30,18:23:59,-177.96,-19.28,250.0,0.0,,us
2003-11-30,19:55:59,-178.45,-18.02,550.0,4.4,mb,us
2003-11-30,20:55:22,-178.36,-20.82,500.0,0.0,,us
2003-11-30,23:47:33,-178.05,-13.66,33.0,4.9,mb,us
2003-12-01,00:19:48,-129.16,-55.08,10.0,4.6,mb,us
2003-12-01,05:54:30,-179.17,-32.89,33.0,4.6,mb,us
2003-12-01,10:34:54,-177.99,-18.29,557.7,5.3,mwc,hrv
2003-12-02,13:56:59,-179.59,-21.95,605.6,4.7,mb,us
2003-12-02,22:09:09,-176.84,-30.5,33.0,4.6,mb,us
2003-12-03,07:33:57,-178.72,-20.84,611.5,5.6,mwb,us
2003-12-03,20:28:41,-177.61,-20.32,300.0,4.1,mb,us
2003-12-04,02:59:31,-174.98,-15.83,240.7,4.3,mb,us
2003-12-04,03:56:21,-174.72,-18.83,139.1,5.1,mwc,hrv
2003-12-04,05:09:43,-177.82,-19.39,600.0,4.4,mb,us
2003-12-05,04:16:38,-177.16,-31.17,33.0,4.5,mb,us
2003-12-05,11:26:15,-174.82,-15.84,33.0,4.7,mb,us
2003-12-05,11:46:34,-177.97,-19.91,600.0,4.4,mb,us
2003-12-05,16:45:04,-175.32,-22.86,33.0,5.1,mb,us
2003-12-06,09:26:47,-179.06,-33.45,33.0,4.4,mb,us
2003-12-06,10:07:17,-177.55,-19.68,591.6,4.3,mb,us
2003-12-06,12:23:56,-179.56,-22.18,550.2,4.1,mb,us
2003-12-06,13:47:32,-178.6,-17.9,600.0,4.2,mb,us
2003-12-07,00:49:56,-173.85,-20.12,33.0,4.8,mb,us
2003-12-07,02:11:30,-178.36,-17.97,450.0,3.9,mb,us
2003-12-07,07:11:05,-179.08,-21.65,588.2,4.6,mb,us
2003-12-07,10:48:06,-172.61,-17.1,33.0,4.4,mb,us
2003-12-07,11:29:31,-172.99,-16.86,33.0,0.0,,us
2003-12-07,14:25:00,-179.66,-16.45,550.0,0.0,,us
2003-12-07,16:41:22,-172.82,-17.05,33.0,4.3,mb,us
2003-12-07,17:46:00,-172.44,-16.78,33.0,4.7,mb,us
2003-12-07,17:50:54,-172.74,-16.36,33.0,0.0,,us
2003-12-07,18:10:20,-172.63,-16.48,33.0,0.0,,us
2003-12-07,18:46:56,-172.92,-16.86,33.0,4.6,mb,us
2003-12-07,18:48:38,-172.65,-17.2,33.0,4.7,mb,us
2003-12-07,23:57:08,-172.91,-16.83,34.7,0.0,,us
2003-12-07,23:58:18,-173.04,-16.81,33.0,0.0,,us
2003-12-08,16:50:21,-172.28,-17.2,33.0,5.1,mwc,hrv
2003-12-08,17:36:05,-172.73,-16.69,33.0,0.0,,us
2003-12-09,01:25:20,-179.91,-23.72,500.0,0.0,,us
2003-12-09,03:43:27,-175.39,-22.81,33.0,4.4,mb,us
2003-12-10,12:53:36,-179.77,-23.51,500.0,4.6,mb,us
2003-12-10,14:57:53,-179.3,-21.44,600.0,4.6,mb,us
2003-12-10,17:19:43,-175.68,-23.34,33.0,4.9,mb,us
2003-12-10,17:19:54,-175.47,-23.41,33.0,4.9,mb,us
2003-12-11,00:29:28,-179.9,-23.72,500.0,4.4,mb,us
2003-12-11,08:04:55,-170.18,-16.55,10.0,5.7,mwb,us
2003-12-11,12:33:47,-175.23,-15.54,33.0,4.4,mb,us
2003-12-11,16:04:52,-178.72,-17.62,500.0,4.1,mb,us
2003-12-11,18:39:15,-173.12,-17.01,33.0,4.4,mb,us
2003-12-12,01:59:10,-176.99,-24.26,33.0,0.0,,us
2003-12-13,09:04:21,-178.69,-20.9,552.8,4.1,mb,us
2003-12-13,12:21:08,-179.35,-21.64,609.9,5.4,mwc,hrv
2003-12-13,19:56:06,-177.74,-14.24,43.5,0.0,,us
2003-12-14,12:34:06,-173.85,-15.1,33.0,5.2,mwc,hrv
2003-12-15,17:48:40,-176.41,-29.19,33.0,4.4,mb,us
2003-12-16,20:08:19,-177.34,-18.9,381.6,5.7,mwc,hrv
2003-12-16,22:57:24,-180.0,-36.25,150.0,0.0,,us
2003-12-17,02:54:27,-177.69,-21.96,200.0,4.6,mb,us
2003-12-17,04:21:05,-139.75,-58.3,10.0,5.2,mwc,hrv
2003-12-17,10:01:27,-174.27,-16.3,33.0,4.5,mb,us
2003-12-17,14:58:28,-177.67,-25.39,200.0,3.9,mb,us
2003-12-18,15:09:18,-177.49,-19.74,300.0,4.1,mb,us
2003-12-18,20:14:06,-176.42,-27.2,33.0,4.8,mb,us
2003-12-19,02:42:25,-178.52,-34.3,100.0,0.0,,us
2003-12-19,08:01:18,-178.72,-17.6,500.0,4.3,mb,us
2003-12-19,17:08:52,-177.81,-20.54,500.0,4.2,mb,us
2003-12-19,21:45:10,-176.36,-22.19,200.0,0.0,,us
2003-12-19,23:40:56,-178.8,-15.13,400.0,4.2,mb,us
2003-12-20,07:50:23,-178.08,-19.77,573.5,4.4,mb,us
2003-12-20,15:47:13,-178.36,-18.03,500.0,4.2,mb,us
2003-12-21,10:17:26,-177.43,-24.55,150.0,4.7,mb,us
2003-12-21,16:16:54,-178.48,-19.88,550.0,4.0,mb,us
2003-12-21,19:58:49,-178.67,-17.87,600.0,3.9,mb,us
2003-12-22,07:52:19,-179.61,-37.66,33.0,0.0,,us
2003-12-23,13:05:48,-175.24,-22.68,33.0,5.1,mb,us
2003-12-23,13:24:40,-176.03,-20.1,69.3,0.0,,us
2003-12-23,22:40:33,-179.94,-23.44,500.0,4.5,mb,us
2003-12-24,08:37:24,-177.21,-17.78,300.0,4.1,mb,us
2003-12-24,17:37:14,-174.76,-19.49,33.0,4.3,mb,us
2003-12-24,22:18:22,-173.79,-15.5,33.0,4.5,mb,us
2003-12-25,03:08:44,-177.98,-18.31,600.0,4.7,mb,us
2003-12-25,14:21:15,-178.25,-34.95,34.6,6.0,mwb,us
2003-12-25,16:00:18,-175.49,-18.17,33.0,4.8,mb,us
2003-12-26,04:28:27,-177.97,-20.17,500.0,4.5,mb,us
2003-12-26,05:30:12,-177.98,-31.62,33.0,0.0,,us
2003-12-26,07:06:31,-179.32,-22.73,500.0,4.1,mb,us
2003-12-26,08:18:33,-178.88,-17.42,548.0,5.5,mwc,hrv
2003-12-26,09:37:36,-179.15,-17.52,600.0,0.0,,us
2003-12-26,14:48:53,-174.94,-15.3,200.0,0.0,,us
2003-12-26,15:02:26,-178.19,-29.96,33.0,4.7,mb,us
2003-12-26,19:06:00,-173.62,-15.22,33.0,4.7,mb,us
2003-12-27,00:30:36,-175.61,-20.76,33.0,4.6,mb,us
2003-12-27,02:19:13,-174.26,-16.07,33.0,4.5,mb,us
2003-12-27,11:12:04,-179.49,-22.12,578.5,4.9,mb,us
2003-12-27,23:46:36,-178.08,-27.19,33.0,4.7,mb,us
2003-12-28,12:16:10,-173.52,-19.08,33.0,4.8,mb,us
2003-12-28,13:18:40,-178.08,-18.17,600.0,0.0,,us
2003-12-28,19:20:56,-177.99,-20.62,494.7,3.8,mb,us
2003-12-30,00:14:30,-177.92,-21.18,400.0,4.6,mb,us
2003-12-30,06:05:22,-175.89,-19.76,225.8,4.7,mb,us
2003-12-30,09:02:51,-173.64,-19.14,33.0,4.7,mb,us
2003-12-30,22:40:11,-177.6,-29.94,33.0,4.7,mb,us
2003-12-31,05:40:32,-174.88,-15.56,200.0,4.3,mb,us
2004-01-01,00:03:09,-179.97,-24.58,488.9,4.7,mb,us
2004-01-01,07:47:30,-178.28,-20.47,531.8,3.9,mb,us
2004-01-01,17:14:38,-179.16,-39.86,16.0,4.9,ml,wel
2004-01-01,23:40:17,-177.35,-24.48,156.9,4.6,mb,us
2004-01-02,10:23:54,-178.93,-15.17,397.3,5.2,mwc,hrv
2004-01-02,12:28:01,-178.28,-30.36,15.0,4.8,mb,us
2004-01-02,13:04:01,-178.75,-16.72,430.0,3.9,mb,us
2004-01-02,20:03:13,-178.71,-26.02,304.6,4.2,mb,us
2004-01-03,03:11:26,-179.86,-31.27,299.8,4.6,mb,us
2004-01-03,07:16:11,-176.24,-20.39,269.2,4.5,mb,us
2004-01-03,11:58:46,-176.9,-19.29,250.0,4.4,mb,us
2004-01-04,02:22:51,-179.0,-31.03,10.0,4.3,mb,us
2004-01-04,02:25:39,-178.93,-31.39,10.0,4.4,mb,us
2004-01-04,03:59:54,-178.26,-18.14,600.0,3.7,mb,us
2004-01-04,06:23:09,-177.65,-29.82,42.9,5.2,mwc,hrv
2004-01-04,08:27:52,-177.84,-20.48,541.2,4.4,mb,us
2004-01-04,09:31:56,-177.52,-29.99,10.0,4.7,mb,us
2004-01-04,09:32:08,-176.98,-30.78,10.0,4.4,mb,us
2004-01-04,12:57:37,-174.52,-17.97,10.0,4.4,mb,us
2004-01-04,12:58:28,-174.65,-17.72,10.0,4.3,mb,us
2004-01-05,11:26:29,-178.0,-18.4,627.7,4.4,mb,us
2004-01-05,14:58:07,-173.42,-15.1,66.0,4.6,mb,us
2004-01-06,03:49:57,-179.1,-21.2,629.8,4.4,mb,us
2004-01-06,21:12:59,-177.78,-20.46,469.4,4.2,mb,us
2004-01-07,15:18:37,-178.32,-29.75,10.0,4.8,mb,us
2004-01-08,08:20:54,-174.48,-20.96,15.0,4.9,mb,us
2004-01-08,09:10:10,-174.9,-23.02,55.0,4.9,mb,us
2004-01-10,00:34:11,-174.19,-14.83,93.3,4.6,mb,us
2004-01-10,06:54:59,-177.65,-18.14,639.8,5.3,mwc,hrv
2004-01-11,05:52:33,-179.01,-17.65,651.0,4.2,mb,us
2004-01-11,08:07:05,-176.18,-16.24,366.1,5.9,mwb,us
2004-01-11,09:29:10,-179.15,-20.14,673.1,6.0,mwb,us
2004-01-11,09:29:45,-179.08,-20.05,657.2,5.1,mb,us
2004-01-11,09:32:30,-179.24,-20.07,712.5,0.0,,us
2004-01-11,10:29:50,-176.37,-16.86,353.3,4.1,mb,us
2004-01-11,13:02:46,-179.18,-20.4,700.0,4.0,mb,us
2004-01-12,07:11:36,-178.23,-18.1,541.0,4.6,mb,us
2004-01-12,11:52:17,-179.24,-21.49,647.5,4.3,mb,us
2004-01-12,12:14:23,-179.09,-20.14,655.8,4.8,mb,us
2004-01-12,21:29:12,-179.58,-30.51,450.2,4.2,mb,us
2004-01-13,01:13:36,-178.48,-20.8,555.8,4.5,mb,us
2004-01-13,09:40:32,-179.54,-22.06,609.1,5.0,mb,us
2004-01-14,03:54:35,-178.51,-21.12,586.4,4.3,mb,us
2004-01-14,09:04:11,-177.34,-17.39,334.7,4.3,mb,us
2004-01-14,09:30:17,-179.74,-15.08,10.0,4.5,mb,us
2004-01-14,11:45:49,-174.18,-17.59,167.4,4.3,mb,us
2004-01-14,13:26:57,-178.39,-17.83,509.2,4.2,mb,us
2004-01-14,14:04:32,-173.42,-15.31,10.0,4.6,mb,us
2004-01-14,23:47:05,-178.97,-32.74,98.6,5.1,mb,us
2004-01-15,19:06:46,-179.94,-23.67,527.4,4.8,mb,us
2004-01-16,01:00:54,-173.67,-15.12,46.2,4.6,mb,us
2004-01-16,07:31:21,-179.41,-21.97,587.9,4.0,mb,us
2004-01-16,10:57:09,-179.95,-23.56,536.3,0.0,,us
2004-01-16,11:59:28,-178.78,-17.85,573.3,4.5,mb,us
2004-01-17,09:47:50,-174.24,-20.75,45.1,4.8,mb,us
2004-01-18,12:34:38,-179.87,-21.88,608.2,4.6,mb,us
2004-01-18,14:03:06,-173.95,-14.42,10.0,4.3,mb,us
2004-01-18,20:36:41,-178.81,-32.01,90.5,5.3,mwc,hrv
2004-01-19,18:38:09,-178.06,-17.91,562.8,4.4,mb,us
2004-01-20,06:56:30,-161.45,-62.44,10.0,5.5,mwc,hrv
2004-01-21,04:58:02,-173.46,-15.3,10.0,4.8,mb,us
2004-01-21,14:27:44,-179.88,-23.63,522.6,4.6,mb,us
2004-01-22,04:15:43,-176.9,-17.26,29.8,5.5,mwc,hrv
2004-01-22,10:58:02,-178.13,-21.41,394.2,4.3,mb,us
2004-01-23,01:28:25,-178.8,-17.51,565.0,4.0,mb,us
2004-01-23,06:49:56,-139.72,-58.38,10.0,5.5,mwc,hrv
2004-01-23,15:04:14,-174.73,-18.01,135.0,4.4,mb,us
2004-01-23,21:31:35,-172.6,-15.98,45.0,4.7,mb,us
2004-01-23,22:21:08,-178.25,-35.11,60.5,5.1,mwc,hrv
2004-01-24,02:41:45,-173.63,-15.13,70.0,4.4,mb,us
2004-01-25,02:07:11,-178.63,-17.96,650.0,4.2,mb,us
2004-01-25,08:32:30,-177.35,-16.65,10.0,4.4,mb,us
2004-01-25,11:43:12,-174.2,-16.83,129.8,6.7,mwb,us
2004-01-26,17:36:07,-178.18,-20.72,500.0,4.4,mb,us
2004-01-26,22:59:17,-174.33,-20.84,49.7,4.8,mb,us
2004-01-27,16:08:41,-177.7,-18.48,446.4,4.4,mb,us
2004-01-27,18:23:41,-178.92,-21.11,462.9,4.2,mb,us
2004-01-28,13:04:46,-178.6,-31.6,10.0,4.9,mb,us
2004-01-28,18:55:48,-177.21,-19.93,500.0,4.0,mb,us
2004-01-28,20:12:52,-173.89,-15.08,47.9,4.6,mb,us
2004-01-28,20:55:41,-178.7,-21.04,620.0,4.4,mb,us
2004-01-29,20:10:41,-174.16,-20.82,12.0,5.7,mwb,us
2004-01-30,01:37:50,-175.46,-18.48,40.8,4.8,mb,us
2004-01-30,11:04:13,-179.46,-30.51,350.0,0.0,,us
2004-01-30,19:56:17,-179.76,-22.11,570.2,4.5,mb,us
2004-01-30,21:31:33,-178.48,-20.39,570.0,0.0,,us
2004-01-30,21:52:08,-174.14,-20.82,15.0,4.9,mb,us
2004-01-31,18:49:12,-178.74,-20.76,594.9,4.4,mb,us
2004-02-01,02:30:48,-177.65,-26.88,98.6,0.0,,us
2004-02-01,03:06:32,-178.66,-20.6,598.6,4.4,mb,us
2004-02-01,13:51:39,-178.57,-20.16,599.9,4.6,mb,us
2004-02-01,23:12:45,-177.95,-30.21,54.2,5.0,mwc,hrv
2004-02-01,23:39:25,-178.15,-20.61,571.6,4.1,mb,us
2004-02-02,00:05:41,-174.35,-20.75,75.0,4.9,mb,us
2004-02-03,00:04:37,-178.74,-20.95,620.0,4.8,mb,us
2004-02-03,00:45:01,-179.15,-20.47,625.0,4.7,mb,us
2004-02-03,05:04:15,-179.0,-21.19,639.4,4.3,mb,us
2004-02-03,07:25:56,-174.11,-16.73,51.5,4.6,mb,us
2004-02-03,16:07:14,-178.96,-17.82,601.0,4.3,mb,us
2004-02-03,21:12:58,-174.52,-18.19,45.5,4.9,mb,us
2004-02-04,09:21:10,-178.32,-20.74,592.8,4.5,mb,us
2004-02-04,20:12:13,-177.42,-18.27,375.2,4.2,mb,us
2004-02-05,03:05:50,-178.79,-17.75,622.6,4.4,mb,us
2004-02-05,05:42:47,-178.14,-20.52,552.5,4.4,mb,us
2004-02-05,17:23:16,-179.46,-21.22,476.2,4.0,mb,us
2004-02-06,12:48:25,-178.86,-18.09,584.1,0.0,,us
2004-02-06,14:31:24,-178.66,-20.42,624.4,0.0,,us
2004-02-06,16:35:57,-177.53,-30.23,103.1,0.0,,us
2004-02-07,09:47:12,-177.29,-30.74,6.5,4.8,mb,us
2004-02-07,11:10:25,-178.23,-19.92,577.0,4.5,mb,us
2004-02-07,16:42:17,-179.05,-21.61,592.6,4.5,mb,us
2004-02-07,18:05:54,-176.18,-16.23,355.0,4.2,mb,us
2004-02-08,03:44:06,-173.04,-15.98,10.0,4.2,mb,us
2004-02-08,05:50:03,-178.29,-18.27,650.0,4.2,mb,us
2004-02-08,06:47:05,-178.32,-20.65,524.0,4.2,mb,us
2004-02-08,07:07:17,-177.73,-20.26,501.9,4.0,mb,us
2004-02-08,07:23:15,-174.89,-15.46,253.0,4.4,mb,us
2004-02-08,07:36:59,-172.16,-18.88,10.0,4.4,mb,us
2004-02-08,10:09:25,-178.17,-18.53,600.0,3.6,mb,us
2004-02-08,10:28:50,-178.38,-18.09,550.2,4.5,mb,us
2004-02-08,10:38:08,-178.84,-17.98,712.2,4.2,mb,us
2004-02-08,10:50:18,-178.7,-17.33,500.0,4.3,mb,us
2004-02-08,22:14:33,-177.35,-23.64,189.3,5.2,mwc,hrv
2004-02-09,18:35:46,-179.02,-21.15,629.2,4.6,mb,us
2004-02-09,19:38:17,-177.1,-29.48,75.0,4.6,mb,us
2004-02-11,01:53:19,-177.97,-19.84,624.2,4.6,mb,us
2004-02-11,02:05:13,-179.08,-35.06,257.9,4.4,mb,us
2004-02-11,10:15:23,-178.02,-18.62,465.9,4.7,mb,us
2004-02-11,14:34:44,-178.54,-20.91,600.0,4.0,mb,us
2004-02-12,00:56:40,-177.76,-19.16,543.2,4.1,mb,us
2004-02-12,02:26:00,-173.18,-19.0,4.4,4.5,mb,us
2004-02-12,05:38:01,-177.71,-18.92,564.3,4.1,mb,us
2004-02-12,13:47:33,-173.52,-19.23,21.2,5.8,mwb,us
2004-02-12,14:52:48,-173.63,-19.08,10.0,4.6,mb,us
2004-02-13,02:59:34,-177.96,-31.69,41.6,0.0,,us
2004-02-13,05:33:40,-174.6,-16.39,196.2,4.7,mb,us
2004-02-14,15:28:10,-178.1,-18.14,588.8,4.7,mb,us
2004-02-14,17:03:27,-179.66,-23.44,519.3,4.6,mb,us
2004-02-14,17:31:08,-177.41,-19.12,414.2,4.4,mb,us
2004-02-14,23:12:17,-179.49,-22.2,607.0,4.6,mb,us
2004-02-15,09:18:07,-178.83,-20.92,565.2,4.0,mb,us
2004-02-15,10:41:13,-178.33,-32.89,36.6,4.3,mb,us
2004-02-15,19:56:52,-178.54,-18.02,606.3,4.5,mb,us
2004-02-16,07:38:25,-173.58,-19.17,20.7,5.4,mwc,hrv
2004-02-16,07:50:52,-173.62,-18.92,10.0,4.5,mb,us
2004-02-16,08:47:25,-173.41,-15.05,10.0,4.7,mb,us
2004-02-16,17:55:01,-176.68,-30.24,35.3,5.0,mwc,hrv
2004-02-17,01:12:18,-173.7,-18.95,10.0,4.7,mb,us
2004-02-17,07:54:29,-176.61,-24.23,95.0,0.0,,us
2004-02-17,14:37:18,-178.99,-17.55,565.0,4.3,mb,us
2004-02-17,21:30:19,-174.25,-20.72,15.0,4.7,mb,us
2004-02-18,10:58:32,-175.09,-16.99,266.0,4.5,mb,us
2004-02-18,12:12:31,-173.57,-19.22,10.0,5.2,mwc,hrv
2004-02-18,20:33:17,-173.62,-19.12,10.0,4.3,mb,us
2004-02-19,04:52:08,-177.63,-30.65,36.4,4.6,mb,us
2004-02-19,04:52:37,-143.43,-56.14,10.0,4.7,mb,us
2004-02-19,04:59:09,-143.49,-55.91,10.0,5.1,mwc,hrv
2004-02-19,05:28:57,-177.61,-31.93,122.7,4.7,mb,us
2004-02-19,05:53:36,-143.35,-55.96,10.0,5.0,mwc,hrv
2004-02-19,08:53:34,-178.4,-20.54,581.4,4.5,mb,us
2004-02-19,12:47:06,-177.6,-28.95,280.9,4.4,mb,us
2004-02-19,18:25:38,-173.45,-17.83,10.0,4.6,mb,us
2004-02-20,21:41:36,-179.92,-23.6,525.0,0.0,,us
2004-02-22,04:42:12,-174.84,-15.98,200.0,3.7,mb,us
2004-02-22,09:04:31,-173.33,-15.38,10.0,4.8,mb,us
2004-02-22,12:57:50,-179.2,-21.67,644.8,4.6,mb,us
2004-02-22,14:39:57,-174.77,-16.47,10.0,4.5,mb,us
2004-02-22,16:14:58,-176.77,-29.94,37.1,4.4,mb,us
2004-02-23,01:11:20,-179.96,-30.48,396.2,3.7,mb,us
2004-02-23,11:02:34,-174.72,-16.53,10.0,4.9,mwc,hrv
2004-02-23,12:54:00,-174.92,-16.11,10.0,4.6,mb,us
2004-02-23,15:16:17,-174.78,-16.57,10.0,5.1,mwc,hrv
2004-02-23,15:29:47,-174.23,-16.05,165.0,4.5,mb,us
2004-02-23,16:04:49,-175.63,-14.74,31.0,6.3,mwb,us
2004-02-23,16:15:29,-174.62,-21.19,50.0,4.9,mb,us
2004-02-24,08:12:04,-178.43,-20.58,555.1,4.7,mb,us
2004-02-25,01:28:15,-177.17,-29.22,27.8,4.8,mb,us
2004-02-25,06:33:33,-177.76,-30.42,10.0,4.8,mwc,hrv
2004-02-25,16:52:32,-175.03,-20.67,55.8,5.8,mwb,us
2004-02-25,18:02:17,-178.64,-17.56,568.9,4.5,mb,us
2004-02-25,20:47:19,-177.3,-18.99,500.0,4.1,mb,us
2004-02-26,13:35:16,-176.54,-27.78,10.0,5.6,mwc,hrv
2004-02-27,03:04:13,-176.45,-27.8,10.0,4.7,mb,us
2004-02-27,07:04:55,-176.46,-27.79,10.0,5.2,mwc,hrv
2004-02-27,07:15:17,-178.56,-20.23,401.3,0.0,,us
2004-02-27,08:26:27,-176.52,-27.78,10.0,4.7,mb,us
2004-02-27,11:27:02,-176.5,-27.99,10.0,5.1,mwc,hrv
2004-02-27,12:00:26,-176.46,-27.88,10.0,4.5,mb,us
2004-02-27,12:11:00,-178.94,-17.76,666.4,4.4,mb,us
2004-02-27,12:33:53,-176.43,-27.61,10.0,4.6,mb,us
2004-02-27,15:59:03,-177.72,-30.42,10.0,5.1,mwc,hrv
2004-02-27,17:22:08,-179.11,-25.22,374.0,5.2,mwc,hrv
2004-02-28,00:19:58,-177.37,-30.49,10.0,4.8,mb,us
2004-02-28,18:59:50,-172.87,-16.53,22.1,0.0,,us
2004-02-28,21:22:32,-178.83,-17.58,622.8,4.5,mb,us
2004-02-29,04:34:39,-179.45,-24.32,460.4,4.6,mb,us
2004-02-29,11:35:51,-179.22,-16.96,490.0,3.5,mb,us
2004-02-29,12:37:35,-174.96,-18.94,113.5,4.3,mb,us
2004-02-29,18:00:13,-177.72,-31.41,54.7,4.1,mb,us
2004-03-01,08:06:34,-176.02,-19.99,99.9,4.3,mb,us
2004-03-01,16:19:31,-174.95,-15.95,242.9,4.1,mb,us
2004-03-02,11:48:26,-179.78,-23.42,522.3,4.4,mb,us
2004-03-02,20:37:09,-177.87,-19.56,331.4,4.5,mb,us
2004-03-03,07:09:14,-178.18,-31.52,10.0,4.9,mb,us
2004-03-03,14:46:02,-178.5,-17.74,500.0,4.6,mb,us
2004-03-03,22:16:50,-178.82,-21.27,650.8,4.4,mb,us
2004-03-04,00:46:28,-173.46,-19.01,55.0,4.8,mb,us
2004-03-04,01:01:05,-176.5,-27.9,10.0,4.6,mb,us
2004-03-04,12:19:25,-177.86,-21.42,317.7,4.2,mb,us
2004-03-04,12:33:43,-178.42,-32.14,10.0,5.0,mwc,hrv
2004-03-04,14:10:46,-175.35,-23.81,12.7,4.7,mb,us
2004-03-04,17:48:42,-178.59,-32.4,10.0,5.5,mwc,hrv
2004-03-04,18:28:29,-178.26,-32.55,10.0,0.0,,us
2004-03-04,19:22:55,-176.42,-22.31,102.9,4.7,mb,us
2004-03-04,21:43:45,-177.99,-19.63,519.2,4.1,mb,us
2004-03-05,01:27:59,-178.54,-31.33,10.0,4.9,mb,us
2004-03-05,06:00:22,-178.84,-20.62,622.6,5.6,mwc,hrv
2004-03-05,11:39:18,-174.99,-18.25,174.4,4.4,mb,us
2004-03-06,00:58:38,-178.55,-19.94,677.5,4.6,mb,us
2004-03-06,02:53:42,-177.89,-32.89,10.0,4.7,mb,us
2004-03-06,08:22:15,-177.78,-21.31,297.6,4.3,mb,us
2004-03-06,10:17:48,-178.1,-32.86,10.0,0.0,,us
2004-03-06,18:18:57,-177.52,-32.81,10.0,0.0,,us
2004-03-07,01:07:32,-178.6,-32.54,10.0,5.6,mwc,hrv
2004-03-07,01:09:29,-178.09,-32.77,10.0,5.0,mb,us
2004-03-07,05:33:18,-178.44,-32.39,10.0,4.5,mb,us
2004-03-07,06:58:14,-178.05,-32.7,17.6,4.7,mb,us
2004-03-07,11:08:01,-178.19,-32.38,7.0,6.0,mwb,us
2004-03-07,11:11:06,-178.34,-31.18,10.0,4.9,mb,us
2004-03-07,11:11:50,-178.02,-32.46,10.0,5.0,mb,us
2004-03-07,11:19:53,-178.1,-32.4,10.0,5.4,mwc,hrv
2004-03-07,11:25:58,-177.82,-32.77,10.0,4.6,mb,us
2004-03-07,11:29:11,-178.11,-32.65,10.0,4.3,mb,us
2004-03-07,11:30:55,-178.12,-32.32,10.0,4.5,mb,us
2004-03-07,12:00:18,-177.91,-32.55,10.0,4.3,mb,us
2004-03-07,12:26:42,-178.11,-32.66,10.0,4.3,mb,us
2004-03-07,12:53:40,-178.36,-32.61,10.0,4.5,mb,us
2004-03-07,13:00:23,-178.14,-32.51,10.0,0.0,,us
2004-03-07,13:29:22,-177.55,-30.81,10.0,0.0,,us
2004-03-07,13:52:05,-178.39,-32.53,10.0,4.5,mb,us
2004-03-07,14:10:49,-178.27,-32.67,10.0,0.0,,us
2004-03-07,14:44:00,-178.26,-32.51,10.0,4.6,mb,us
2004-03-07,15:04:51,-178.3,-32.53,10.0,5.8,mwb,us
2004-03-07,16:04:27,-178.09,-32.82,10.0,4.6,mb,us
2004-03-07,16:17:38,-178.36,-32.85,10.0,4.7,mb,us
2004-03-07,18:33:52,-178.26,-32.49,10.0,4.5,mb,us
2004-03-07,19:13:48,-178.14,-32.33,10.0,3.9,mb,us
2004-03-07,19:35:48,-178.01,-32.41,10.0,0.0,,us
2004-03-07,20:41:10,-178.04,-32.5,10.0,0.0,,us
2004-03-07,20:56:50,-177.94,-32.28,10.0,4.4,mb,us
2004-03-07,23:19:26,-177.97,-32.49,10.0,0.0,,us
2004-03-07,23:55:10,-177.96,-32.44,10.0,0.0,,us
2004-03-08,05:34:38,-178.0,-32.71,10.0,5.1,mwc,hrv
2004-03-08,12:46:29,-177.95,-32.63,10.0,4.5,mb,us
2004-03-08,13:55:56,-178.98,-17.66,565.0,0.0,,us
2004-03-08,15:33:44,-178.68,-21.3,537.6,4.0,mb,us
2004-03-08,20:32:07,-177.96,-32.82,10.0,4.7,mb,us
2004-03-08,22:18:41,-178.29,-32.58,10.0,4.7,mb,us
2004-03-08,22:36:16,-178.17,-32.49,10.0,0.0,,us
2004-03-08,22:49:33,-179.01,-20.86,607.0,5.6,mwc,hrv
2004-03-08,23:47:07,-178.0,-32.65,10.0,4.5,mb,us
2004-03-09,00:33:22,-173.6,-19.53,39.0,4.9,mb,us
2004-03-09,06:53:35,-174.73,-22.51,55.0,4.8,mb,us
2004-03-09,14:26:07,-178.15,-17.82,653.2,0.0,,us
2004-03-09,18:19:29,-177.6,-33.35,10.0,4.5,mb,us
2004-03-09,18:46:08,-178.46,-32.43,10.0,4.3,mb,us
2004-03-09,22:07:13,-177.97,-32.56,10.0,5.8,mwc,hrv
2004-03-09,22:43:49,-178.22,-32.27,10.0,5.1,mb,us
2004-03-09,22:56:43,-178.36,-32.26,18.4,6.2,mwc,hrv
2004-03-09,22:58:30,-178.07,-32.39,10.0,0.0,,us
2004-03-09,23:02:52,-177.88,-32.45,10.0,4.9,mb,us
2004-03-09,23:42:28,-177.96,-31.88,10.0,4.9,mb,us
2004-03-09,23:45:23,-178.08,-32.14,10.0,5.0,mb,us
2004-03-10,01:41:42,-178.06,-31.93,10.0,4.8,mb,us
2004-03-10,02:04:20,-178.13,-32.38,10.0,5.0,mwc,hrv
2004-03-10,03:16:39,-178.06,-32.52,10.0,5.1,mb,us
2004-03-10,03:48:37,-178.12,-32.34,10.0,5.7,mwc,hrv
2004-03-10,03:53:28,-178.4,-30.73,10.0,0.0,,us
2004-03-10,03:56:03,-177.76,-32.55,10.0,0.0,,us
2004-03-10,03:59:31,-178.12,-32.46,10.0,4.6,mb,us
2004-03-10,06:18:07,-178.01,-32.29,10.0,4.7,mb,us
2004-03-10,06:52:38,-178.1,-32.28,10.0,4.8,mwc,hrv
2004-03-10,07:52:13,-178.02,-17.66,515.1,4.1,mb,us
2004-03-10,08:19:18,-177.79,-32.82,10.0,5.4,mwc,hrv
2004-03-10,09:39:05,-178.46,-31.38,10.0,4.5,mb,us
2004-03-10,10:34:14,-178.13,-32.14,10.0,4.7,mb,us
2004-03-10,13:55:01,-179.82,-23.67,516.4,4.4,mb,us
2004-03-10,17:16:45,-178.22,-32.0,10.0,4.5,mb,us
2004-03-10,21:27:54,-178.1,-32.35,10.0,4.4,mb,us
2004-03-10,22:48:37,-178.07,-32.21,10.0,4.7,mb,us
2004-03-10,22:56:43,-178.13,-32.66,10.0,4.6,mb,us
2004-03-10,23:02:49,-177.97,-32.49,10.0,0.0,,us
2004-03-10,23:16:57,-177.53,-32.69,10.0,0.0,,us
2004-03-11,01:31:24,-178.04,-32.32,10.0,5.4,mwc,hrv
2004-03-11,01:42:30,-178.1,-32.2,10.0,4.7,mb,us
2004-03-11,01:44:11,-174.74,-18.87,154.9,4.8,mb,us
2004-03-11,02:16:01,-178.06,-32.31,10.0,5.4,mwc,hrv
2004-03-12,04:09:54,-175.28,-20.72,84.1,4.7,mb,us
2004-03-12,08:10:24,-178.48,-31.2,10.0,0.0,,us
2004-03-12,12:10:18,-177.44,-25.19,175.0,0.0,,us
2004-03-12,13:35:24,-178.05,-32.02,10.0,4.3,mb,us
2004-03-12,15:45:23,-177.98,-32.62,10.0,4.7,mb,us
2004-03-12,16:42:39,-177.86,-32.18,10.0,4.6,mb,us
2004-03-12,16:57:26,-178.12,-32.47,10.0,0.0,,us
2004-03-12,17:16:38,-178.13,-32.42,10.0,0.0,,us
2004-03-12,17:21:33,-178.23,-32.37,10.0,0.0,,us
2004-03-12,22:13:14,-175.1,-15.58,271.5,6.0,mwb,us
2004-03-13,05:40:58,-178.72,-31.4,10.0,0.0,,us
2004-03-13,22:08:03,-178.34,-33.34,10.0,0.0,,us
2004-03-14,04:32:02,-178.75,-21.07,577.2,4.8,mb,us
2004-03-14,04:52:43,-177.56,-32.38,10.0,4.3,mb,us
2004-03-14,15:31:56,-178.17,-32.65,10.0,0.0,,us
2004-03-14,15:50:34,-178.37,-32.28,10.0,5.6,mwb,us
2004-03-14,16:30:42,-172.32,-17.27,12.0,6.1,mwb,us
2004-03-14,17:21:19,-178.02,-32.44,10.0,0.0,,us
2004-03-14,17:38:15,-178.49,-32.78,10.0,4.4,mb,us
2004-03-14,19:36:49,-177.31,-32.35,10.0,4.2,mb,us
2004-03-14,20:58:52,-178.55,-17.89,550.7,4.7,mb,us
2004-03-14,23:21:15,-172.6,-16.06,10.0,4.5,mb,us
2004-03-14,23:28:28,-173.37,-15.19,10.0,4.4,mb,us
2004-03-15,02:58:24,-172.84,-15.86,45.0,4.3,mb,us
2004-03-15,03:50:48,-179.79,-34.36,51.9,0.0,,us
2004-03-15,05:22:01,-172.08,-17.6,45.0,4.8,mb,us
2004-03-15,11:10:43,-178.35,-33.06,10.0,0.0,,us
2004-03-15,13:13:51,-176.77,-21.86,176.7,4.5,mb,us
2004-03-15,21:37:44,-175.26,-24.92,40.0,0.0,,us
2004-03-15,21:55:57,-178.53,-18.06,658.7,4.5,mb,us
2004-03-16,06:09:23,-177.88,-32.22,10.0,5.1,mwc,hrv
2004-03-16,06:11:30,-177.96,-32.04,10.0,4.9,mwc,hrv
2004-03-16,06:24:56,-176.0,-23.79,40.0,4.6,mb,us
2004-03-16,06:55:52,-175.92,-23.85,10.0,4.7,mb,us
2004-03-16,13:23:46,-178.42,-20.89,466.1,4.4,mb,us
2004-03-16,16:26:59,-175.79,-23.95,23.1,4.7,mb,us
2004-03-17,02:02:47,-177.66,-25.31,185.0,4.8,mb,us
2004-03-17,04:09:36,-144.22,-55.98,10.0,4.4,mb,us
2004-03-17,12:18:34,-173.71,-16.7,15.0,4.7,mb,us
2004-03-17,13:15:49,-178.14,-32.1,10.0,5.2,mwc,hrv
2004-03-17,13:37:42,-178.08,-30.32,56.3,5.5,mwc,hrv
2004-03-18,00:45:32,-177.67,-30.56,10.0,4.8,mb,us
2004-03-18,03:24:42,-178.12,-32.07,10.0,0.0,,us
2004-03-18,11:22:47,-175.53,-23.3,10.0,4.9,mb,us
2004-03-18,17:58:51,-176.08,-23.76,35.0,4.9,mwc,hrv
2004-03-18,20:04:25,-176.0,-23.76,10.0,6.2,mwc,hrv
2004-03-18,20:33:05,-177.2,-24.59,168.7,4.8,mb,us
2004-03-18,20:41:49,-175.97,-23.74,21.1,4.7,mb,us
2004-03-18,20:48:53,-176.24,-23.34,35.0,4.9,mb,us
2004-03-18,23:14:56,-176.07,-23.67,10.0,5.1,mwc,hrv
2004-03-19,00:10:09,-177.49,-19.09,500.0,4.5,mb,us
2004-03-19,02:06:52,-176.32,-23.87,155.0,0.0,,us
2004-03-19,02:21:16,-176.04,-23.79,50.4,0.0,,us
2004-03-19,02:32:17,-176.03,-23.94,65.0,0.0,,us
2004-03-19,04:53:49,-176.25,-23.6,175.4,4.8,mb,us
2004-03-19,15:24:50,-178.56,-32.64,10.0,0.0,,us
2004-03-19,20:42:22,-178.75,-17.27,508.1,4.3,mb,us
2004-03-20,00:00:21,-175.98,-23.96,10.0,5.3,mwc,hrv
2004-03-20,00:10:42,-175.96,-23.88,10.0,5.0,mwc,hrv
2004-03-20,02:12:51,-175.94,-23.99,41.6,5.0,mb,us
2004-03-20,02:25:51,-175.9,-23.91,10.0,4.5,mb,us
2004-03-20,02:33:52,-172.82,-16.7,45.0,4.7,mb,us
2004-03-20,05:25:31,-177.63,-20.04,385.7,4.6,mb,us
2004-03-20,07:40:11,-178.32,-17.54,580.0,0.0,,us
2004-03-20,09:48:15,-175.88,-24.12,10.0,4.6,mb,us
2004-03-20,10:03:52,-178.58,-17.78,533.8,4.2,mb,us
2004-03-20,10:29:38,-177.46,-19.21,527.3,0.0,,us
2004-03-20,10:33:19,-176.02,-23.88,43.5,4.5,mb,us
2004-03-20,17:28:40,-178.03,-22.25,435.7,4.4,mb,us
2004-03-20,22:03:30,-177.23,-23.65,43.4,5.0,mwc,hrv
2004-03-21,03:57:04,-177.96,-32.23,10.0,0.0,,us
2004-03-21,07:35:29,-178.81,-28.87,261.4,4.4,mb,us
2004-03-21,08:34:24,-177.65,-19.51,550.0,4.6,mb,us
2004-03-21,10:34:12,-175.87,-24.17,38.5,5.1,mwc,hrv
2004-03-21,10:42:03,-178.33,-32.16,10.0,0.0,,us
2004-03-21,14:06:46,-178.16,-32.4,10.0,4.9,mb,us
2004-03-21,19:51:53,-177.2,-29.93,10.0,0.0,,us
2004-03-22,10:22:59,-175.72,-19.31,196.8,4.8,mb,us
2004-03-22,12:22:18,-175.89,-24.47,40.0,4.9,mb,us
2004-03-22,19:30:32,-177.59,-25.11,150.5,4.7,mb,us
2004-03-22,23:56:57,-179.94,-23.34,566.0,0.0,,us
2004-03-23,02:14:31,-173.04,-17.85,50.0,0.0,,us
2004-03-23,04:20:12,-173.1,-17.86,10.0,4.8,mb,us
2004-03-23,19:04:52,-176.18,-29.58,20.0,5.0,mwc,hrv
2004-03-24,06:53:50,-178.02,-32.29,8.9,4.9,mb,us
2004-03-24,09:56:39,-179.78,-24.19,437.1,4.2,mb,us
2004-03-24,14:01:32,-175.87,-23.85,10.0,4.6,mb,us
2004-03-24,14:15:37,-173.53,-16.31,15.0,4.1,mb,us
2004-03-24,16:34:55,-177.5,-30.78,10.0,4.7,mb,us
2004-03-24,17:44:56,-173.06,-16.8,85.5,4.5,mb,us
2004-03-25,03:13:31,-173.6,-19.82,145.0,4.7,mb,us
2004-03-25,10:24:29,-177.59,-29.88,41.8,5.0,mb,us
2004-03-25,10:51:06,-175.88,-23.96,64.4,4.6,mb,us
2004-03-25,10:58:53,-172.7,-16.59,45.0,4.8,mb,us
2004-03-25,14:54:23,-174.85,-18.56,10.0,5.1,mwc,hrv
2004-03-25,17:52:00,-179.23,-15.78,500.0,4.2,mb,us
2004-03-26,02:51:44,-177.89,-21.32,398.2,5.1,mwc,hrv
2004-03-26,06:14:31,-177.76,-30.22,10.0,0.0,,us
2004-03-26,07:41:11,-178.58,-21.3,540.0,0.0,,us
2004-03-26,10:12:02,-178.0,-20.85,208.7,0.0,,us
2004-03-26,10:30:44,-136.76,-54.47,10.0,0.0,,us
2004-03-26,12:19:37,-178.9,-31.05,10.0,0.0,,us
2004-03-26,13:05:46,-178.25,-18.39,518.1,4.0,mb,us
2004-03-26,18:48:44,-178.62,-30.92,10.0,4.9,mb,us
2004-03-27,05:47:55,-179.17,-32.02,39.4,4.5,mb,us
2004-03-27,14:06:28,-177.77,-20.12,490.0,4.3,mb,us
2004-03-27,14:18:55,-179.69,-21.74,615.0,4.6,mb,us
2004-03-27,17:51:48,-176.54,-31.0,10.0,0.0,,us
2004-03-28,04:47:22,-178.06,-20.68,553.5,4.5,mb,us
2004-03-28,04:54:10,-175.5,-18.74,120.3,4.9,mb,us
2004-03-28,11:52:38,-174.55,-15.04,146.5,4.5,mb,us
2004-03-28,15:52:25,-179.87,-23.18,576.4,4.2,mb,us
2004-03-28,17:37:34,-178.97,-24.75,348.7,4.6,mb,us
2004-03-28,18:37:00,-178.06,-17.91,642.6,3.6,mb,us
2004-03-29,02:37:20,-178.74,-17.44,565.0,0.0,,us
2004-03-29,04:39:00,-178.98,-20.39,641.9,0.0,,us
2004-03-29,10:50:02,-177.93,-20.32,485.0,0.0,,us
2004-03-29,12:23:24,-177.95,-23.11,334.9,0.0,,us
2004-03-29,14:47:41,-173.41,-15.39,75.0,5.0,mwc,hrv
2004-03-29,17:45:09,-177.82,-19.9,497.4,4.4,mb,us
2004-03-29,21:15:44,-179.11,-17.12,496.9,4.3,mb,us
2004-03-30,01:48:10,-177.89,-32.28,10.0,4.6,mb,us
2004-03-30,03:22:01,-178.29,-20.43,554.1,4.6,mb,us
2004-03-30,16:45:39,-179.92,-22.12,600.0,3.9,mb,us
2004-03-30,18:29:21,-178.11,-32.48,10.0,4.7,mb,us
2004-03-31,00:19:07,-175.9,-19.96,215.0,4.6,mb,us
2004-03-31,14:51:44,-173.1,-16.22,75.0,0.0,,us
2004-04-01,03:29:53,-179.1,-23.46,559.0,4.6,mb,us
2004-04-01,04:27:19,-178.5,-21.11,484.7,4.0,mb,us
2004-04-01,06:08:32,-172.85,-16.88,45.0,4.7,mb,us
2004-04-02,21:12:22,-178.5,-17.98,580.9,4.1,mb,us
2004-04-03,09:00:47,-174.85,-16.16,288.3,5.3,mwc,hrv
2004-04-03,13:29:32,-174.06,-20.54,2.2,5.8,mwb,us
2004-04-03,14:13:47,-173.71,-21.26,10.0,4.5,mb,us
2004-04-03,17:21:21,-179.43,-27.54,395.0,4.0,mb,us
2004-04-04,03:28:34,-174.12,-20.58,10.0,4.5,mb,us
2004-04-04,18:20:25,-173.59,-15.32,10.0,4.4,mb,us
2004-04-05,04:26:53,-178.68,-17.84,566.5,4.3,mb,us
2004-04-05,08:57:02,-175.45,-23.52,32.3,5.8,mwb,us
2004-04-05,09:53:34,-175.46,-23.83,39.7,0.0,,us
2004-04-05,14:27:36,-177.81,-32.02,10.0,5.4,mb,us
2004-04-05,15:16:34,-177.68,-19.05,562.6,4.6,mb,us
2004-04-05,18:46:25,-178.61,-20.99,593.1,4.8,mb,us
2004-04-05,19:34:54,-178.34,-19.58,555.0,4.1,mb,us
2004-04-05,20:34:22,-173.94,-20.44,8.0,6.2,mwb,us
2004-04-05,23:29:39,-178.75,-20.75,631.2,0.0,,us
2004-04-05,23:51:21,-178.39,-20.8,586.4,4.3,mb,us
2004-04-06,16:34:01,-179.84,-22.06,654.3,4.3,mb,us
2004-04-06,22:55:50,-178.18,-18.02,640.3,4.4,mb,us
2004-04-07,00:14:06,-178.58,-30.42,10.0,4.6,mb,us
2004-04-07,06:47:33,-179.04,-22.03,552.6,4.1,mb,us
2004-04-07,10:23:22,-178.79,-20.77,592.7,4.5,mb,us
2004-04-07,15:46:52,-176.26,-24.53,95.0,4.8,mb,us
2004-04-08,02:15:32,-176.8,-26.93,30.0,4.9,mb,us
2004-04-08,03:44:51,-178.75,-33.43,10.0,4.5,mb,us
2004-04-08,04:00:39,-178.67,-33.56,10.0,4.8,mb,us
2004-04-08,06:14:31,-176.34,-30.66,10.0,4.8,mb,us
2004-04-08,10:09:54,-178.74,-33.61,10.0,4.8,mb,us
2004-04-08,15:07:58,-179.39,-32.68,10.0,4.6,mb,us
2004-04-08,17:30:59,-176.34,-24.49,70.7,4.5,mb,us
2004-04-08,22:34:19,-178.72,-33.03,10.0,4.4,mb,us
2004-04-09,00:34:41,-176.28,-21.71,105.2,4.5,mb,us
2004-04-09,04:50:40,-178.81,-19.95,590.0,0.0,,us
2004-04-09,15:23:49,-174.12,-17.52,45.0,4.6,mb,us
2004-04-10,01:32:38,-175.74,-25.45,10.0,4.9,mb,us
2004-04-10,04:54:04,-176.01,-24.47,10.0,5.5,mwc,hrv
2004-04-10,06:50:58,-176.11,-24.39,10.0,4.8,mb,us
2004-04-10,13:01:03,-179.15,-20.14,574.3,4.4,mb,us
2004-04-10,14:06:58,-174.58,-25.94,10.0,4.7,mb,us
2004-04-10,16:06:48,-176.17,-24.67,15.0,5.7,mwc,hrv
2004-04-10,16:31:06,-176.08,-24.29,10.0,4.8,mb,us
2004-04-10,17:24:03,-177.45,-19.55,424.9,4.3,mb,us
2004-04-10,17:30:51,-176.12,-24.44,10.0,5.0,mb,us
2004-04-10,18:03:45,-178.11,-33.62,10.0,0.0,,us
2004-04-10,18:36:25,-178.29,-32.43,10.0,5.0,mb,us
2004-04-10,21:28:23,-176.05,-24.37,10.0,5.0,mb,us
2004-04-10,22:03:44,-176.13,-24.42,10.0,4.9,mb,us
2004-04-11,01:09:29,-175.85,-18.61,244.2,4.5,mb,us
2004-04-11,02:37:46,-175.18,-19.89,50.0,4.2,mb,us
2004-04-11,06:05:44,-173.59,-15.16,10.0,4.1,mb,us
2004-04-11,06:51:28,-177.41,-14.61,10.0,4.6,mb,us
2004-04-11,18:51:26,-174.53,-21.85,40.0,4.5,mb,us
2004-04-12,06:30:52,-173.89,-18.04,55.0,4.8,mb,us
2004-04-12,08:24:25,-175.84,-25.03,30.0,0.0,,us
2004-04-12,13:44:20,-178.14,-20.63,533.1,4.8,mb,us
2004-04-12,23:02:12,-178.42,-26.31,296.7,4.0,mb,us
2004-04-12,23:57:53,-177.34,-18.75,535.0,5.0,mb,us
2004-04-13,00:08:29,-178.37,-31.73,40.6,5.1,mb,us
2004-04-13,04:27:02,-173.79,-23.2,38.5,0.0,,us
2004-04-13,05:49:59,-177.91,-28.42,91.0,4.9,mb,us
2004-04-13,08:04:41,-179.66,-24.52,448.8,4.6,mb,us
2004-04-13,11:24:35,-174.01,-15.72,98.9,5.3,mwc,hrv
2004-04-13,15:38:54,-175.93,-20.68,15.0,0.0,,us
2004-04-13,18:45:36,-174.56,-14.51,15.0,4.5,mb,us
2004-04-14,01:33:05,-174.56,-17.85,143.5,6.0,mwc,hrv
2004-04-14,06:19:56,-178.99,-17.07,531.0,4.3,mb,us
2004-04-14,11:34:19,-179.86,-24.33,437.2,4.4,mb,us
2004-04-14,14:02:06,-179.09,-33.08,10.0,4.9,mwc,hrv
2004-04-14,14:31:26,-178.12,-32.58,10.0,4.8,mb,us
2004-04-15,15:05:10,-177.98,-20.36,539.1,4.2,mb,us
2004-04-15,20:35:29,-179.06,-34.93,35.0,5.0,mb,us
2004-04-15,22:43:05,-178.26,-27.12,268.7,0.0,,us
2004-04-16,01:00:16,-174.47,-17.02,155.0,0.0,,us
2004-04-16,01:34:34,-179.83,-23.26,477.2,0.0,,us
2004-04-16,10:34:35,-178.53,-17.76,565.0,0.0,,us
2004-04-16,13:04:24,-177.38,-30.19,88.4,0.0,,us
2004-04-16,16:58:37,-175.88,-24.52,10.0,6.0,mwb,us
2004-04-16,17:03:48,-175.4,-23.9,10.0,0.0,,us
2004-04-16,17:32:06,-176.58,-24.82,40.0,0.0,,us
2004-04-16,21:24:30,-177.7,-18.41,509.5,4.0,mb,us
2004-04-17,04:24:54,-175.95,-24.69,33.6,5.4,mwc,hrv
2004-04-17,04:30:16,-175.54,-25.03,10.0,0.0,,us
2004-04-17,04:35:08,-175.91,-24.66,10.0,5.1,mwc,hrv
2004-04-17,04:48:36,-175.94,-24.34,10.0,4.8,mb,us
2004-04-17,05:39:19,-177.4,-26.82,20.0,5.4,mwc,hrv
2004-04-17,12:10:52,-178.6,-20.63,590.3,4.2,mb,us
2004-04-17,12:40:16,-179.98,-23.68,542.9,5.6,mwc,hrv
2004-04-17,13:28:09,-179.95,-23.69,532.4,4.8,mb,us
2004-04-17,13:33:45,-176.7,-30.11,38.6,4.8,mb,us
2004-04-17,14:39:55,-176.02,-24.22,10.0,5.0,mb,us
2004-04-17,15:28:07,-178.25,-18.04,555.1,4.4,mb,us
2004-04-17,19:26:54,-176.96,-16.68,355.0,4.2,mb,us
2004-04-17,23:50:21,-179.91,-23.58,497.3,4.1,mb,us
2004-04-18,01:54:16,-173.39,-15.2,10.0,4.7,mb,us
2004-04-18,01:56:27,-173.46,-15.15,10.0,4.5,mb,us
2004-04-18,02:20:46,-177.4,-22.05,198.3,4.6,mb,us
2004-04-18,03:40:56,-175.99,-24.63,10.0,5.0,mwc,hrv
2004-04-18,05:31:45,-176.16,-24.31,15.0,4.5,mb,us
2004-04-18,17:20:07,-178.57,-20.67,580.9,4.6,mb,us
2004-04-18,20:25:31,-174.9,-15.94,10.0,4.5,mb,us
2004-04-18,22:24:03,-178.2,-18.18,459.0,4.7,mb,us
2004-04-18,23:35:23,-173.5,-15.04,10.0,4.1,mb,us
2004-04-19,10:07:55,-175.93,-24.17,10.0,4.6,mb,us
2004-04-19,18:28:24,-177.24,-30.09,10.0,4.4,mb,us
2004-04-19,19:19:35,-177.48,-31.38,64.9,4.5,mb,us
2004-04-19,20:52:19,-179.04,-17.33,570.0,4.4,mb,us
2004-04-19,21:34:34,-177.08,-24.25,122.1,4.5,mb,us
2004-04-20,06:30:25,-177.7,-30.41,39.7,5.0,mb,us
2004-04-20,07:12:31,-177.73,-32.14,10.0,0.0,,us
2004-04-20,07:17:33,-177.21,-26.23,93.7,5.1,mb,us
2004-04-20,14:13:31,-176.28,-16.03,375.3,4.0,mb,us
2004-04-20,15:53:51,-179.0,-33.27,10.0,0.0,,us
2004-04-21,05:45:06,-178.48,-18.14,615.5,4.6,mb,us
2004-04-21,11:04:52,-174.39,-21.18,10.0,4.8,mb,us
2004-04-21,17:53:28,-177.16,-30.5,10.0,0.0,,us
2004-04-21,18:50:40,-174.6,-18.05,15.0,4.4,mb,us
2004-04-22,11:07:31,-178.64,-28.46,348.9,4.4,mb,us
2004-04-22,14:55:18,-175.3,-17.72,291.8,4.8,mb,us
2004-04-23,00:33:40,-174.07,-22.79,55.0,4.3,mb,us
2004-04-24,05:25:05,-174.19,-15.4,10.0,4.8,mb,us
2004-04-24,07:44:11,-174.82,-21.9,8.0,6.1,mwb,us
2004-04-24,07:53:26,-174.94,-22.01,10.0,4.8,mb,us
2004-04-24,08:09:54,-179.26,-22.06,665.1,4.5,mb,us
2004-04-24,08:46:17,-179.91,-23.28,517.4,4.3,mb,us
2004-04-24,11:56:05,-175.9,-24.6,10.0,5.0,mwc,hrv
2004-04-25,08:10:52,-178.12,-18.59,500.0,0.0,,us
2004-04-25,17:26:13,-177.71,-30.29,10.0,4.8,mwc,hrv
2004-04-25,17:54:15,-173.98,-15.3,74.7,4.2,mb,us
2004-04-25,20:21:29,-178.3,-20.07,552.2,4.6,mb,us
2004-04-26,01:57:32,-178.6,-21.17,598.8,4.7,mb,us
2004-04-26,02:24:10,-178.13,-19.84,610.8,4.1,mb,us
2004-04-26,05:24:58,-178.1,-32.76,10.0,4.6,mb,us
2004-04-26,06:57:55,-174.43,-21.03,10.0,5.8,mwc,hrv
2004-04-26,09:01:31,-179.73,-23.23,489.6,4.3,mb,us
2004-04-26,18:35:44,-177.3,-32.16,10.0,4.8,mb,us
2004-04-26,21:58:17,-178.12,-21.36,404.6,4.2,mb,us
2004-04-27,01:39:19,-178.01,-24.7,330.1,4.4,mb,us
2004-04-27,16:05:04,-178.22,-18.12,574.6,4.1,mb,us
2004-04-27,17:23:00,-177.54,-17.88,220.8,3.8,mb,us
2004-04-28,03:06:33,-178.23,-30.68,59.2,4.9,mb,us
2004-04-28,09:22:19,-174.27,-20.76,10.0,5.3,mwc,hrv
2004-04-28,11:45:17,-173.04,-16.49,53.6,5.7,mwb,us
2004-04-28,15:25:03,-176.2,-28.17,60.0,4.7,mb,us
2004-04-28,16:33:34,-178.2,-20.49,528.8,4.6,mb,us
2004-04-28,18:27:05,-174.35,-20.86,30.4,4.6,mb,us
2004-04-29,02:28:35,-176.02,-24.78,127.2,4.4,mb,us
2004-04-29,07:05:00,-176.72,-22.65,178.8,4.5,mb,us
2004-04-29,10:20:32,-177.15,-30.7,10.0,4.7,mb,us
2004-04-29,14:34:02,-178.92,-30.14,335.5,4.0,mb,us
2004-04-30,09:45:03,-178.87,-33.01,10.0,4.2,mb,us
2004-04-30,10:30:53,-178.14,-20.95,548.7,4.0,mb,us
2004-04-30,11:18:27,-175.4,-24.58,10.0,0.0,,us
2004-04-30,14:05:59,-172.03,-18.24,50.0,0.0,,us
2004-04-30,18:46:40,-177.81,-20.65,559.1,4.3,mb,us
2004-04-30,23:35:48,-178.8,-17.36,565.0,0.0,,us
2004-05-01,02:01:00,-177.72,-19.9,500.0,4.4,mb,us
2004-05-01,03:06:38,-174.43,-20.67,10.0,5.0,mwc,hrv
2004-05-01,04:06:53,-178.56,-30.34,123.6,4.6,mb,us
2004-05-01,08:34:31,-175.85,-24.01,10.0,4.7,mb,us
2004-05-01,16:49:53,-176.95,-25.95,15.0,0.0,,us
2004-05-01,23:47:30,-175.83,-23.42,10.0,4.8,mb,us
2004-05-02,03:36:45,-178.54,-32.52,10.0,4.4,mb,us
2004-05-02,04:51:44,-174.76,-19.81,47.6,5.1,mwc,hrv
2004-05-02,05:11:21,-174.48,-21.04,10.0,5.6,mwc,hrv
2004-05-02,08:59:53,-179.84,-31.52,301.7,4.0,mb,us
2004-05-03,10:43:33,-175.89,-24.46,40.0,0.0,,us
2004-05-03,11:49:13,-174.34,-16.79,165.0,0.0,,us
2004-05-03,16:56:13,-179.5,-30.49,269.5,4.1,mb,us
2004-05-03,19:33:16,-172.55,-18.04,50.0,5.7,mwb,us
2004-05-03,22:46:50,-177.28,-29.25,30.0,5.2,mwc,hrv
2004-05-04,07:19:56,-178.98,-17.09,565.0,4.3,mb,us
2004-05-04,10:34:46,-179.33,-21.23,631.2,4.5,mb,us
2004-05-04,20:12:18,-178.02,-29.32,10.0,4.5,mb,us
2004-05-05,02:08:17,-178.38,-17.27,570.0,3.7,mb,us
2004-05-05,04:00:00,-176.59,-24.08,10.0,4.5,mb,us
2004-05-05,10:52:13,-179.83,-24.35,492.4,4.6,mb,us
2004-05-05,12:32:16,-178.82,-34.12,10.0,0.0,,us
2004-05-05,18:14:47,-177.2,-23.64,10.0,4.4,mb,us
2004-05-06,07:30:23,-173.37,-16.32,15.0,4.6,mb,us
2004-05-06,15:16:22,-175.07,-15.76,267.0,5.7,mwb,us
2004-05-07,00:31:18,-178.27,-19.97,555.0,0.0,,us
2004-05-07,02:12:53,-178.21,-32.85,75.0,4.4,mb,us
2004-05-08,04:04:33,-175.53,-19.01,229.4,4.8,mb,us
2004-05-08,04:23:45,-178.35,-18.07,541.7,4.3,mb,us
2004-05-08,04:32:04,-176.72,-24.37,110.5,4.7,mb,us
2004-05-08,09:01:35,-177.29,-30.44,10.0,0.0,,us
2004-05-08,09:06:33,-178.76,-33.29,10.0,4.7,mb,us
2004-05-08,23:03:38,-173.79,-20.27,35.8,5.0,mwc,hrv
2004-05-09,00:56:01,-176.05,-24.54,56.9,4.2,mb,us
2004-05-09,08:34:33,-179.0,-34.12,117.1,4.7,mb,us
2004-05-09,10:08:03,-177.92,-18.5,650.0,4.2,mb,us
2004-05-09,14:58:25,-178.09,-32.4,10.0,4.7,mb,us
2004-05-10,08:05:24,-178.76,-17.56,600.0,0.0,,us
2004-05-10,10:49:24,-173.91,-19.83,55.0,0.0,,us
2004-05-10,11:25:55,-174.28,-20.59,75.0,4.4,mb,us
2004-05-10,19:10:08,-177.8,-18.13,594.0,4.3,mb,us
2004-05-11,05:24:15,-173.78,-15.38,54.4,4.8,mwc,hrv
2004-05-11,07:39:36,-177.5,-29.28,10.0,4.7,mb,us
2004-05-11,07:41:00,-178.48,-20.7,570.0,4.2,mb,us
2004-05-11,17:27:17,-178.0,-30.16,150.0,4.5,mb,us
2004-05-11,20:38:07,-179.22,-15.91,10.0,4.5,mb,us
2004-05-12,05:38:00,-176.05,-27.84,10.0,4.4,mb,us
2004-05-12,15:20:40,-174.83,-19.83,84.5,4.7,mb,us
2004-05-12,18:08:48,-174.4,-20.74,10.0,5.1,mwc,hrv
2004-05-12,18:26:11,-176.65,-21.85,148.9,4.6,mb,us
2004-05-12,20:10:01,-179.81,-23.74,500.6,3.9,mb,us
2004-05-13,04:48:23,-173.31,-21.15,35.0,4.5,mb,us
2004-05-13,06:37:45,-178.08,-17.99,495.3,4.4,mb,us
2004-05-13,17:18:55,-177.55,-30.12,10.0,5.4,mwc,hrv
2004-05-13,17:37:39,-177.33,-29.94,15.0,5.3,mb,us
2004-05-13,18:10:25,-177.34,-29.97,15.0,5.0,mwc,hrv
2004-05-13,19:19:06,-174.87,-21.6,50.0,4.5,mb,us
2004-05-14,04:01:18,-178.62,-17.84,609.2,4.0,mb,us
2004-05-14,07:35:47,-178.03,-18.18,540.6,4.3,mb,us
2004-05-14,08:48:08,-179.16,-36.48,54.0,4.3,ml,wel
2004-05-14,12:49:02,-178.0,-28.36,244.6,0.0,,us
2004-05-14,18:41:11,-179.5,-24.19,500.0,3.9,mb,us
2004-05-14,19:26:57,-177.16,-17.04,40.0,4.8,mb,us
2004-05-15,00:01:18,-178.9,-20.67,617.5,4.7,mb,us
2004-05-15,02:32:49,-177.72,-20.0,457.8,4.3,mb,us
2004-05-15,07:28:12,-177.38,-16.73,10.0,4.8,mb,us
2004-05-15,07:48:27,-177.69,-16.04,10.0,4.5,mb,us
2004-05-15,09:32:10,-172.38,-17.17,10.0,4.5,mb,us
2004-05-15,11:01:23,-177.29,-29.95,10.0,4.8,mb,us
2004-05-15,11:43:59,-177.18,-16.66,10.0,4.5,mb,us
2004-05-15,12:35:44,-177.39,-30.15,10.0,4.8,mb,us
2004-05-15,21:21:36,-177.19,-16.52,18.3,5.4,mwc,hrv
2004-05-16,02:11:07,-175.68,-20.09,200.0,3.7,mb,us
2004-05-16,07:50:33,-173.42,-15.34,54.7,5.8,mwb,us
2004-05-16,16:36:40,-175.59,-19.73,200.0,4.1,mb,us
2004-05-16,20:55:48,-173.52,-15.07,10.0,4.3,mb,us
2004-05-16,23:53:28,-179.36,-31.06,224.3,4.3,mb,us
2004-05-16,23:58:33,-179.51,-21.96,569.1,4.1,mb,us
2004-05-17,00:30:56,-172.62,-16.9,10.0,4.7,mb,us
2004-05-17,04:12:41,-176.9,-17.18,354.1,4.0,mb,us
2004-05-17,06:47:08,-179.35,-21.39,624.0,4.7,mb,us
2004-05-17,16:00:32,-177.56,-30.99,10.0,4.7,mb,us
2004-05-17,19:45:30,-177.32,-20.06,500.0,4.4,mb,us
2004-05-18,06:28:43,-173.97,-20.31,10.0,4.5,mb,us
2004-05-18,11:56:29,-177.9,-18.38,535.0,4.3,mb,us
2004-05-18,15:35:06,-178.11,-20.67,555.6,4.6,mb,us
2004-05-18,16:06:36,-177.67,-30.26,99.7,4.4,mb,us
2004-05-18,16:25:07,-179.64,-23.77,539.9,4.5,mb,us
2004-05-18,18:12:31,-173.75,-15.67,95.9,5.2,mwc,hrv
2004-05-19,06:19:05,-172.46,-18.19,20.0,4.7,mb,us
2004-05-19,07:49:43,-179.0,-30.7,80.5,4.5,mb,us
2004-05-19,08:14:53,-177.78,-20.05,567.7,4.3,mb,us
2004-05-19,20:02:27,-179.65,-23.98,470.9,4.3,mb,us
2004-05-20,00:28:58,-177.64,-20.38,500.0,4.3,mb,us
2004-05-20,05:38:33,-173.72,-15.1,10.0,4.5,mb,us
2004-05-20,08:26:00,-176.92,-26.36,30.0,4.6,mb,us
2004-05-20,15:55:58,-177.69,-17.74,500.0,4.0,mb,us
2004-05-21,15:43:52,-178.45,-32.19,159.9,4.8,mb,us
2004-05-21,15:59:49,-178.1,-32.22,10.0,5.4,mwc,hrv
2004-05-21,16:25:56,-178.22,-32.4,10.0,0.0,,us
2004-05-21,18:53:21,-178.31,-18.12,492.8,4.1,mb,us
2004-05-22,00:13:35,-173.72,-15.26,10.0,4.6,mb,us
2004-05-22,00:24:31,-179.8,-34.48,30.0,4.6,mb,us
2004-05-22,02:23:07,-177.97,-20.73,422.8,4.2,mb,us
2004-05-22,06:28:08,-174.22,-20.9,10.0,5.5,mwc,hrv
2004-05-22,07:36:57,-174.25,-20.52,33.1,5.4,mwc,hrv
2004-05-22,10:46:05,-172.9,-18.32,10.0,4.6,mb,us
2004-05-22,10:48:35,-172.66,-18.58,30.3,5.2,mwc,hrv
2004-05-22,10:53:44,-173.17,-17.89,10.0,4.6,mb,us
2004-05-22,11:00:30,-173.25,-18.3,10.0,4.5,mb,us
2004-05-22,12:36:28,-172.84,-18.28,10.0,4.7,mb,us
2004-05-22,13:01:32,-172.37,-18.92,10.0,4.5,mb,us
2004-05-22,15:28:05,-175.87,-24.64,29.3,4.7,mb,us
2004-05-22,15:39:46,-176.91,-32.3,10.0,0.0,,us
2004-05-22,16:58:26,-178.18,-30.78,15.0,4.7,mb,us
2004-05-22,20:01:01,-172.95,-18.16,10.0,4.6,mb,us
2004-05-23,06:06:20,-172.89,-18.36,59.7,4.9,mb,us
2004-05-23,06:06:54,-172.98,-18.2,50.0,4.5,mb,us
2004-05-23,06:18:17,-172.97,-18.27,50.0,4.6,mb,us
2004-05-23,06:25:41,-172.84,-18.46,44.9,4.5,mb,us
2004-05-23,08:02:28,-172.85,-18.46,10.0,4.6,mb,us
2004-05-23,16:18:26,-178.34,-21.18,469.6,4.1,mb,us
2004-05-23,17:07:01,-177.84,-20.28,451.6,4.0,mb,us
2004-05-23,19:11:07,-173.04,-15.28,57.9,4.4,mb,us
2004-05-23,23:48:05,-179.33,-25.25,447.7,4.6,mb,us
2004-05-24,01:25:19,-173.26,-17.61,10.0,4.9,mb,us
2004-05-24,02:55:18,-178.33,-17.82,558.9,4.1,mb,us
2004-05-24,05:24:15,-177.36,-15.51,282.3,4.1,mb,us
2004-05-24,05:58:16,-177.98,-32.29,10.0,4.7,mb,us
2004-05-24,06:48:37,-172.96,-18.1,31.2,4.3,mb,us
2004-05-24,09:31:27,-172.92,-18.07,50.0,0.0,,us
2004-05-24,19:10:11,-178.25,-32.61,10.0,5.8,mwc,hrv
2004-05-24,19:39:02,-178.4,-32.42,10.0,4.6,mb,us
2004-05-24,19:53:32,-178.45,-32.34,10.0,4.6,mb,us
2004-05-24,20:42:15,-173.72,-22.68,10.0,4.5,mb,us
2004-05-24,21:28:21,-178.51,-32.17,10.0,4.6,mb,us
2004-05-24,22:16:26,-172.95,-18.41,50.0,4.6,mb,us
2004-05-24,22:24:29,-172.95,-18.37,50.0,4.7,mb,us
2004-05-24,22:41:09,-174.65,-21.12,75.0,4.8,mb,us
2004-05-25,04:49:40,-178.51,-17.9,576.5,4.6,mb,us
2004-05-25,05:05:17,-177.85,-32.52,10.0,4.7,mb,us
2004-05-25,07:11:32,-172.82,-18.63,57.6,4.3,mb,us
2004-05-25,08:44:36,-178.25,-20.54,557.3,4.5,mb,us
2004-05-26,13:08:12,-179.34,-16.84,511.8,4.1,mb,us
2004-05-26,13:28:44,-178.8,-28.32,320.9,4.3,mb,us
2004-05-26,13:31:00,-178.22,-19.78,560.0,4.1,mb,us
2004-05-26,18:45:03,-175.41,-15.54,10.0,3.9,mb,us
2004-05-26,20:09:52,-178.57,-31.33,10.0,4.6,mb,us
2004-05-26,21:43:55,-174.56,-20.84,35.0,4.3,mb,us
2004-05-26,22:24:53,-178.16,-32.67,31.6,5.2,mwc,hrv
2004-05-27,04:17:32,-179.67,-22.78,600.0,4.7,mb,us
2004-05-27,04:23:57,-174.55,-17.59,35.0,4.7,mb,us
2004-05-27,12:00:29,-179.73,-23.26,509.8,4.5,mb,us
2004-05-27,15:45:52,-177.38,-29.94,10.0,4.5,mb,us
2004-05-27,23:18:10,-175.39,-16.99,300.0,4.2,mb,us
2004-05-28,05:02:05,-172.78,-18.36,32.0,4.8,mb,us
2004-05-28,05:42:34,-172.89,-18.18,33.6,0.0,,us
2004-05-29,12:36:11,-177.88,-19.82,560.0,4.6,mb,us
2004-05-30,00:55:16,-178.04,-19.11,590.7,4.1,mb,us
2004-05-30,02:13:26,-176.36,-29.75,10.0,4.2,mb,us
2004-05-30,03:06:33,-176.46,-29.58,10.0,4.4,mb,us
2004-05-30,03:55:23,-176.84,-29.39,10.0,4.9,mb,us
2004-05-30,04:36:42,-173.63,-17.95,10.0,4.6,mb,us
2004-05-30,13:52:20,-178.11,-20.37,440.6,3.9,mb,us
2004-05-30,14:42:49,-176.25,-15.85,372.8,3.9,mb,us
2004-05-30,21:11:25,-177.12,-31.05,10.0,5.9,mwc,hrv
2004-05-30,21:39:56,-179.82,-22.84,423.4,4.2,mb,us
2004-05-30,22:40:10,-173.54,-19.33,10.0,4.3,mb,us
2004-05-31,02:37:49,-179.67,-24.49,493.1,4.2,mb,us
2004-05-31,03:52:16,-173.74,-15.03,10.0,4.4,mb,us
2004-05-31,05:51:39,-174.71,-25.0,10.0,4.7,mb,us
2004-05-31,07:56:54,-175.82,-22.13,10.0,4.6,mb,us
2004-05-31,17:42:26,-178.77,-17.56,565.0,4.3,mb,us
2004-05-31,21:47:34,-177.95,-18.17,621.4,4.3,mb,us
2004-05-31,23:51:14,-178.06,-18.16,654.5,4.5,mb,us
2004-06-01,01:44:11,-178.41,-17.56,537.3,4.5,mb,us
2004-06-01,10:28:17,-173.64,-15.4,10.0,4.8,mb,us
2004-06-01,16:54:04,-178.48,-17.94,565.0,4.3,mb,us
2004-06-02,00:07:51,-178.64,-20.62,400.0,3.8,mb,us
2004-06-02,08:50:37,-179.45,-32.88,43.1,6.2,mwb,us
2004-06-02,17:25:49,-178.08,-18.07,500.0,4.0,mb,us
2004-06-02,17:38:22,-177.66,-19.1,500.0,4.2,mb,us
2004-06-02,20:22:22,-174.09,-16.56,76.7,4.5,mb,us
2004-06-02,22:39:30,-177.88,-30.48,28.0,5.8,mwb,us
2004-06-03,01:30:13,-178.84,-17.39,550.0,4.0,mb,us
2004-06-03,02:22:16,-177.17,-30.73,10.0,4.6,mb,us
2004-06-03,02:39:30,-175.47,-23.86,10.0,4.9,mb,us
2004-06-03,03:13:39,-179.78,-22.04,618.9,3.7,mb,us
2004-06-03,05:16:43,-173.37,-15.08,35.0,4.6,mb,us
2004-06-03,18:20:08,-179.02,-17.45,590.0,4.4,mb,us
2004-06-03,20:39:53,-177.59,-17.97,560.0,4.1,mb,us
2004-06-03,22:34:05,-177.36,-30.64,10.0,4.7,mb,us
2004-06-04,02:38:28,-173.85,-16.05,85.4,5.6,mwc,hrv
2004-06-04,07:01:17,-177.98,-30.31,140.0,4.9,mb,us
2004-06-05,01:43:05,-178.19,-27.02,195.0,4.3,mb,us
2004-06-05,04:43:49,-178.57,-21.08,501.1,4.4,mb,us
2004-06-05,04:54:45,-173.86,-18.64,10.0,4.5,mb,us
2004-06-05,08:23:10,-179.83,-25.6,439.4,4.2,mb,us
2004-06-05,11:17:27,-179.9,-35.08,40.4,4.8,mb,us
2004-06-05,14:08:05,-173.31,-16.44,42.9,0.0,,us
2004-06-06,09:52:06,-174.22,-16.8,10.0,4.3,mb,us
2004-06-07,04:45:06,-177.56,-19.16,569.0,4.5,mb,us
2004-06-07,05:11:31,-178.12,-30.83,15.0,0.0,,us
2004-06-07,08:04:25,-147.29,-57.67,10.0,4.1,mb,us
2004-06-07,23:48:04,-178.27,-27.99,200.0,4.1,mb,us
2004-06-08,01:10:10,-177.96,-19.3,555.0,4.6,mb,us
2004-06-08,02:27:07,-178.17,-17.69,604.3,4.3,mb,us
2004-06-08,05:02:00,-177.97,-32.34,10.0,4.7,mb,us
2004-06-08,08:21:41,-176.04,-24.36,10.0,4.7,mb,us
2004-06-08,09:00:24,-178.9,-17.58,565.0,4.3,mb,us
2004-06-08,09:25:52,-179.92,-23.64,494.7,4.6,mb,us
2004-06-08,12:18:24,-177.58,-20.07,499.1,4.3,mb,us
2004-06-08,14:59:35,-178.15,-28.5,108.2,4.5,mb,us
2004-06-09,16:52:53,-177.95,-20.26,561.6,4.5,mb,us
2004-06-09,19:46:21,-173.8,-15.09,62.7,4.4,mb,us
2004-06-10,00:23:22,-173.52,-15.25,10.0,4.8,mb,us
2004-06-10,01:48:29,-174.79,-15.02,100.0,4.2,mb,us
2004-06-10,05:43:32,-178.03,-20.32,525.3,4.6,mb,us
2004-06-10,09:50:39,-173.48,-15.23,10.0,5.4,mwc,hrv
2004-06-10,10:38:56,-173.5,-15.21,10.0,4.5,mb,us
2004-06-10,11:13:43,-175.36,-23.21,10.0,5.2,mwc,hrv
2004-06-10,12:17:50,-178.7,-21.12,573.5,4.4,mb,us
2004-06-10,12:29:00,-173.53,-15.26,10.0,4.5,mb,us
2004-06-10,13:45:49,-178.63,-21.73,540.0,4.0,mb,us
2004-06-10,14:11:27,-176.67,-27.99,10.0,5.4,mwc,hrv
2004-06-10,16:31:11,-179.12,-24.88,550.0,4.3,mb,us
2004-06-10,20:33:06,-178.7,-30.26,143.1,5.6,mwc,hrv
2004-06-10,20:52:16,-175.56,-23.43,10.0,5.0,mb,us
2004-06-10,21:03:20,-178.05,-27.67,400.0,4.3,mb,us
2004-06-10,22:07:14,-175.5,-23.18,10.0,4.9,mb,us
2004-06-10,22:32:07,-175.64,-22.77,25.0,4.9,mb,us
2004-06-10,23:52:21,-175.34,-23.32,10.0,4.7,mb,us
2004-06-11,00:21:50,-175.39,-23.15,40.3,4.8,mb,us
2004-06-11,00:37:40,-179.68,-21.98,605.0,4.3,mb,us
2004-06-11,03:32:35,-175.89,-22.26,85.0,0.0,,us
2004-06-11,05:08:13,-178.9,-17.81,662.5,4.6,mb,us
2004-06-11,06:25:05,-178.96,-17.43,565.0,0.0,,us
2004-06-11,07:57:47,-179.59,-22.21,593.5,4.1,mb,us
2004-06-11,09:15:05,-178.8,-20.83,570.0,3.8,mb,us
2004-06-12,05:04:11,-175.71,-19.89,283.3,4.3,mb,us
2004-06-12,10:49:52,-178.66,-30.49,441.0,4.1,mb,us
2004-06-12,12:37:47,-178.35,-14.99,10.0,4.7,mb,us
2004-06-12,15:09:38,-174.02,-20.26,15.0,4.7,mb,us
2004-06-12,17:12:08,-176.2,-19.42,10.0,4.7,mb,us
2004-06-12,21:13:10,-177.31,-17.68,400.0,3.9,mb,us
2004-06-12,21:34:47,-172.19,-15.62,10.0,0.0,,us
2004-06-12,22:59:52,-178.65,-20.04,449.9,4.2,mb,us
2004-06-13,00:46:19,-178.89,-65.37,10.0,0.0,,us
2004-06-13,01:17:13,-178.19,-28.15,137.5,4.1,mb,us
2004-06-13,03:35:01,-178.1,-18.58,662.7,4.0,mb,us
2004-06-13,03:35:08,-176.07,-24.14,10.0,4.7,mb,us
2004-06-13,06:48:24,-177.5,-19.24,499.7,3.8,mb,us
2004-06-13,07:25:07,-174.59,-17.31,77.1,4.1,mb,us
2004-06-13,11:36:05,-178.37,-19.92,550.0,3.5,mb,us
2004-06-13,13:24:40,-179.12,-17.34,550.0,4.2,mb,us
2004-06-13,15:51:59,-179.78,-23.88,508.7,4.4,mb,us
2004-06-13,18:13:33,-173.87,-14.98,30.0,4.1,mb,us
2004-06-13,19:28:13,-178.57,-17.89,580.1,5.7,mwc,hrv
2004-06-14,19:48:33,-177.82,-18.13,592.6,4.0,mb,us
2004-06-14,20:06:13,-174.94,-22.09,10.0,5.8,mwb,us
2004-06-14,21:27:39,-179.0,-21.3,626.1,5.3,mwc,hrv
2004-06-15,00:27:47,-178.69,-22.66,450.0,4.4,mb,us
2004-06-15,10:02:50,-178.15,-32.99,68.6,4.7,mb,us
2004-06-15,18:15:42,-178.28,-32.37,10.0,4.1,mb,us
2004-06-15,18:33:39,-178.3,-26.86,245.7,4.2,mb,us
2004-06-15,18:43:49,-173.77,-15.41,101.3,5.3,mwc,hrv
2004-06-16,01:38:15,-178.01,-34.82,115.8,4.5,mb,us
2004-06-16,06:30:00,-178.74,-20.72,600.0,4.3,mb,us
2004-06-16,11:01:27,-178.87,-21.34,600.0,4.2,mb,us
2004-06-16,19:10:24,-176.22,-22.25,88.3,4.3,mb,us
2004-06-16,19:53:06,-175.24,-18.16,203.6,4.5,mb,us
2004-06-17,06:50:17,-175.17,-23.57,10.0,4.8,mb,us
2004-06-17,07:36:34,-178.75,-20.72,555.0,4.3,mb,us
2004-06-17,13:59:12,-177.91,-18.76,485.4,5.2,mwc,hrv
2004-06-17,15:34:56,-172.85,-19.18,41.5,5.0,mwc,hrv
2004-06-17,23:27:56,-177.12,-21.11,170.0,4.5,mb,us
2004-06-18,03:00:57,-178.24,-32.61,10.0,4.9,mb,us
2004-06-18,03:28:54,-178.05,-32.62,10.0,0.0,,us
2004-06-18,11:09:57,-178.14,-32.62,10.0,4.3,mb,us
2004-06-18,16:07:11,-177.05,-29.66,40.9,0.0,,us
2004-06-18,22:46:15,-177.76,-14.86,415.6,4.1,mb,us
2004-06-18,23:09:20,-179.21,-25.11,427.8,4.2,mb,us
2004-06-19,11:24:45,-179.16,-21.93,520.4,4.5,mb,us
2004-06-19,15:42:00,-171.83,-18.24,10.0,4.7,mb,us
2004-06-20,00:47:32,-179.48,-21.86,599.3,5.3,mwc,hrv
2004-06-20,01:46:01,-177.67,-20.26,480.7,4.4,mb,us
2004-06-20,11:52:46,-178.65,-17.22,468.1,3.8,mb,us
2004-06-20,14:58:55,-179.73,-34.72,10.0,4.2,mb,us
2004-06-21,00:02:02,-178.23,-17.74,600.0,4.5,mb,us
2004-06-21,02:16:29,-177.21,-17.01,40.0,4.4,mb,us
2004-06-21,03:52:58,-179.8,-23.84,476.1,4.6,mb,us
2004-06-21,16:35:59,-179.95,-23.66,525.0,4.5,mb,us
2004-06-21,22:09:56,-173.2,-17.38,10.0,4.3,mb,us
2004-06-22,00:06:20,-175.68,-19.86,150.0,4.4,mb,us
2004-06-22,01:43:44,-177.92,-18.85,456.5,4.3,mb,us
2004-06-22,03:37:40,-177.95,-30.46,10.0,5.0,mb,us
2004-06-22,06:40:37,-178.28,-18.56,493.4,4.2,mb,us
2004-06-22,09:27:06,-178.92,-17.09,565.0,4.3,mb,us
2004-06-22,09:46:58,-178.16,-17.81,565.0,4.0,mb,us
2004-06-22,10:01:19,-176.51,-22.28,152.5,4.4,mb,us
2004-06-22,10:13:32,-178.22,-20.93,570.0,4.3,mb,us
2004-06-22,10:29:15,-179.87,-23.4,536.9,4.5,mb,us
2004-06-22,11:45:47,-179.97,-29.64,409.5,4.5,mb,us
2004-06-22,15:11:10,-178.12,-17.95,459.6,4.3,mb,us
2004-06-22,19:38:32,-178.44,-20.36,583.8,3.6,mb,us
2004-06-22,21:39:37,-175.75,-19.11,231.0,5.6,mwc,hrv
2004-06-23,01:33:11,-176.01,-21.12,80.9,4.4,mb,us
2004-06-23,02:20:00,-176.0,-21.09,77.7,4.4,mb,us
2004-06-23,06:07:45,-177.14,-19.09,404.2,4.3,mb,us
2004-06-23,11:17:12,-177.88,-20.48,548.9,4.0,mb,us
2004-06-23,11:31:00,-177.49,-30.12,10.0,4.1,mb,us
2004-06-23,21:14:58,-178.42,-33.8,48.6,4.8,mb,us
2004-06-24,00:52:35,-179.19,-21.17,573.2,4.4,mb,us
2004-06-24,01:22:47,-179.91,-23.49,482.1,4.3,mb,us
2004-06-24,13:56:38,-174.64,-18.03,135.0,4.6,mb,us
2004-06-24,16:29:46,-178.84,-33.46,116.5,4.2,mb,us
2004-06-24,22:53:17,-179.61,-32.37,10.0,4.9,mb,us
2004-06-24,23:05:26,-170.85,-15.14,10.0,4.6,mb,us
2004-06-25,00:15:36,-173.48,-15.21,10.0,4.8,mb,us
2004-06-25,05:02:36,-179.7,-23.78,491.5,4.5,mb,us
2004-06-25,06:39:52,-178.01,-32.32,10.0,4.9,mb,us
2004-06-25,06:46:29,-177.8,-32.32,10.0,0.0,,us
2004-06-25,12:54:40,-178.89,-18.45,580.0,0.0,,us
2004-06-25,15:39:43,-178.09,-31.94,10.0,4.9,mb,us
2004-06-25,15:50:41,-178.71,-32.18,10.0,0.0,,us
2004-06-25,18:50:19,-177.65,-20.19,388.2,4.1,mb,us
2004-06-25,21:26:53,-174.83,-19.13,211.4,4.2,mb,us
2004-06-25,21:48:24,-178.75,-21.16,594.7,4.3,mb,us
2004-06-26,05:44:35,-179.2,-31.16,119.6,4.4,mb,us
2004-06-26,06:16:09,-176.7,-22.89,107.9,4.8,mb,us
2004-06-26,06:46:50,-179.77,-23.98,506.3,4.1,mb,us
2004-06-26,07:49:27,-174.79,-15.98,170.0,4.2,mb,us
2004-06-26,09:43:09,-174.37,-17.17,54.9,4.6,mb,us
2004-06-26,13:44:48,-177.3,-26.52,111.2,4.7,mb,us
2004-06-27,01:14:54,-174.46,-19.76,53.4,4.7,mb,us
2004-06-27,03:03:22,-177.5,-30.66,10.0,0.0,,us
2004-06-27,08:59:46,-178.74,-17.68,520.4,4.0,mb,us
2004-06-28,01:35:28,-178.67,-17.77,590.4,3.8,mb,us
2004-06-28,13:42:38,-175.43,-22.02,85.0,0.0,,us
2004-06-28,23:16:13,-179.6,-34.24,79.6,5.4,mwc,hrv
2004-06-29,00:21:31,-178.98,-17.3,562.9,4.4,mb,us
2004-06-29,00:38:46,-179.39,-34.13,64.8,5.1,mwc,hrv
2004-06-29,03:09:58,-178.12,-19.71,603.1,4.7,mb,us
2004-06-29,06:16:23,-176.95,-22.92,30.0,4.4,mb,us
2004-06-29,08:09:32,-178.37,-20.03,570.0,4.4,mb,us
2004-06-29,10:13:14,-173.36,-19.3,10.0,4.8,mb,us
2004-06-29,23:35:46,-178.78,-17.58,576.5,3.6,mb,us
2004-06-30,02:40:24,-175.74,-24.48,40.0,4.5,mb,us
2004-06-30,08:08:04,-177.93,-17.55,465.8,4.3,mb,us
2004-06-30,09:01:18,-179.12,-16.92,482.6,4.5,mb,us
2004-06-30,13:23:14,-178.13,-30.59,10.0,4.8,mb,us
2004-06-30,22:30:59,-175.4,-16.27,310.9,4.2,mb,us
2004-07-01,04:31:59,-178.42,-15.19,394.9,4.2,mb,us
2004-07-01,05:43:58,-173.55,-15.35,63.1,5.8,mwb,us
2004-07-01,09:31:50,-175.42,-23.07,10.0,5.6,mwc,hrv
2004-07-01,10:26:13,-178.01,-14.83,325.0,4.2,mb,us
2004-07-01,11:28:58,-175.6,-23.06,35.0,4.6,mb,us
2004-07-01,11:33:20,-171.8,-17.06,25.0,4.4,mb,us
2004-07-01,11:51:16,-175.1,-24.57,40.0,4.6,mb,us
2004-07-01,12:19:12,-175.58,-22.95,42.2,4.8,mb,us
2004-07-01,13:04:55,-178.25,-17.77,576.2,4.2,mb,us
2004-07-01,14:59:30,-177.06,-22.96,107.2,5.4,mwc,hrv
2004-07-01,16:20:59,-179.38,-25.54,405.5,5.7,mwc,hrv
2004-07-02,16:05:52,-176.89,-28.99,60.0,4.7,mb,us
2004-07-02,17:54:48,-179.31,-21.1,656.8,4.3,mb,us
2004-07-02,22:43:49,-173.34,-19.4,55.0,4.4,mb,us
2004-07-03,00:07:38,-175.49,-23.01,10.0,4.7,mb,us
2004-07-03,05:09:58,-178.69,-20.13,656.1,4.0,mb,us
2004-07-03,08:17:52,-173.83,-15.49,122.5,4.8,mb,us
2004-07-03,10:17:01,-179.08,-17.36,570.0,4.3,mb,us
2004-07-03,11:35:23,-178.79,-16.47,430.0,4.0,mb,us
2004-07-03,18:37:22,-179.88,-24.24,464.1,4.6,mb,us
2004-07-04,07:32:16,-172.94,-18.01,10.0,3.9,mb,us
2004-07-04,15:36:52,-175.44,-22.94,25.0,4.7,mb,us
2004-07-04,19:22:38,-173.27,-17.81,10.0,4.4,mb,us
2004-07-05,03:29:18,-174.72,-22.04,51.2,4.6,mb,us
2004-07-05,12:15:23,-176.81,-30.37,45.0,0.0,,us
2004-07-05,15:32:58,-178.32,-17.89,497.1,4.2,mb,us
2004-07-05,16:05:39,-175.24,-23.37,63.1,4.5,mb,us
2004-07-05,22:36:49,-176.4,-22.35,100.0,4.4,mb,us
2004-07-06,07:09:23,-178.56,-20.6,609.7,4.7,mb,us
2004-07-06,15:03:40,-178.03,-31.95,35.0,4.4,mb,us
2004-07-06,20:14:59,-174.95,-15.76,252.9,4.4,mb,us
2004-07-07,12:14:41,-177.97,-20.29,539.3,4.3,mb,us
2004-07-07,16:06:33,-127.56,-55.16,10.0,4.6,mb,us
2004-07-07,17:01:22,-175.01,-22.57,55.0,5.0,mwc,hrv
2004-07-08,01:16:15,-179.13,-27.35,420.0,4.3,mb,us
2004-07-08,07:53:14,-177.43,-28.85,45.0,4.4,mb,us
2004-07-08,14:32:16,-173.47,-14.94,35.0,4.5,mb,us
2004-07-08,20:36:56,-179.4,-32.94,37.6,5.2,mwc,hrv
2004-07-09,09:19:51,-174.88,-15.04,170.0,4.5,mb,us
2004-07-09,14:29:01,-174.37,-17.29,123.3,5.0,mwc,hrv
2004-07-09,23:46:58,-178.16,-33.06,75.0,0.0,,us
2004-07-10,06:02:46,-178.5,-18.33,580.0,4.0,mb,us
2004-07-10,06:19:12,-179.5,-21.67,603.9,5.3,mwc,hrv
2004-07-10,07:20:50,-175.14,-24.5,10.0,4.6,mb,us
2004-07-10,08:46:27,-177.52,-18.99,535.0,3.6,mb,us
2004-07-10,10:19:26,-175.05,-25.98,30.0,4.4,mb,us
2004-07-10,15:26:53,-178.73,-17.75,565.0,4.4,mb,us
2004-07-10,16:16:33,-178.72,-20.91,584.3,4.7,mb,us
2004-07-11,19:48:21,-178.11,-20.73,446.6,4.2,mb,us
2004-07-11,19:50:56,-178.43,-26.87,312.9,4.3,mb,us
2004-07-12,00:13:23,-179.68,-23.4,479.4,4.3,mb,us
2004-07-12,03:19:21,-178.12,-31.77,10.0,0.0,,us
2004-07-12,12:52:20,-177.93,-30.62,10.0,4.8,mb,us
2004-07-12,15:17:09,-175.89,-24.56,41.9,4.3,mb,us
2004-07-12,15:38:12,-175.37,-23.63,43.2,4.6,mb,us
2004-07-12,16:44:43,-175.4,-23.32,44.3,4.8,mb,us
2004-07-12,22:01:24,-177.6,-29.54,10.0,4.7,mb,us
2004-07-13,08:03:27,-177.7,-20.49,360.0,3.8,mb,us
2004-07-13,08:04:39,-177.51,-30.09,135.0,4.6,mb,us
2004-07-13,15:56:25,-177.88,-32.11,25.0,4.5,mb,us
2004-07-13,19:51:02,-174.92,-24.26,25.0,5.5,mwb,us
2004-07-14,07:23:06,-175.07,-15.42,285.1,4.7,mb,us
2004-07-14,12:08:33,-179.25,-30.31,241.7,4.1,mb,us
2004-07-15,02:11:15,-179.95,-30.76,373.8,4.3,mb,us
2004-07-15,04:27:13,-178.62,-17.64,560.0,5.5,mb,us
2004-07-15,04:27:15,-178.76,-17.66,565.5,7.1,mwc,hrv
2004-07-15,05:10:58,-178.82,-17.57,560.0,4.3,mb,us
2004-07-15,05:30:35,-178.74,-17.91,560.0,4.7,mb,us
2004-07-15,06:26:57,-178.9,-17.62,560.0,4.2,mb,us
2004-07-15,08:09:36,-179.06,-17.31,560.0,4.0,mb,us
2004-07-15,08:16:58,-178.95,-17.37,560.0,4.2,mb,us
2004-07-15,08:53:04,-178.74,-17.82,560.0,0.0,,us
2004-07-15,10:43:17,-177.76,-20.02,575.0,3.7,mb,us
2004-07-15,12:31:02,-169.95,-16.81,10.0,4.8,mb,us
2004-07-15,16:38:39,-179.77,-23.15,495.7,4.2,mb,us
2004-07-16,01:14:08,-175.23,-22.57,85.0,4.4,mb,us
2004-07-16,05:44:47,-178.9,-17.64,560.0,4.2,mb,us
2004-07-16,06:24:07,-177.85,-19.87,505.5,4.1,mb,us
2004-07-16,09:26:02,-175.0,-15.98,240.0,0.0,,us
2004-07-16,19:38:24,-176.56,-20.03,250.4,4.5,mb,us
2004-07-16,23:58:19,-179.57,-65.65,10.0,6.2,mwc,hrv
2004-07-17,06:12:21,-178.56,-30.81,195.0,4.2,mb,us
2004-07-17,12:55:59,-178.75,-17.81,565.0,4.2,mb,us
2004-07-17,13:28:50,-164.15,-62.85,10.0,4.2,mb,us
2004-07-17,15:26:26,-141.94,-56.65,10.0,5.0,mwc,hrv
2004-07-17,16:27:12,-179.93,-65.57,10.0,4.1,mb,us
2004-07-17,18:38:30,-173.96,-23.89,10.0,4.5,mb,us
2004-07-18,00:59:16,-128.7,-55.03,10.0,0.0,,us
2004-07-18,01:38:54,-178.68,-17.84,643.5,4.1,mb,us
2004-07-18,07:57:31,-178.88,-17.97,550.0,4.0,mb,us
2004-07-18,09:04:32,-177.64,-29.14,15.0,4.2,mb,us
2004-07-19,02:17:43,-179.04,-17.22,534.3,0.0,,us
2004-07-19,02:21:31,-179.83,-23.37,522.4,0.0,,us
2004-07-19,11:22:39,-178.09,-15.09,375.0,0.0,,us
2004-07-20,01:21:37,-174.9,-15.36,255.0,4.3,mb,us
2004-07-20,08:46:43,-179.76,-36.92,12.0,4.7,mb,us
2004-07-20,15:52:29,-178.55,-17.95,590.8,4.4,mb,us
2004-07-20,18:48:38,-179.61,-32.35,25.2,5.3,mwc,hrv
2004-07-20,22:07:28,-178.75,-17.53,578.0,4.3,mb,us
2004-07-21,02:48:05,-177.87,-20.51,528.4,4.3,mb,us
2004-07-21,13:16:07,-177.83,-31.74,10.0,4.7,mb,us
2004-07-21,15:03:55,-178.18,-20.4,572.9,4.1,mb,us
2004-07-21,21:34:03,-177.34,-23.57,57.0,4.9,mwc,hrv
2004-07-21,23:26:28,-179.39,-30.95,184.1,4.5,mb,us
2004-07-22,03:08:18,-179.56,-32.36,53.2,5.1,mwc,hrv
2004-07-22,10:38:49,-179.08,-17.55,570.0,3.9,mb,us
2004-07-22,21:36:17,-178.5,-18.1,593.0,4.7,mb,us
2004-07-23,02:04:06,-174.44,-16.66,194.3,4.6,mb,us
2004-07-23,04:47:36,-175.29,-22.78,43.4,4.6,mb,us
2004-07-23,12:38:31,-177.19,-23.36,127.5,4.7,mb,us
2004-07-23,12:41:51,-174.0,-17.08,80.0,0.0,,us
2004-07-23,18:07:24,-178.5,-31.67,10.0,5.1,mb,us
2004-07-23,22:17:07,-178.46,-32.97,10.0,5.2,mwc,hrv
2004-07-24,06:14:14,-173.45,-21.47,56.0,4.5,mb,us
2004-07-24,11:33:15,-174.06,-15.76,122.1,4.1,mb,us
2004-07-24,12:44:48,-173.16,-14.67,35.0,4.2,mb,us
2004-07-24,14:27:46,-179.93,-31.69,326.6,4.4,mb,us
2004-07-25,02:56:38,-178.64,-20.27,586.3,4.0,mb,us
2004-07-25,09:30:41,-175.11,-22.96,10.0,4.2,mb,us
2004-07-26,08:00:11,-178.18,-33.08,10.0,0.0,,us
2004-07-26,08:06:12,-178.26,-33.3,10.0,4.3,mb,us
2004-07-26,13:33:10,-174.41,-17.24,150.0,4.1,mb,us
2004-07-27,00:03:11,-179.58,-22.16,595.8,4.8,mb,us
2004-07-27,03:06:27,-178.38,-33.41,45.0,4.4,mb,us
2004-07-27,04:35:56,-175.14,-23.09,10.0,4.8,mb,us
2004-07-27,05:13:34,-175.25,-22.89,10.0,4.6,mb,us
2004-07-27,12:18:32,-178.15,-30.06,216.7,4.3,mb,us
2004-07-27,14:17:20,-177.04,-18.11,323.2,4.8,mb,us
2004-07-27,20:56:45,-178.82,-33.39,10.0,4.4,mb,us
2004-07-27,20:59:29,-178.57,-33.4,10.0,4.5,mb,us
2004-07-27,21:07:17,-178.86,-33.4,10.0,4.4,mb,us
2004-07-28,06:56:51,-177.74,-31.04,10.0,4.5,mb,us
2004-07-28,13:27:50,-177.8,-20.39,534.0,4.5,mb,us
2004-07-28,16:34:09,-178.69,-17.73,500.0,4.0,mb,us
2004-07-28,20:23:33,-177.6,-18.77,565.8,4.1,mb,us
2004-07-28,23:13:24,-179.72,-33.87,85.3,5.2,mwc,hrv
2004-07-28,23:27:58,-179.09,-33.32,41.1,4.3,mb,us
2004-07-29,14:36:14,-179.16,-21.4,492.6,4.2,mb,us
2004-07-29,16:05:19,-177.59,-19.1,554.0,4.1,mb,us
2004-07-29,23:39:39,-178.32,-17.99,540.0,4.4,mb,us
2004-07-30,01:41:52,-179.44,-25.71,492.9,4.1,mb,us
2004-07-30,07:48:38,-179.0,-30.42,229.7,4.5,mb,us
2004-07-30,18:33:19,-179.41,-21.68,590.0,4.0,mb,us
2004-07-31,00:28:45,-178.97,-17.38,533.4,3.8,mb,us
2004-07-31,01:51:32,-165.66,-63.2,10.0,5.6,mwc,hrv
2004-07-31,05:56:20,-178.63,-33.35,50.0,4.5,mb,us
2004-07-31,06:04:52,-176.17,-16.13,300.0,4.4,mb,us
2004-07-31,10:12:24,-175.12,-18.71,179.1,4.5,mb,us
2004-08-01,06:40:34,-178.55,-17.77,490.7,3.9,mb,us
2004-08-01,07:12:04,-179.72,-23.94,506.5,4.8,mb,us
2004-08-01,12:09:57,-166.72,-63.38,10.0,5.6,mwc,hrv
2004-08-01,12:52:35,-166.92,-63.25,10.0,4.0,mb,us
2004-08-01,19:03:10,-166.67,-63.56,10.0,6.0,mwb,us
2004-08-01,20:39:14,-177.62,-30.45,28.9,5.0,mb,us
2004-08-01,21:03:36,-167.1,-63.36,10.0,0.0,,us
2004-08-01,21:58:24,-166.21,-63.24,10.0,4.3,mb,us
2004-08-02,01:31:19,-177.59,-18.52,563.5,4.1,mb,us
2004-08-02,03:43:39,-174.55,-17.11,100.0,4.5,mb,us
2004-08-02,05:31:44,-178.8,-17.26,500.0,4.1,mb,us
2004-08-02,06:06:54,-166.52,-63.29,10.0,4.2,mb,us
2004-08-02,09:10:25,-177.84,-18.58,500.0,4.0,mb,us
2004-08-02,12:39:15,-177.79,-20.28,490.0,3.9,mb,us
2004-08-02,19:33:23,-178.04,-20.48,510.0,4.1,mb,us
2004-08-03,08:57:34,-178.35,-20.12,580.6,4.4,mb,us
2004-08-03,12:13:05,-166.93,-63.26,10.0,4.7,mb,us
2004-08-03,15:06:54,-166.77,-63.34,10.0,5.1,mwc,hrv
2004-08-04,06:58:43,-169.31,-69.73,10.0,0.0,,us
2004-08-04,08:40:09,-177.35,-16.06,10.0,4.6,mb,us
2004-08-04,10:28:06,-177.74,-16.31,449.0,4.1,mb,us
2004-08-04,16:46:32,-178.71,-17.79,557.1,4.4,mb,us
2004-08-04,17:37:40,-166.74,-63.31,10.0,4.1,mb,us
2004-08-05,11:33:57,-177.79,-18.54,559.2,4.0,mb,us
2004-08-05,18:48:24,-175.98,-22.56,35.0,4.5,mb,us
2004-08-05,21:05:56,-173.8,-16.71,15.0,4.3,mb,us
2004-08-06,02:41:48,-177.93,-19.66,345.0,3.7,mb,us
2004-08-06,12:07:00,-133.95,-54.2,10.0,5.1,mwc,hrv
2004-08-07,01:02:40,-179.11,-17.13,481.9,4.0,mb,us
2004-08-07,04:15:45,-177.75,-28.34,10.0,4.3,mb,us
2004-08-07,06:52:46,-173.45,-15.25,10.0,4.6,mb,us
2004-08-07,08:25:14,-175.3,-15.23,245.0,0.0,,us
2004-08-07,20:33:53,-173.76,-23.91,111.2,4.4,mb,us
2004-08-08,00:57:21,-176.73,-16.2,327.7,4.0,mb,us
2004-08-08,07:00:52,-177.76,-20.48,522.5,4.0,mb,us
2004-08-08,09:20:24,-178.92,-20.23,641.0,4.8,mb,us
2004-08-08,18:01:57,-175.63,-14.14,10.0,4.3,mb,us
2004-08-09,01:00:34,-178.87,-15.38,401.3,4.1,mb,us
2004-08-09,05:59:41,-178.83,-17.98,500.0,3.9,mb,us
2004-08-09,17:46:57,-173.23,-18.69,55.0,4.4,mb,us
2004-08-10,00:14:14,-179.83,-23.75,515.7,4.6,mb,us
2004-08-10,06:24:32,-173.32,-19.66,42.4,5.2,mwc,hrv
2004-08-10,06:31:34,-173.46,-19.52,45.0,4.6,mb,us
2004-08-10,09:25:24,-178.71,-20.89,606.2,4.2,mb,us
2004-08-11,08:21:32,-179.74,-23.82,544.2,4.3,mb,us
2004-08-11,12:30:18,-175.15,-17.4,217.1,4.4,mb,us
2004-08-11,13:47:54,-174.81,-16.67,150.9,4.2,mb,us
2004-08-11,13:57:37,-179.38,-22.88,449.4,3.8,mb,us
2004-08-11,18:01:22,-175.11,-22.66,57.6,4.6,mb,us
2004-08-12,12:38:43,-177.5,-20.43,411.4,4.0,mb,us
2004-08-12,16:54:08,-179.98,-24.36,482.9,4.2,mb,us
2004-08-13,04:07:41,-175.01,-15.44,282.2,3.9,mb,us
2004-08-13,04:46:50,-178.47,-17.92,557.5,3.8,mb,us
2004-08-13,07:16:06,-179.76,-23.71,519.2,0.0,,us
2004-08-13,10:28:58,-178.1,-17.92,539.8,3.6,mb,us
2004-08-13,12:18:55,-176.09,-21.92,113.1,4.9,mwc,hrv
2004-08-13,13:16:59,-177.17,-30.9,65.0,0.0,,us
2004-08-13,16:51:52,-179.04,-21.06,638.9,4.4,mb,us
2004-08-13,18:14:34,-179.34,-22.14,502.2,4.3,mb,us
2004-08-13,18:36:04,-178.63,-17.82,584.9,4.4,mb,us
2004-08-13,20:48:42,-178.92,-34.65,44.8,4.4,mb,us
2004-08-13,22:13:32,-179.11,-35.24,113.4,4.3,mb,us
2004-08-13,23:44:56,-179.13,-35.04,100.0,0.0,,us
2004-08-14,13:49:28,-177.81,-28.67,10.0,4.4,mb,us
2004-08-14,21:20:39,-173.72,-15.09,10.0,4.8,mb,us
2004-08-14,21:48:21,-178.56,-20.53,639.9,4.1,mb,us
2004-08-14,23:16:26,-175.38,-22.84,42.7,4.9,mwc,hrv
2004-08-15,14:06:47,-179.46,-34.7,30.0,4.2,mb,us
2004-08-15,15:56:15,-178.8,-17.74,576.9,4.3,mb,us
2004-08-15,20:48:09,-175.43,-15.99,290.2,4.3,mb,us
2004-08-15,23:48:09,-178.17,-27.45,156.0,4.1,mb,us
2004-08-16,01:18:21,-178.52,-31.37,10.0,4.5,mb,us
2004-08-16,01:53:53,-177.47,-16.57,10.0,4.4,mb,us
2004-08-16,08:19:33,-179.11,-17.11,600.0,4.2,mb,us
2004-08-16,21:28:03,-174.85,-18.6,120.3,4.4,mb,us
2004-08-16,23:07:05,-178.21,-19.88,600.0,4.4,mb,us
2004-08-17,04:37:15,-178.26,-17.83,432.6,4.3,mb,us
2004-08-17,04:49:03,-177.93,-26.37,209.8,5.7,mwb,us
2004-08-17,05:46:16,-177.98,-30.59,31.5,4.6,mb,us
2004-08-17,07:10:33,-178.74,-17.6,541.8,4.6,mb,us
2004-08-17,07:40:01,-177.41,-30.72,10.0,4.3,mb,us
2004-08-18,11:17:26,-179.12,-29.74,247.5,3.6,mb,us
2004-08-18,15:31:13,-177.4,-25.8,200.0,4.2,mb,us
2004-08-19,07:11:03,-174.32,-22.52,46.5,4.9,mb,us
2004-08-20,04:39:34,-178.78,-17.57,460.0,3.8,mb,us
2004-08-20,04:48:52,-177.89,-18.43,567.5,4.5,mb,us
2004-08-20,07:34:46,-179.98,-24.98,468.4,4.7,mb,us
2004-08-20,14:22:40,-177.64,-18.82,471.9,4.0,mb,us
2004-08-20,15:25:40,-176.23,-22.66,46.9,4.7,mb,us
2004-08-20,19:48:55,-174.56,-18.97,25.0,4.5,mb,us
2004-08-21,01:25:58,-179.34,-33.55,24.0,5.1,mwc,hrv
2004-08-21,05:14:50,-178.81,-17.46,541.4,4.2,mb,us
2004-08-21,09:30:15,-176.76,-26.12,68.0,4.6,mb,us
2004-08-21,15:37:50,-178.29,-20.98,420.2,3.8,mb,us
2004-08-22,08:16:35,-179.9,-24.33,497.8,4.4,mb,us
2004-08-22,12:15:35,-178.58,-33.11,50.0,3.9,mb,us
2004-08-23,06:43:30,-179.19,-23.11,590.5,4.1,mb,us
2004-08-23,08:46:58,-177.67,-28.97,15.0,4.2,mb,us
2004-08-23,10:39:25,-174.65,-17.88,155.0,4.2,mb,us
2004-08-23,14:36:17,-176.62,-21.96,165.6,5.2,mwc,hrv
2004-08-23,15:05:07,-178.9,-23.6,490.0,4.5,mb,us
2004-08-23,15:28:30,-179.9,-24.37,492.5,4.6,mb,us
2004-08-23,22:49:31,-178.58,-20.5,582.9,4.0,mb,us
2004-08-23,23:41:13,-175.39,-18.37,232.0,4.5,mb,us
2004-08-24,03:02:29,-177.6,-30.78,81.3,4.9,mb,us
2004-08-24,08:14:56,-178.61,-21.17,626.7,3.6,mb,us
2004-08-24,09:12:53,-179.02,-33.49,344.1,3.8,mb,us
2004-08-24,10:55:28,-178.85,-17.37,507.5,3.9,mb,us
2004-08-24,13:28:28,-177.71,-31.19,67.5,4.7,mb,us
2004-08-24,19:41:04,-177.41,-19.17,500.0,4.2,mb,us
2004-08-24,20:07:49,-128.92,-55.18,10.0,5.4,mwc,hrv
2004-08-25,01:22:43,-175.83,-21.35,245.2,4.1,mb,us
2004-08-25,03:59:25,-177.56,-15.23,15.0,4.7,mb,us
2004-08-26,10:24:49,-129.79,-54.56,10.0,5.4,mwc,hrv
2004-08-26,13:54:03,-177.79,-30.2,47.8,5.1,mb,us
2004-08-26,17:42:11,-179.79,-24.44,485.9,4.2,mb,us
2004-08-27,04:01:50,-177.96,-19.66,615.1,4.2,mb,us
2004-08-27,10:11:51,-177.7,-18.61,308.1,3.9,mb,us
2004-08-27,19:27:30,-131.52,-54.3,10.0,4.6,mb,us
2004-08-27,19:45:33,-131.69,-54.4,10.0,4.7,mb,us
2004-08-27,23:10:07,-131.71,-54.86,10.0,4.7,mb,us
2004-08-28,01:22:10,-179.24,-30.35,209.4,4.3,mb,us
2004-08-28,05:13:53,-174.87,-21.93,50.0,4.6,mb,us
2004-08-28,09:09:43,-178.56,-17.97,541.7,4.4,mb,us
2004-08-28,12:08:14,-176.42,-22.11,143.7,4.6,mb,us
2004-08-28,14:49:22,-178.65,-17.85,524.3,4.3,mb,us
2004-08-28,22:48:50,-173.77,-15.09,10.0,4.4,mb,us
2004-08-28,23:15:18,-178.02,-19.97,620.3,4.0,mb,us
2004-08-29,03:59:43,-177.27,-22.78,244.4,4.3,mb,us
2004-08-30,07:33:25,-177.6,-30.78,81.9,4.6,mb,us
2004-08-31,13:11:29,-144.27,-56.24,10.0,4.3,mb,us
2004-08-31,19:18:23,-178.98,-17.55,600.0,4.2,mb,us
2004-08-31,22:10:44,-176.88,-15.05,35.0,4.4,mb,us
2004-09-01,00:24:28,-176.43,-33.24,38.4,4.6,mb,us
2004-09-01,08:55:18,-178.8,-17.73,561.0,3.8,mb,us
2004-09-02,01:25:22,-178.14,-18.32,522.4,4.4,mb,us
2004-09-02,03:03:51,-177.72,-20.73,429.3,4.3,mb,us
2004-09-02,22:45:23,-175.91,-16.15,323.7,4.5,mb,us
2004-09-03,00:24:09,-178.78,-21.38,565.2,4.3,mb,us
2004-09-03,09:25:02,-179.21,-17.14,536.9,5.4,mwc,hrv
2004-09-03,12:16:50,-173.38,-15.19,10.0,5.6,mwb,us
2004-09-03,14:53:20,-173.54,-15.02,24.3,5.3,mwc,hrv
2004-09-03,19:04:48,-173.34,-15.25,10.0,6.2,mwb,us
2004-09-03,20:23:35,-172.83,-19.19,35.0,4.7,mb,us
2004-09-03,23:18:17,-173.48,-15.04,10.0,5.6,mwb,us
2004-09-04,05:01:37,-173.17,-15.6,10.0,4.5,ms,us
2004-09-04,05:02:19,-173.2,-15.47,10.0,4.6,mb,us
2004-09-04,05:03:50,-173.49,-15.17,10.0,4.7,mb,us
2004-09-04,14:23:49,-176.82,-16.68,508.3,4.0,mb,us
2004-09-04,16:13:53,-176.23,-19.99,325.5,4.1,mb,us
2004-09-04,17:03:17,-173.62,-15.01,10.0,4.4,mb,us
2004-09-04,18:07:48,-179.45,-36.63,5.7,4.9,mwc,hrv
2004-09-04,20:24:08,-173.24,-14.83,10.0,5.7,mwc,hrv
2004-09-05,00:42:51,-177.52,-32.74,10.0,4.1,mb,us
2004-09-05,01:27:36,-173.45,-15.16,10.0,4.6,mb,us
2004-09-05,13:45:22,-177.62,-30.58,10.0,4.1,mb,us
2004-09-05,16:43:15,-173.53,-15.2,10.0,4.9,mb,us
2004-09-05,17:26:45,-177.66,-19.53,262.8,3.7,mb,us
2004-09-05,17:41:22,-173.61,-15.08,10.0,4.8,mb,us
2004-09-06,02:13:35,-178.33,-17.65,400.0,3.8,mb,us
2004-09-06,03:34:38,-179.74,-22.03,655.9,4.7,mb,us
2004-09-06,07:29:30,-179.23,-32.67,139.6,4.7,mb,us
2004-09-07,01:30:40,-177.88,-20.41,540.3,4.2,mb,us
2004-09-07,04:44:03,-179.83,-23.72,502.7,4.6,mb,us
2004-09-07,15:41:09,-177.25,-17.31,321.6,4.4,mb,us
2004-09-07,18:28:24,-176.77,-21.09,348.0,4.1,mb,us
2004-09-08,05:03:50,-158.2,-62.89,10.0,4.8,mb,us
2004-09-08,05:56:13,-175.44,-19.89,111.4,4.6,mb,us
2004-09-08,11:00:18,-173.43,-15.15,12.7,5.9,mwc,hrv
2004-09-08,11:52:20,-173.58,-14.97,35.0,4.5,mb,us
2004-09-08,14:25:39,-173.47,-15.11,10.0,4.8,mb,us
2004-09-08,19:58:51,-174.04,-16.3,10.0,4.4,mb,us
2004-09-08,21:59:12,-179.74,-23.3,524.8,4.2,mb,us
2004-09-09,01:47:54,-173.59,-15.02,10.0,4.5,mb,us
2004-09-09,03:56:44,-176.84,-23.07,82.1,4.8,mb,us
2004-09-09,09:17:52,-173.92,-20.18,10.0,4.5,mb,us
2004-09-09,13:10:31,-172.14,-16.45,45.0,5.0,mwc,hrv
2004-09-09,14:26:12,-179.22,-33.96,10.0,4.2,mb,us
2004-09-10,03:23:25,-173.52,-15.03,25.2,4.4,mb,us
2004-09-11,14:16:44,-179.21,-21.16,623.0,4.3,mb,us
2004-09-11,16:12:28,-173.71,-16.59,30.0,4.4,mb,us
2004-09-11,23:43:31,-177.79,-30.64,10.0,5.2,mb,us
2004-09-12,01:44:52,-177.51,-30.14,10.0,4.9,mb,us
2004-09-12,02:13:26,-177.11,-29.74,10.0,4.7,mb,us
2004-09-12,12:18:35,-178.18,-17.8,539.4,4.2,mb,us
2004-09-12,18:08:18,-178.64,-17.84,610.5,4.3,mb,us
2004-09-12,21:29:17,-175.36,-22.55,10.0,4.7,mb,us
2004-09-12,23:47:28,-175.31,-22.57,10.0,4.8,mb,us
2004-09-13,12:22:50,-178.17,-18.27,568.4,4.0,mb,us
2004-09-13,14:38:38,-178.53,-21.73,540.0,4.0,mb,us
2004-09-13,18:46:26,-178.45,-20.04,570.0,4.2,mb,us
2004-09-13,19:43:37,-178.22,-17.82,545.0,4.2,mb,us
2004-09-13,22:29:31,-175.2,-22.66,10.0,5.6,mwc,hrv
2004-09-13,23:39:03,-179.86,-23.64,484.3,4.5,mb,us
2004-09-14,05:25:19,-178.05,-21.03,400.0,4.1,mb,us
2004-09-14,14:04:14,-178.74,-25.29,387.0,4.0,mb,us
2004-09-14,18:10:21,-177.77,-29.61,75.0,4.5,mb,us
2004-09-15,02:51:37,-173.82,-18.23,55.0,4.8,mb,us
2004-09-15,15:14:41,-176.5,-21.54,125.4,4.8,mb,us
2004-09-15,18:58:54,-178.74,-20.55,600.0,4.0,mb,us
2004-09-15,20:36:52,-177.71,-19.2,600.0,4.2,mb,us
2004-09-16,04:40:07,-178.57,-17.99,600.0,4.0,mb,us
2004-09-16,09:45:57,-177.94,-20.1,500.0,3.9,mb,us
2004-09-16,10:25:22,-178.94,-33.49,55.6,5.0,mb,us
2004-09-16,11:53:25,-178.69,-20.44,600.0,4.0,mb,us
2004-09-16,13:23:43,-176.78,-20.28,300.8,4.3,mb,us
2004-09-16,16:46:43,-135.82,-54.13,10.0,4.4,mb,us
2004-09-16,19:25:35,-178.42,-30.77,108.8,4.9,mb,us
2004-09-16,23:55:13,-176.11,-23.75,35.0,4.8,mb,us
2004-09-17,07:10:50,-175.96,-19.85,273.5,4.0,mb,us
2004-09-17,14:43:56,-178.43,-20.58,498.8,4.1,mb,us
2004-09-17,15:29:26,-173.24,-17.61,10.0,4.8,mb,us
2004-09-17,16:25:41,-174.12,-16.85,144.1,4.5,mb,us
2004-09-17,20:02:20,-179.85,-23.56,546.5,4.1,mb,us
2004-09-17,23:16:15,-176.39,-15.26,25.0,4.8,mb,us
2004-09-17,23:18:48,-176.38,-15.04,95.0,0.0,,us
2004-09-18,04:08:35,-179.91,-23.23,600.0,4.2,mb,us
2004-09-18,16:06:14,-178.38,-18.25,585.0,3.9,mb,us
2004-09-18,21:17:11,-179.75,-24.41,515.8,4.8,mb,us
2004-09-19,04:09:38,-179.72,-32.74,138.5,5.6,mwb,us
2004-09-19,06:33:03,-177.73,-18.63,569.4,4.2,mb,us
2004-09-19,18:09:59,-178.47,-31.51,524.8,3.7,mb,us
2004-09-19,18:59:34,-177.6,-19.08,600.0,4.5,mb,us
2004-09-20,00:31:50,-177.83,-20.24,500.0,3.6,mb,us
2004-09-20,06:06:52,-177.68,-23.27,250.0,4.3,mb,us
2004-09-21,06:17:32,-177.48,-19.81,547.2,4.6,mb,us
2004-09-21,07:45:32,-172.08,-19.73,35.0,4.4,mb,us
2004-09-21,10:45:29,-176.36,-23.78,35.0,4.5,mb,us
2004-09-21,11:03:21,-178.9,-20.96,597.4,3.8,mb,us
2004-09-21,12:55:19,-177.04,-20.03,398.1,4.2,mb,us
2004-09-21,15:15:09,-178.89,-22.03,396.9,4.1,mb,us
2004-09-21,16:38:09,-178.77,-17.32,539.1,4.0,mb,us
2004-09-21,17:43:45,-176.13,-26.79,49.4,5.1,mb,us
2004-09-21,22:00:17,-178.74,-17.71,538.9,3.9,mb,us
2004-09-21,22:44:26,-173.33,-16.87,15.0,4.6,mb,us
2004-09-22,00:09:31,-179.07,-21.95,536.6,4.6,mb,us
2004-09-22,06:43:31,-174.05,-20.24,12.0,4.6,mb,us
2004-09-23,04:19:56,-177.71,-30.66,10.0,4.6,mb,us
2004-09-23,05:22:17,-176.45,-21.46,185.5,4.1,mb,us
2004-09-23,07:55:58,-179.13,-32.44,35.0,4.6,mb,us
2004-09-23,08:54:19,-173.02,-22.34,35.0,4.6,mb,us
2004-09-23,10:08:28,-177.28,-15.6,18.7,5.9,mwb,us
2004-09-23,10:16:20,-177.25,-15.69,15.0,4.7,mb,us
2004-09-23,16:02:13,-174.38,-17.26,76.1,4.7,mb,us
2004-09-24,08:23:37,-179.12,-20.84,670.9,4.5,mb,us
2004-09-24,15:17:40,-177.79,-20.08,547.4,4.2,mb,us
2004-09-24,19:36:49,-177.51,-20.12,428.2,4.0,mb,us
2004-09-25,12:06:38,-178.58,-31.33,33.9,0.0,,us
2004-09-25,18:57:36,-177.29,-20.97,367.9,4.3,mb,us
2004-09-25,22:45:05,-179.83,-24.39,513.4,3.9,mb,us
2004-09-26,03:32:33,-177.88,-20.03,500.0,4.1,mb,us
2004-09-26,14:15:49,-178.24,-31.75,10.0,4.4,mb,us
2004-09-26,17:12:42,-177.52,-30.51,10.0,4.5,mb,us
2004-09-27,00:07:16,-178.03,-30.85,50.0,4.4,mb,us
2004-09-27,01:43:56,-178.51,-30.06,10.0,4.5,mb,us
2004-09-27,09:26:19,-178.8,-17.65,632.5,3.8,mb,us
2004-09-27,11:33:24,-178.97,-31.1,10.0,4.9,mwc,hrv
2004-09-27,17:28:44,-179.97,-31.82,381.0,4.1,mb,us
2004-09-27,18:07:51,-178.47,-32.11,10.0,4.4,mb,us
2004-09-27,23:06:50,-174.76,-15.23,201.2,4.8,mb,us
2004-09-28,01:47:52,-178.13,-31.82,24.8,4.6,mb,us
2004-09-28,04:02:37,-179.75,-21.4,600.0,4.0,mb,us
2004-09-28,19:53:00,-172.85,-16.03,82.3,4.5,mb,us
2004-09-28,21:13:04,-179.87,-23.84,538.1,4.5,mb,us
2004-09-28,21:33:36,-179.58,-23.22,532.7,4.7,mb,us
2004-09-29,00:45:01,-178.31,-18.51,481.3,4.4,mb,us
2004-09-29,13:29:16,-178.49,-18.02,600.0,4.0,mb,us
2004-09-30,00:35:15,-178.76,-21.01,589.9,4.0,mb,us
2004-09-30,07:47:36,-179.97,-23.39,593.0,3.8,mb,us
2004-09-30,16:48:12,-176.49,-28.32,33.4,5.1,mwc,hrv
2004-09-30,18:48:21,-177.86,-30.13,116.9,4.8,mwc,hrv
2004-09-30,18:52:36,-127.17,-54.72,10.0,4.8,mb,us
2004-09-30,18:58:34,-178.19,-18.06,582.0,4.2,mb,us
2004-10-01,00:02:23,-176.76,-28.46,60.3,4.8,mb,us
2004-10-01,01:08:43,-178.36,-28.46,202.8,4.2,mb,us
2004-10-01,03:35:31,-127.8,-55.09,10.0,4.4,mb,us
2004-10-01,04:18:34,-127.3,-54.97,10.0,4.8,mb,us
2004-10-01,07:30:07,-178.69,-19.95,643.8,3.9,mb,us
2004-10-01,07:52:06,-179.08,-21.02,645.0,0.0,,us
2004-10-01,09:28:14,-179.4,-23.32,488.9,4.0,mb,us
2004-10-01,14:08:41,-178.83,-26.73,313.2,4.0,mb,us
2004-10-01,18:52:37,-177.98,-14.72,415.1,4.2,mb,us
2004-10-02,05:03:05,-179.26,-33.86,40.9,4.7,mb,us
2004-10-02,07:57:52,-178.31,-17.83,584.6,4.1,mb,us
2004-10-02,10:20:31,-178.5,-18.06,579.2,4.1,mb,us
2004-10-02,10:40:36,-178.64,-17.9,557.5,4.4,mb,us
2004-10-02,15:06:21,-178.81,-17.67,517.9,4.6,mb,us
2004-10-03,07:47:49,-177.6,-30.26,27.7,4.3,mb,us
2004-10-03,13:19:04,-177.4,-23.53,100.0,4.4,mb,us
2004-10-03,14:28:06,-177.64,-24.18,10.0,4.5,mb,us
2004-10-03,18:34:17,-141.91,-56.56,10.0,5.5,mwc,hrv
2004-10-03,22:34:11,-177.4,-23.58,100.0,4.6,mb,us
2004-10-04,00:44:14,-178.81,-17.8,628.3,4.1,mb,us
2004-10-04,02:52:51,-174.3,-17.36,115.9,4.8,mb,us
2004-10-04,09:03:48,-174.22,-20.47,53.2,4.9,mwc,hrv
2004-10-05,02:12:22,-179.88,-24.31,486.2,4.1,mb,us
2004-10-05,04:53:06,-178.26,-20.32,519.7,4.4,mb,us
2004-10-05,11:43:34,-175.3,-23.08,10.0,4.8,mb,us
2004-10-05,23:44:28,-173.8,-16.42,56.5,4.8,mb,us
2004-10-06,14:17:31,-178.59,-31.31,10.0,4.7,mb,us
2004-10-06,14:31:29,-178.81,-31.39,10.0,4.4,mb,us
2004-10-07,20:14:44,-177.88,-18.17,594.7,4.3,mb,us
2004-10-08,03:37:52,-173.81,-15.18,73.3,4.3,mb,us
2004-10-09,01:04:53,-175.26,-16.88,18.5,4.2,mb,us
2004-10-09,01:59:29,-136.7,-54.13,10.0,4.5,mb,us
2004-10-09,05:45:49,-178.54,-20.65,600.0,3.9,mb,us
2004-10-09,15:09:32,-177.29,-15.45,11.8,4.7,mb,us
2004-10-09,15:44:24,-173.28,-15.19,10.0,5.9,mwb,us
2004-10-09,16:47:08,-179.49,-31.2,250.0,4.4,mb,us
2004-10-09,18:54:16,-178.23,-31.77,40.0,4.5,mb,us
2004-10-09,19:14:45,-176.57,-27.87,100.0,4.6,mb,us
2004-10-09,20:13:08,-179.33,-29.79,361.9,4.3,mb,us
2004-10-10,05:11:07,-178.7,-17.87,670.6,4.2,mb,us
2004-10-10,05:23:38,-178.31,-18.4,641.5,4.5,mb,us
2004-10-10,08:26:36,-177.7,-21.08,370.8,4.1,mb,us
2004-10-10,10:39:00,-173.44,-15.18,10.0,4.1,mb,us
2004-10-10,21:25:49,-177.28,-27.78,10.0,4.2,mb,us
2004-10-11,08:17:37,-178.53,-29.54,183.8,3.9,mb,us
2004-10-11,14:33:13,-178.4,-23.79,400.0,4.1,mb,us
2004-10-11,16:14:51,-178.79,-36.81,99.0,4.7,ml,wel
2004-10-11,22:03:47,-175.08,-14.82,10.0,5.7,mwb,us
2004-10-12,01:47:19,-179.93,-37.14,33.0,4.5,mb,us
2004-10-12,07:38:42,-178.78,-20.56,458.0,3.6,mb,us
2004-10-12,13:14:08,-178.12,-30.66,60.4,4.9,mb,us
2004-10-12,20:23:58,-175.74,-22.02,135.0,4.7,mb,us
2004-10-13,02:36:01,-179.49,-23.92,441.6,4.5,mb,us
2004-10-13,10:35:57,-178.13,-18.8,445.4,4.0,mb,us
2004-10-13,17:06:03,-178.95,-20.46,600.0,4.0,mb,us
2004-10-13,20:30:06,-178.92,-17.6,566.3,5.5,mwc,hrv
2004-10-14,05:19:07,-179.23,-33.62,41.4,4.6,mb,us
2004-10-15,00:26:23,-178.32,-20.59,570.6,4.4,mb,us
2004-10-15,01:37:19,-178.0,-29.55,75.0,4.6,mb,us
2004-10-15,03:54:27,-178.92,-17.61,517.8,4.4,mb,us
2004-10-15,12:04:41,-179.33,-23.6,480.0,4.2,mb,us
2004-10-15,14:05:53,-177.91,-18.27,598.7,4.2,mb,us
2004-10-15,15:07:44,-175.51,-17.5,370.0,3.8,mb,us
2004-10-16,01:07:44,-173.91,-16.41,15.5,4.5,mb,us
2004-10-16,01:24:10,-178.21,-20.3,500.0,4.1,mb,us
2004-10-16,10:13:15,-178.65,-20.97,543.3,4.3,mb,us
2004-10-16,12:05:27,-173.47,-16.17,15.0,4.1,mb,us
2004-10-16,12:08:00,-179.9,-24.49,561.5,0.0,,us
2004-10-16,16:57:42,-175.01,-21.51,15.0,4.4,mb,us
2004-10-16,22:28:33,-177.75,-18.38,600.0,4.1,mb,us
2004-10-17,01:33:58,-175.61,-18.55,189.7,4.2,mb,us
2004-10-17,02:00:23,-168.77,-64.1,10.0,4.1,mb,us
2004-10-17,04:56:04,-176.8,-24.48,200.0,3.8,mb,us
2004-10-17,06:48:07,-179.92,-32.75,406.0,4.0,mb,us
2004-10-17,14:23:23,-172.99,-16.75,10.0,4.7,mb,us
2004-10-17,18:35:41,-173.92,-14.7,10.0,4.6,mb,us
2004-10-17,20:26:32,-177.58,-30.98,58.0,4.7,mb,us
2004-10-17,22:29:48,-178.82,-17.68,533.8,3.9,mb,us
2004-10-17,23:20:22,-179.23,-14.94,386.4,3.7,mb,us
2004-10-18,15:09:06,-178.27,-18.05,436.9,3.9,mb,us
2004-10-18,22:57:05,-178.8,-17.93,562.6,4.8,mb,us
2004-10-18,23:28:30,-173.6,-15.03,10.0,5.4,mwc,hrv
2004-10-19,01:23:47,-179.23,-41.12,33.0,4.2,mb,us
2004-10-19,01:52:02,-178.5,-29.94,217.6,3.9,mb,us
2004-10-19,02:34:31,-173.9,-14.67,35.0,4.4,mb,us
2004-10-19,03:58:52,-178.23,-18.19,503.7,4.0,mb,us
2004-10-19,13:25:06,-178.68,-17.87,611.8,4.4,mb,us
2004-10-19,14:17:29,-179.77,-35.41,49.4,4.4,mb,us
2004-10-19,15:15:14,-178.3,-17.56,517.0,3.9,mb,us
2004-10-20,02:28:21,-177.89,-22.42,338.2,4.3,mb,us
2004-10-20,05:46:35,-178.19,-18.37,401.8,3.9,mb,us
2004-10-20,08:55:20,-178.98,-17.38,559.4,4.1,mb,us
2004-10-20,10:05:03,-179.71,-32.01,102.5,4.3,mb,us
2004-10-20,17:07:58,-178.13,-31.66,10.0,4.7,mb,us
2004-10-20,18:41:19,-177.9,-19.6,602.4,4.3,mb,us
2004-10-21,11:17:32,-178.73,-21.08,568.0,4.8,mb,us
2004-10-21,16:01:37,-177.7,-31.32,45.0,4.7,mb,us
2004-10-21,22:48:19,-176.44,-22.0,87.2,4.7,mb,us
2004-10-22,03:15:55,-176.46,-29.14,41.3,5.1,mwc,hrv
2004-10-22,17:20:18,-177.67,-31.77,44.5,4.8,mb,us
2004-10-22,18:55:09,-177.57,-19.1,558.4,4.5,mb,us
2004-10-23,00:50:59,-178.0,-18.57,463.1,4.0,mb,us
2004-10-23,03:57:38,-177.26,-19.22,588.0,4.0,mb,us
2004-10-23,06:49:45,-176.95,-25.32,90.9,4.7,mb,us
2004-10-23,17:15:36,-179.7,-21.73,635.8,4.1,mb,us
2004-10-24,05:14:51,-158.34,-62.34,10.0,4.1,mb,us
2004-10-24,11:07:00,-178.05,-14.96,363.3,4.5,mb,us
2004-10-24,13:51:50,-178.53,-17.76,541.9,4.1,mb,us
2004-10-24,19:38:11,-179.68,-23.63,491.1,4.2,mb,us
2004-10-25,15:10:01,-177.59,-18.51,587.1,4.1,mb,us
2004-10-25,15:56:32,-171.54,-14.42,58.7,0.0,,us
2004-10-25,18:27:00,-178.81,-17.56,650.0,4.0,mb,us
2004-10-26,07:33:16,-179.96,-23.73,528.9,4.0,mb,us
2004-10-26,13:04:54,-178.16,-31.53,250.1,4.5,mb,us
2004-10-26,15:34:07,-176.37,-19.73,205.1,4.7,mb,us
2004-10-26,17:46:38,-178.79,-17.42,520.8,4.1,mb,us
2004-10-27,23:56:28,-178.7,-17.8,527.3,4.3,mb,us
2004-10-28,04:23:29,-177.64,-15.16,378.2,4.2,mb,us
2004-10-28,05:43:37,-177.92,-18.44,617.6,4.4,mb,us
2004-10-28,18:58:55,-173.69,-15.1,10.0,4.6,mb,us
2004-10-29,08:14:30,-178.78,-17.63,563.4,4.6,mb,us
2004-10-29,14:51:18,-178.2,-26.97,99.0,3.9,mb,us
2004-10-29,23:24:52,-178.16,-20.11,484.3,4.2,mb,us
2004-10-30,09:28:20,-174.05,-15.86,120.2,4.1,mb,us
2004-10-31,02:36:48,-178.1,-18.11,552.0,4.8,mb,us
2004-10-31,10:47:33,-177.94,-25.17,265.5,4.0,mb,us
2004-10-31,19:58:34,-177.81,-19.73,558.2,4.2,mb,us
2004-10-31,22:01:17,-177.99,-18.75,468.1,4.2,mb,us
2004-11-01,05:00:21,-177.98,-31.26,10.0,4.2,mb,us
2004-11-01,05:38:02,-179.54,-30.99,10.0,4.4,mb,us
2004-11-01,10:18:50,-178.21,-32.96,10.0,4.6,mb,us
2004-11-01,10:36:04,-178.59,-32.85,9.8,5.0,mwc,hrv
2004-11-01,10:42:14,-178.37,-32.98,10.0,4.7,mb,us
2004-11-01,10:47:24,-178.45,-32.91,10.0,4.6,mb,us
2004-11-01,10:55:10,-178.56,-32.83,10.0,4.7,mb,us
2004-11-01,11:37:59,-178.41,-32.94,10.0,5.2,mwc,hrv
2004-11-01,11:57:52,-178.46,-32.92,10.0,4.6,mb,us
2004-11-01,12:24:19,-172.86,-15.47,9.2,0.0,,us
2004-11-01,14:02:39,-178.66,-32.74,10.0,5.2,mwc,hrv
2004-11-01,16:07:14,-178.33,-32.97,10.0,4.9,mb,us
2004-11-01,16:25:27,-178.38,-32.75,10.0,4.4,mb,us
2004-11-01,23:03:10,-178.08,-21.71,402.0,4.3,mb,us
2004-11-02,04:28:12,-176.48,-21.43,252.1,4.2,mb,us
2004-11-02,10:32:51,-178.85,-30.96,18.4,5.6,mwc,hrv
2004-11-02,15:44:30,-178.94,-30.98,15.0,4.8,mb,us
2004-11-02,22:02:57,-178.52,-33.71,117.7,4.3,mb,us
2004-11-03,01:21:11,-179.46,-31.67,10.0,4.6,mb,us
2004-11-03,04:41:08,-178.81,-20.77,592.5,4.4,mb,us
2004-11-04,10:49:32,-174.35,-18.96,15.0,4.6,mb,us
2004-11-04,11:03:04,-175.48,-18.19,178.0,4.5,mb,us
2004-11-04,16:49:31,-177.41,-15.99,400.0,4.0,mb,us
2004-11-04,21:31:48,-179.75,-30.87,299.7,4.3,mb,us
2004-11-05,01:21:28,-178.51,-32.88,10.0,4.5,mb,us
2004-11-05,04:39:52,-172.72,-16.95,34.3,4.3,mb,us
2004-11-05,07:01:36,-179.58,-23.9,498.1,4.5,mb,us
2004-11-05,12:46:22,-175.59,-22.97,10.0,4.5,mb,us
2004-11-05,13:03:04,-175.58,-23.12,10.0,4.5,mb,us
2004-11-05,18:39:45,-179.17,-27.22,358.0,3.8,mb,us
2004-11-05,19:34:20,-176.56,-24.33,44.1,4.7,mb,us
2004-11-05,20:43:23,-178.36,-20.59,521.9,4.4,mb,us
2004-11-05,21:06:45,-178.46,-20.42,555.0,4.2,mb,us
2004-11-06,07:04:38,-179.78,-24.35,497.5,4.7,mb,us
2004-11-06,14:28:15,-173.01,-17.48,10.0,4.8,mb,us
2004-11-07,05:37:16,-179.85,-23.1,527.6,3.9,mb,us
2004-11-07,08:22:12,-177.95,-20.41,527.9,4.6,mb,us
2004-11-07,12:07:40,-173.68,-15.53,62.1,4.2,mb,us
2004-11-07,13:37:04,-173.25,-15.35,10.0,0.0,,us
2004-11-07,14:01:13,-179.15,-31.29,417.5,4.1,mb,us
2004-11-07,14:05:23,-173.87,-17.15,10.0,4.2,mb,us
2004-11-07,14:20:42,-176.48,-33.01,10.0,4.0,mb,us
2004-11-07,14:35:53,-174.99,-16.02,200.0,3.8,mb,us
2004-11-08,01:42:59,-173.74,-19.88,10.0,4.5,mb,us
2004-11-08,02:50:59,-173.62,-19.88,10.0,4.2,mb,us
2004-11-08,07:14:57,-173.7,-16.67,10.0,4.3,mb,us
2004-11-08,09:23:25,-178.51,-21.34,563.3,4.0,mb,us
2004-11-09,00:58:09,-178.35,-20.42,634.7,4.0,mb,us
2004-11-09,01:22:14,-175.77,-15.14,319.9,4.5,mb,us
2004-11-09,03:06:34,-179.95,-23.77,504.9,4.1,mb,us
2004-11-09,05:48:15,-173.64,-19.41,40.7,4.8,mb,us
2004-11-09,08:43:55,-176.88,-25.84,178.6,3.9,mb,us
2004-11-09,10:49:57,-178.54,-21.0,592.7,4.0,mb,us
2004-11-09,13:24:12,-175.69,-15.54,10.0,4.7,mb,us
2004-11-09,15:00:29,-173.63,-15.02,10.0,4.7,mb,us
2004-11-10,02:31:35,-177.5,-17.87,10.0,4.4,mb,us
2004-11-10,02:34:23,-175.64,-20.43,65.2,5.2,mb,us
2004-11-10,04:38:55,-177.96,-33.02,10.0,4.6,mb,us
2004-11-10,08:12:23,-176.3,-19.45,267.5,4.6,mb,us
2004-11-10,10:35:34,-176.1,-21.19,10.0,5.6,mwb,us
2004-11-10,12:59:20,-178.56,-20.29,583.9,4.3,mb,us
2004-11-10,14:05:19,-178.45,-20.82,535.4,4.2,mb,us
2004-11-10,22:13:37,-173.26,-15.28,10.0,4.6,mb,us
2004-11-10,22:22:36,-178.36,-15.23,300.0,3.7,mb,us
2004-11-11,03:59:59,-173.69,-15.03,10.0,4.4,mb,us
2004-11-11,10:04:42,-176.33,-22.31,49.9,5.1,mwc,hrv
2004-11-11,12:54:24,-178.31,-17.7,428.2,3.7,mb,us
2004-11-12,07:13:18,-173.17,-14.97,37.1,4.5,mb,us
2004-11-12,19:42:43,-178.88,-17.75,500.0,3.5,mb,us
2004-11-13,03:34:13,-173.14,-15.36,10.0,4.1,mb,us
2004-11-13,16:50:47,-179.37,-36.19,115.0,0.0,,us
2004-11-13,17:10:16,-179.67,-23.56,500.4,4.2,mb,us
2004-11-13,23:06:44,-178.12,-29.22,77.6,4.8,mb,us
2004-11-13,23:24:47,-179.74,-23.48,548.3,4.0,mb,us
2004-11-14,04:16:40,-179.07,-25.18,400.0,3.6,mb,us
2004-11-14,13:54:32,-178.41,-31.41,31.4,4.8,mb,us
2004-11-14,14:42:07,-178.63,-20.64,576.8,4.1,mb,us
2004-11-14,20:35:46,-175.38,-18.28,181.2,4.6,mb,us
2004-11-15,01:01:48,-178.22,-20.28,550.0,4.1,mb,us
2004-11-15,08:53:48,-177.35,-28.91,1.4,4.8,mb,us
2004-11-15,09:54:17,-179.79,-22.13,611.4,4.0,mb,us
2004-11-15,10:51:39,-179.82,-23.74,521.9,4.7,mb,us
2004-11-15,14:47:50,-179.68,-21.97,546.4,4.2,mb,us
2004-11-15,23:35:09,-178.76,-20.96,498.9,4.3,mb,us
2004-11-16,04:04:32,-178.21,-17.75,638.9,3.7,mb,us
2004-11-16,07:13:50,-138.77,-55.82,10.0,5.1,mwc,hrv
2004-11-16,13:24:33,-179.03,-24.81,438.1,3.5,mb,us
2004-11-16,17:48:15,-178.22,-17.86,546.0,4.4,mb,us
2004-11-16,22:02:06,-179.23,-31.39,435.8,4.0,mb,us
2004-11-16,22:12:13,-174.93,-17.14,178.5,4.3,mb,us
2004-11-16,23:12:31,-173.53,-15.36,10.0,4.3,mb,us
2004-11-17,03:23:06,-176.8,-27.21,10.0,4.4,mb,us
2004-11-17,06:53:50,-178.84,-30.24,152.9,5.1,mb,us
2004-11-17,10:43:51,-177.86,-30.04,30.4,5.2,mwc,hrv
2004-11-17,21:04:24,-178.67,-20.06,627.5,5.2,mb,us
2004-11-17,21:09:13,-178.71,-20.07,622.6,6.6,mwb,us
2004-11-17,21:22:48,-178.56,-19.58,589.1,4.2,mb,us
2004-11-17,21:27:26,-178.54,-19.73,592.0,4.5,mb,us
2004-11-17,21:30:21,-178.54,-19.95,555.3,4.4,mb,us
2004-11-17,21:33:32,-178.63,-19.99,602.1,4.6,mb,us
2004-11-17,21:41:28,-178.82,-20.24,600.0,4.3,mb,us
2004-11-18,02:13:06,-178.19,-32.26,10.0,5.2,mwc,hrv
2004-11-18,08:20:38,-176.07,-23.22,70.7,4.8,mb,us
2004-11-18,12:27:07,-179.06,-21.06,625.4,5.7,mwc,hrv
2004-11-18,19:30:29,-178.29,-20.32,500.0,4.3,mb,us
2004-11-19,07:16:21,-178.91,-17.28,550.0,4.1,mb,us
2004-11-19,08:28:41,-179.02,-28.07,347.5,4.3,mb,us
2004-11-19,10:04:07,-176.3,-18.48,400.0,4.0,mb,us
2004-11-19,20:17:31,-179.42,-21.11,682.8,4.0,mb,us
2004-11-20,08:50:39,-175.14,-16.02,255.8,4.4,mb,us
2004-11-20,13:24:00,-176.48,-21.57,10.0,4.8,mb,us
2004-11-20,13:51:06,-177.61,-29.79,63.8,4.5,mb,us
2004-11-20,15:41:21,-179.87,-32.45,384.1,4.0,mb,us
2004-11-20,18:45:08,-174.75,-23.13,55.0,4.6,mb,us
2004-11-20,23:39:10,-174.88,-17.77,170.4,4.6,mb,us
2004-11-21,04:42:32,-178.22,-21.14,550.0,4.4,mb,us
2004-11-21,06:27:22,-177.98,-20.17,500.0,4.3,mb,us
2004-11-21,07:14:40,-179.98,-23.56,545.0,4.8,mb,us
2004-11-21,09:19:55,-177.68,-20.02,489.5,3.9,mb,us
2004-11-21,11:07:14,-174.91,-15.4,256.1,6.0,mwb,us
2004-11-21,12:00:42,-179.86,-32.08,400.0,3.7,mb,us
2004-11-21,14:30:24,-174.92,-15.16,222.7,3.4,mb,us
2004-11-22,11:04:51,-173.53,-16.1,15.0,4.5,mb,us
2004-11-22,15:09:29,-178.76,-29.58,290.0,4.2,mb,us
2004-11-22,16:00:55,-177.56,-24.53,208.6,4.3,mb,us
2004-11-23,05:14:01,-176.72,-17.42,20.0,5.3,mwc,hrv
2004-11-23,11:19:41,-174.98,-15.89,264.0,4.2,mb,us
2004-11-23,13:05:52,-179.09,-22.22,405.4,4.0,mb,us
2004-11-23,13:26:31,-179.17,-17.1,492.0,3.9,mb,us
2004-11-23,13:57:32,-173.76,-15.96,29.8,4.0,mb,us
2004-11-23,15:11:10,-179.64,-33.13,81.6,4.3,mb,us
2004-11-23,15:25:45,-179.13,-20.93,642.7,4.0,mb,us
2004-11-23,21:02:23,-178.76,-17.69,554.5,4.2,mb,us
2004-11-23,22:45:33,-178.06,-30.44,15.0,5.0,mb,us
2004-11-24,00:09:40,-177.71,-28.36,35.9,4.0,mb,us
2004-11-24,18:23:16,-177.88,-18.59,655.0,3.8,mb,us
2004-11-24,22:35:04,-179.86,-23.74,540.9,4.5,mb,us
2004-11-25,11:41:53,-178.71,-16.48,10.0,0.0,,us
2004-11-25,22:29:54,-173.61,-15.26,10.0,4.2,mb,us
2004-11-25,23:45:29,-176.16,-20.0,259.9,4.8,mb,us
2004-11-26,00:22:45,-179.19,-21.5,563.7,4.3,mb,us
2004-11-26,01:48:05,-177.28,-16.38,377.6,4.2,mb,us
2004-11-26,05:05:44,-179.94,-23.6,484.2,4.3,mb,us
2004-11-26,05:43:50,-177.87,-18.34,584.5,3.7,mb,us
2004-11-26,10:01:20,-178.8,-31.29,164.2,4.4,mb,us
2004-11-26,10:59:44,-177.36,-20.88,259.1,4.3,mb,us
2004-11-26,20:56:38,-178.72,-20.68,600.0,3.8,mb,us
2004-11-27,17:34:47,-173.68,-19.61,55.0,4.4,mb,us
2004-11-28,02:18:24,-128.54,-54.78,10.0,4.5,mb,us
2004-11-28,02:19:12,-128.47,-55.04,10.0,4.8,mb,us
2004-11-28,03:16:42,-175.02,-18.02,195.0,4.5,mb,us
2004-11-28,10:25:53,-178.13,-18.16,533.8,3.7,mb,us
2004-11-28,13:27:06,-173.73,-15.36,10.0,4.5,mb,us
2004-11-28,21:53:07,-178.28,-17.73,650.0,4.0,mb,us
2004-11-29,11:26:46,-128.61,-54.89,10.0,4.8,mb,us
2004-11-29,13:56:49,-175.18,-22.5,57.1,4.7,mb,us
2004-11-29,23:03:09,-177.71,-29.92,15.0,5.0,mb,us
2004-11-30,20:08:03,-178.01,-20.05,528.1,4.7,mb,us
2004-12-01,07:58:55,-178.52,-17.7,644.3,4.2,mb,us
2004-12-01,08:54:30,-173.32,-20.07,10.0,4.6,mb,us
2004-12-01,12:14:36,-177.2,-30.42,10.0,4.6,mb,us
2004-12-01,16:50:11,-178.58,-19.97,599.8,4.5,mb,us
2004-12-02,11:04:03,-178.66,-17.74,568.2,4.8,mb,us
2004-12-02,16:01:47,-178.86,-21.06,600.0,4.4,mb,us
2004-12-03,04:02:37,-172.81,-14.91,10.0,0.0,,us
2004-12-03,06:27:06,-179.97,-36.34,127.0,4.5,mb,us
2004-12-04,01:12:15,-177.35,-31.14,10.0,4.5,mb,us
2004-12-04,06:44:51,-176.71,-22.28,248.0,4.2,mb,us
2004-12-04,09:20:58,-179.0,-30.7,148.0,4.4,mb,us
2004-12-04,09:33:37,-177.9,-15.87,10.0,4.7,mb,us
2004-12-04,11:06:04,-178.24,-18.06,590.9,4.2,mb,us
2004-12-04,12:50:14,-177.75,-18.63,500.0,4.0,mb,us
2004-12-04,15:31:48,-179.72,-24.72,527.2,4.5,mb,us
2004-12-05,05:17:43,-176.78,-17.04,10.0,4.4,mb,us
2004-12-05,06:21:16,-178.66,-20.97,606.0,4.1,mb,us
2004-12-05,12:14:00,-177.85,-20.16,490.1,4.6,mb,us
2004-12-05,17:33:24,-173.65,-18.96,10.0,4.5,mb,us
2004-12-05,17:39:29,-179.97,-23.55,519.4,4.2,mb,us
2004-12-05,20:07:40,-174.9,-17.16,10.0,4.6,mb,us
2004-12-05,23:29:49,-177.72,-19.69,531.4,4.3,mb,us
2004-12-06,04:39:09,-178.49,-15.58,422.2,4.2,mb,us
2004-12-06,06:02:30,-178.37,-14.61,10.0,4.8,mb,us
2004-12-06,12:18:33,-178.85,-17.63,597.4,4.2,mb,us
2004-12-06,16:26:29,-178.08,-18.48,439.2,6.1,mwc,hrv
2004-12-06,18:47:57,-178.24,-17.92,559.2,4.5,mb,us
2004-12-07,00:25:35,-178.43,-20.95,576.8,4.2,mb,us
2004-12-07,00:48:06,-177.62,-30.48,10.0,5.0,mwc,hrv
2004-12-07,15:11:24,-178.95,-29.03,283.3,3.7,mb,us
2004-12-08,10:37:12,-178.78,-17.73,521.6,4.1,mb,us
2004-12-08,17:33:49,-176.94,-19.61,400.0,4.0,mb,us
2004-12-09,18:40:34,-178.91,-21.35,534.0,4.0,mb,us
2004-12-09,19:54:36,-173.1,-18.58,35.0,4.8,mb,us
2004-12-09,22:33:57,-179.5,-22.66,538.9,4.3,mb,us
2004-12-10,02:33:50,-177.69,-20.29,491.9,5.3,mwc,hrv
2004-12-10,06:40:25,-177.97,-18.68,600.0,4.3,mb,us
2004-12-10,09:02:52,-176.28,-28.3,10.0,0.0,,us
2004-12-10,22:08:53,-177.87,-19.69,542.4,4.4,mb,us
2004-12-10,23:32:50,-178.24,-17.81,511.9,4.0,mb,us
2004-12-11,10:50:18,-178.34,-32.19,67.2,0.0,,us
2004-12-11,11:49:34,-143.19,-56.34,10.0,4.4,mb,us
2004-12-11,12:53:48,-179.71,-24.73,397.8,4.3,mb,us
2004-12-12,08:49:36,-179.77,-24.09,439.9,4.5,mb,us
2004-12-12,11:02:00,-176.42,-21.31,143.5,4.3,mb,us
2004-12-13,01:22:05,-178.82,-29.24,400.0,3.8,mb,us
2004-12-13,02:57:50,-177.79,-15.61,397.0,4.0,mb,us
2004-12-13,04:48:27,-179.62,-21.48,608.3,4.5,mb,us
2004-12-13,07:49:07,-174.19,-16.04,105.1,0.0,,us
2004-12-13,10:04:54,-174.21,-15.82,146.5,4.4,mb,us
2004-12-13,10:33:33,-177.82,-20.17,492.5,4.2,mb,us
2004-12-13,14:56:38,-179.77,-24.26,508.0,3.9,mb,us
2004-12-13,22:46:30,-178.61,-17.88,613.8,3.9,mb,us
2004-12-14,14:31:33,-173.41,-15.01,10.0,4.6,mb,us
2004-12-14,16:11:18,-177.95,-20.67,468.2,4.4,mb,us
2004-12-14,16:16:45,-179.4,-23.72,562.2,4.4,mb,us
2004-12-14,20:41:24,-178.64,-21.3,523.0,4.1,mb,us
2004-12-14,20:55:26,-173.58,-17.42,10.0,4.4,mb,us
2004-12-15,13:05:31,-178.8,-17.59,600.0,4.1,mb,us
2004-12-16,00:42:58,-178.97,-17.59,497.9,4.3,mb,us
2004-12-16,03:03:33,-178.94,-21.46,500.7,4.0,mb,us
2004-12-16,04:29:21,-173.8,-20.36,50.0,5.1,mwc,hrv
2004-12-16,04:48:23,-179.18,-21.79,577.1,4.3,mb,us
2004-12-16,05:59:15,-179.93,-24.28,605.6,4.7,mb,us
2004-12-16,15:07:28,-174.89,-16.43,35.0,4.4,mb,us
2004-12-16,23:59:19,-179.41,-28.16,400.0,4.4,mb,us
2004-12-17,03:52:37,-173.84,-15.01,10.0,4.6,mb,us
2004-12-17,07:13:11,-179.3,-21.9,593.3,5.8,mwb,us
2004-12-17,07:29:44,-179.48,-21.53,656.3,4.3,mb,us
2004-12-17,08:04:28,-179.68,-21.54,600.0,4.3,mb,us
2004-12-17,10:32:27,-179.25,-21.76,564.6,4.7,mb,us
2004-12-17,17:26:54,-176.16,-23.62,112.9,4.2,mb,us
2004-12-17,21:54:50,-174.16,-15.57,20.0,4.5,mb,us
2004-12-18,02:00:51,-176.66,-19.57,15.0,4.1,mb,us
2004-12-18,08:09:50,-175.31,-15.32,15.0,4.8,mb,us
2004-12-18,08:33:55,-175.19,-15.4,10.0,4.5,mb,us
2004-12-18,17:15:26,-174.78,-16.05,10.0,5.8,mwb,us
2004-12-19,01:16:05,-178.82,-24.2,272.4,4.3,mb,us
2004-12-19,02:08:28,-178.19,-20.79,373.9,4.0,mb,us
2004-12-19,14:07:11,-174.31,-17.95,22.8,4.6,mb,us
2004-12-19,20:13:37,-178.85,-18.1,563.8,5.8,mwc,hrv
2004-12-19,20:34:57,-178.72,-17.98,553.6,4.6,mb,us
2004-12-19,21:33:41,-178.92,-18.11,580.1,3.8,mb,us
2004-12-19,22:42:21,-179.2,-17.42,575.3,3.5,mb,us
2004-12-20,07:18:54,-178.84,-34.24,50.0,4.2,mb,us
2004-12-20,07:39:29,-174.63,-15.87,227.8,5.8,mwc,hrv
2004-12-22,08:52:58,-177.31,-16.62,366.8,4.0,mb,us
2004-12-22,09:38:44,-177.39,-19.96,600.0,4.3,mb,us
2004-12-22,15:57:44,-179.74,-23.44,526.8,4.4,mb,us
2004-12-22,16:06:52,-177.63,-31.4,10.0,4.3,mb,us
2004-12-22,20:45:50,-178.76,-21.01,598.9,4.0,mb,us
2004-12-23,11:06:16,-178.46,-17.96,586.6,4.4,mb,us
2004-12-23,11:08:53,-178.31,-18.37,671.4,4.0,mb,us
2004-12-23,16:13:46,-178.81,-20.64,586.5,4.4,mb,us
2004-12-24,02:18:12,-178.99,-17.18,510.1,3.8,mb,us
2004-12-24,04:20:15,-175.83,-20.27,290.3,4.4,mb,us
2004-12-24,04:41:27,-174.76,-18.31,61.7,4.9,mb,us
2004-12-24,06:02:55,-177.85,-19.42,600.0,4.0,mb,us
2004-12-24,06:14:45,-178.46,-20.12,600.0,4.2,mb,us
2004-12-24,13:32:18,-178.56,-20.25,618.2,4.4,mb,us
2004-12-24,13:39:44,-178.67,-20.36,614.5,5.8,mwc,hrv
2004-12-24,13:49:56,-178.68,-20.28,603.4,4.7,mb,us
2004-12-24,13:52:59,-178.37,-20.36,600.0,4.2,mb,us
2004-12-24,14:02:09,-178.56,-20.26,585.8,4.2,mb,us
2004-12-24,14:03:01,-178.58,-20.29,587.5,4.3,mb,us
2004-12-24,14:12:14,-178.59,-20.34,612.3,4.5,mb,us
2004-12-24,14:20:25,-178.67,-20.5,657.3,4.5,mb,us
2004-12-24,14:39:36,-178.53,-20.2,638.0,4.0,mb,us
2004-12-24,16:29:39,-173.22,-15.65,36.6,4.3,mb,us
2004-12-24,18:30:12,-178.15,-18.33,500.0,4.1,mb,us
2004-12-24,21:00:20,-178.02,-20.86,418.3,4.2,mb,us
2004-12-25,15:26:34,-179.23,-20.38,600.0,4.1,mb,us
2004-12-25,17:02:29,-179.14,-19.59,600.0,4.0,mb,us
2004-12-25,17:59:07,-178.84,-33.99,10.0,4.6,mb,us
2004-12-26,05:32:16,-177.72,-20.08,319.5,4.1,mb,us
2004-12-26,07:22:08,-178.92,-21.37,544.0,4.6,mb,us
2004-12-26,15:53:33,-178.01,-32.66,10.0,4.9,mb,us
2004-12-26,19:51:47,-178.09,-20.29,529.6,4.1,mb,us
2004-12-27,07:05:11,-177.04,-29.29,76.2,4.6,mb,us
2004-12-27,13:40:51,-178.64,-17.77,537.4,4.7,mb,us
2004-12-27,16:57:25,-179.92,-33.52,265.1,0.0,,us
2004-12-27,21:56:15,-178.71,-20.28,623.3,4.7,mb,us
2004-12-29,00:14:23,-177.89,-20.22,400.0,4.4,mb,us
2004-12-30,16:48:08,-177.9,-18.19,486.0,4.4,mb,us
2004-12-30,21:00:41,-175.84,-16.61,218.2,4.5,mb,us
2004-12-31,17:30:05,-178.64,-20.58,542.4,4.5,mb,us
2005-01-01,15:40:14,-178.57,-17.69,589.3,4.3,mb,us
2005-01-03,01:01:24,-178.38,-20.37,503.3,4.0,mb,us
2005-01-04,03:19:54,-178.76,-17.92,549.4,4.7,mb,us
2005-01-04,03:46:38,-179.55,-16.23,517.8,4.2,mb,us
2005-01-05,00:04:04,-177.67,-20.15,490.2,4.8,mb,us
2005-01-05,08:01:33,-179.94,-37.23,33.0,4.7,ml,wel
2005-01-05,11:15:53,-178.64,-20.56,599.4,4.8,mb,us
2005-01-05,11:59:30,-173.5,-15.33,10.0,4.6,mb,us
2005-01-07,05:27:33,-177.65,-30.94,18.0,5.3,mwc,hrv
2005-01-07,10:29:34,-178.09,-18.0,571.4,4.6,mb,us
2005-01-07,14:32:54,-178.85,-17.46,600.0,4.0,mb,us
2005-01-07,23:21:02,-178.81,-20.27,658.7,4.5,mb,us
2005-01-07,23:24:11,-178.56,-20.19,600.0,4.3,mb,us
2005-01-08,10:28:38,-178.27,-18.06,600.0,4.0,mb,us
2005-01-09,01:26:10,-175.13,-15.26,290.9,4.0,mb,us
2005-01-09,18:31:14,-179.52,-32.23,254.0,0.0,,us
2005-01-11,05:49:30,-174.47,-14.98,135.0,4.4,mb,us
2005-01-11,07:07:43,-178.22,-20.08,581.5,4.6,mb,us
2005-01-11,13:44:03,-174.65,-19.07,14.9,4.8,mb,us
2005-01-11,16:33:13,-178.24,-20.45,510.8,4.1,mb,us
2005-01-12,06:36:21,-179.82,-23.66,510.6,4.5,mb,us
2005-01-12,10:26:15,-177.74,-18.59,556.7,5.0,mb,us
2005-01-12,15:42:31,-179.9,-24.06,487.5,4.6,mb,us
2005-01-13,03:05:29,-173.58,-16.88,15.0,5.2,mwc,hrv
2005-01-13,05:27:50,-176.49,-15.34,320.6,4.3,mb,us
2005-01-13,17:14:05,-176.48,-27.05,10.0,5.1,mwc,hrv
2005-01-14,00:12:34,-178.54,-17.73,486.0,4.2,mb,us
2005-01-15,00:38:49,-178.6,-21.1,601.6,4.3,mb,us
2005-01-15,00:59:13,-177.65,-19.03,554.8,4.7,mb,us
2005-01-15,04:42:18,-175.05,-17.83,207.4,4.1,mb,us
2005-01-15,06:19:43,-178.48,-18.16,604.6,4.3,mb,us
2005-01-15,16:58:56,-177.27,-23.62,125.2,4.9,mb,us
2005-01-16,01:00:30,-176.18,-25.49,10.0,4.8,mb,us
2005-01-16,02:52:37,-176.24,-25.07,43.4,3.9,mb,us
2005-01-16,08:25:04,-176.3,-25.53,16.0,6.2,mwb,us
2005-01-16,08:51:41,-176.24,-25.59,44.6,4.3,mb,us
2005-01-16,10:20:12,-178.45,-17.99,582.8,4.3,mb,us
2005-01-16,15:59:07,-176.27,-25.56,16.9,4.5,mb,us
2005-01-16,16:20:16,-179.72,-34.16,70.1,5.0,mb,us
2005-01-16,22:40:52,-174.16,-16.01,133.2,4.0,mb,us
2005-01-17,00:50:04,-173.18,-15.5,10.0,5.2,mb,us
2005-01-17,02:55:18,-177.65,-17.3,370.6,3.9,mb,us
2005-01-17,19:37:37,-177.74,-17.94,441.6,4.2,mb,us
2005-01-18,00:37:36,-177.84,-19.97,419.6,4.6,mb,us
2005-01-18,03:31:24,-175.13,-15.32,238.7,3.7,mb,us
2005-01-18,06:45:33,-176.11,-28.15,91.7,4.8,mb,us
2005-01-18,12:28:52,-178.14,-20.12,537.6,3.9,mb,us
2005-01-18,23:43:00,-179.58,-32.06,152.1,4.7,mb,us
2005-01-19,14:59:03,-178.99,-31.17,301.5,0.0,,us
2005-01-19,16:24:24,-176.11,-16.09,346.0,4.6,mb,us
2005-01-20,13:58:13,-178.78,-32.59,10.0,5.4,mwc,hrv
2005-01-20,20:20:21,-178.13,-30.95,35.0,5.3,mwc,hrv
2005-01-21,04:59:22,-179.77,-22.34,663.8,4.4,mb,us
2005-01-21,15:49:50,-178.11,-20.28,561.0,4.1,mb,us
2005-01-21,20:49:00,-178.76,-32.78,10.0,5.5,mwc,hrv
2005-01-22,11:18:45,-178.86,-17.52,600.0,4.1,mb,us
2005-01-22,11:27:43,-177.93,-31.61,23.5,5.7,mwb,us
2005-01-22,12:30:19,-177.76,-31.56,10.0,5.0,mwc,hrv
2005-01-22,17:48:39,-176.14,-27.23,10.0,4.9,mb,us
2005-01-23,03:06:50,-173.32,-15.53,10.0,4.4,mb,us
2005-01-23,14:17:19,-179.73,-24.26,457.7,4.4,mb,us
2005-01-23,22:04:47,-179.33,-21.96,564.8,4.7,mb,us
2005-01-24,03:10:38,-177.52,-19.39,568.0,4.3,mb,us
2005-01-24,07:30:42,-177.97,-22.56,381.2,4.0,mb,us
2005-01-24,17:43:36,-178.96,-21.46,557.0,4.6,mb,us
2005-01-25,07:09:04,-174.92,-27.92,50.0,4.7,mb,us
2005-01-25,08:03:47,-177.73,-20.83,557.9,4.4,mb,us
2005-01-25,14:01:43,-176.24,-22.76,30.0,4.8,mb,us
2005-01-25,14:35:38,-179.24,-21.47,608.6,4.5,mb,us
2005-01-27,10:47:50,-175.69,-24.3,14.5,4.8,mb,us
2005-01-28,22:11:13,-176.05,-24.43,15.0,4.6,mb,us
2005-01-28,22:22:42,-178.43,-17.87,500.0,4.3,mb,us
2005-01-28,22:43:08,-176.74,-23.64,35.0,4.3,mb,us
2005-01-28,23:47:45,-176.14,-24.35,10.0,4.6,mb,us
2005-01-29,02:03:40,-176.06,-24.56,19.0,5.1,mwc,hrv
2005-01-29,03:13:04,-176.2,-24.4,56.6,4.5,mb,us
2005-01-29,06:15:16,-173.48,-15.95,10.0,4.6,mb,us
2005-01-29,06:37:47,-141.03,-56.81,10.0,5.6,mwc,hrv
2005-01-29,14:01:29,-176.24,-25.33,10.0,4.3,mb,us
2005-01-29,20:52:22,-178.98,-31.88,376.7,3.7,mb,us
2005-01-29,21:03:56,-178.87,-17.66,528.7,4.4,mb,us
2005-01-30,08:08:27,-176.0,-24.42,32.8,5.6,mwc,hrv
2005-01-30,08:10:44,-175.17,-22.9,47.9,5.5,mwc,hrv
2005-01-30,15:29:01,-178.43,-19.95,600.0,4.5,mb,us
2005-01-30,17:04:57,-173.87,-15.61,47.4,4.8,mb,us
2005-01-30,17:15:51,-176.99,-29.51,50.3,5.0,mwc,hrv
2005-01-30,19:59:22,-174.72,-17.44,186.0,4.3,mb,us
2005-01-31,21:08:49,-179.35,-23.92,468.0,4.7,mb,us
2005-02-01,01:50:13,-178.64,-17.51,525.8,4.3,mb,us
2005-02-01,04:54:29,-174.84,-20.36,10.0,4.7,mb,us
2005-02-01,09:21:02,-179.46,-21.71,580.1,5.3,mwc,hrv
2005-02-01,10:28:40,-175.98,-20.4,172.5,5.5,mwc,hrv
2005-02-01,15:37:54,-178.2,-19.78,556.4,4.8,mb,us
2005-02-05,19:41:38,-175.94,-22.23,141.9,5.3,mwc,hrv
2005-02-06,01:01:27,-177.96,-23.94,400.0,4.1,mb,us
2005-02-07,14:05:46,-178.55,-19.94,580.1,4.6,mb,us
2005-02-08,09:59:07,-177.74,-31.41,40.4,4.9,mwc,hrv
2005-02-08,18:47:19,-178.96,-16.96,453.3,4.1,mb,us
2005-02-09,00:10:46,-175.63,-20.64,220.9,4.4,mb,us
2005-02-09,07:01:30,-176.11,-24.73,70.6,4.8,mb,us
2005-02-09,07:50:53,-178.27,-33.74,10.0,4.7,mb,us
2005-02-09,11:43:25,-176.3,-26.96,10.0,4.8,mb,us
2005-02-09,11:46:50,-175.88,-27.88,50.0,4.8,mb,us
2005-02-10,03:09:28,-177.6,-19.15,550.7,4.1,mb,us
2005-02-10,07:10:36,-173.74,-15.11,10.0,5.6,mwc,hrv
2005-02-10,09:39:05,-177.19,-30.36,35.0,4.9,mb,us
2005-02-10,12:23:30,-179.7,-24.36,453.8,4.5,mb,us
2005-02-10,14:09:57,-178.5,-33.77,49.9,4.9,mb,us
2005-02-10,15:00:53,-178.7,-33.36,10.0,4.8,mb,us
2005-02-10,17:17:27,-175.28,-22.4,25.0,4.8,mb,us
2005-02-10,20:17:44,-178.66,-33.55,10.0,5.0,mb,us
2005-02-11,06:37:26,-179.52,-30.72,460.6,4.1,mb,us
2005-02-11,15:04:24,-178.67,-17.77,541.1,4.4,mb,us
2005-02-12,08:55:17,-174.33,-17.36,10.0,4.7,mb,us
2005-02-12,14:25:10,-177.84,-20.27,529.2,4.6,mb,us
2005-02-12,16:38:54,-178.53,-17.77,499.6,4.1,mb,us
2005-02-12,19:22:03,-178.77,-17.68,568.8,4.2,mb,us
2005-02-13,05:03:57,-178.83,-17.35,530.6,4.4,mb,us
2005-02-13,13:44:16,-179.83,-23.72,505.6,4.4,mb,us
2005-02-13,15:12:16,-178.46,-33.52,41.7,4.9,mb,us
2005-02-13,17:29:46,-178.1,-32.43,10.0,4.4,mb,us
2005-02-13,17:40:19,-179.64,-17.95,629.4,4.1,mb,us
2005-02-14,10:33:34,-177.58,-20.0,503.2,4.6,mb,us
2005-02-14,13:39:12,-179.77,-34.02,271.0,0.0,,us
2005-02-14,18:55:35,-176.42,-27.03,10.0,4.8,mb,us
2005-02-14,19:50:30,-177.55,-30.8,35.0,4.8,mb,us
2005-02-15,12:13:35,-178.51,-30.13,267.8,3.9,mb,us
2005-02-16,11:42:14,-176.79,-21.2,308.0,4.7,mb,us
2005-02-17,06:20:23,-178.05,-34.27,37.4,5.0,mwc,hrv
2005-02-17,23:45:28,-179.28,-30.66,369.3,3.8,mb,us
2005-02-18,15:25:39,-177.3,-23.67,64.0,5.2,mwc,hrv
2005-02-18,15:47:46,-178.81,-17.74,560.2,4.2,mb,us
2005-02-18,19:58:38,-176.12,-19.94,282.2,4.3,mb,us
2005-02-19,03:42:34,-173.4,-15.25,35.0,4.6,mb,us
2005-02-19,17:48:02,-177.81,-15.02,366.0,4.5,mb,us
2005-02-20,02:00:11,-179.46,-34.0,333.2,0.0,,us
2005-02-20,04:08:04,-173.4,-15.33,10.0,4.8,mb,us
2005-02-20,09:24:48,-173.22,-15.25,10.0,5.0,mwc,hrv
2005-02-20,16:37:37,-178.48,-15.09,350.0,4.0,mb,us
2005-02-21,00:04:56,-176.83,-30.12,10.0,5.0,mwc,hrv
2005-02-21,10:46:37,-179.8,-24.04,441.7,4.1,mb,us
2005-02-21,14:55:12,-179.59,-23.1,537.0,4.1,mb,us
2005-02-22,09:16:36,-177.62,-19.88,234.7,4.3,mb,us
2005-02-22,16:17:49,-130.69,-54.77,10.0,4.8,mb,us
2005-02-22,18:50:04,-179.12,-28.08,403.7,4.2,mb,us
2005-02-23,21:21:01,-179.57,-22.15,565.0,4.4,mb,us
2005-02-24,11:12:38,-177.85,-20.3,512.4,4.1,mb,us
2005-02-24,13:48:40,-179.06,-21.29,616.2,4.5,mb,us
2005-02-25,10:44:34,-179.15,-20.74,600.0,4.3,mb,us
2005-02-25,17:28:13,-177.43,-29.77,32.9,4.7,mb,us
2005-02-25,19:47:15,-179.02,-17.43,600.0,4.0,mb,us
2005-02-26,04:35:12,-174.28,-17.47,20.6,4.3,mb,us
2005-02-26,17:00:56,-178.99,-21.02,575.4,4.2,mb,us
2005-02-27,04:54:51,-178.59,-17.72,555.9,5.7,mwc,hrv
2005-02-27,09:55:22,-177.56,-17.79,50.0,4.1,mb,us
2005-02-28,08:29:58,-177.72,-30.34,41.6,5.3,mwc,hrv
2005-02-28,08:33:27,-177.12,-30.49,10.0,4.7,mb,us
2005-02-28,08:36:25,-177.35,-30.62,10.0,0.0,,us
2005-02-28,08:50:24,-177.46,-30.68,10.0,4.7,mb,us
2005-02-28,14:50:22,-178.56,-22.56,372.4,4.1,mb,us
2005-02-28,14:59:18,-178.79,-17.71,570.0,4.2,mb,us
2005-02-28,19:16:37,-177.84,-16.52,400.0,3.8,mb,us
2005-03-01,01:53:46,-175.04,-17.09,194.7,4.1,mb,us
2005-03-01,02:44:54,-177.79,-19.62,530.2,4.3,mb,us
2005-03-01,12:31:45,-176.98,-30.0,34.1,4.9,mwc,hrv
2005-03-01,14:05:11,-141.56,-56.64,10.0,5.1,mwc,hrv
2005-03-01,19:09:18,-179.74,-24.63,499.5,4.1,mb,us
2005-03-01,20:16:47,-178.45,-27.08,272.6,4.4,mb,us
2005-03-02,11:34:55,-174.45,-21.82,50.0,4.9,mb,us
2005-03-02,12:12:34,-178.21,-18.07,567.8,4.4,mb,us
2005-03-02,15:26:40,-177.76,-18.68,541.5,4.7,mb,us
2005-03-02,18:51:59,-179.07,-20.87,611.7,4.8,mb,us
2005-03-03,05:37:16,-137.17,-54.42,10.0,5.1,mwc,hrv
2005-03-03,08:09:20,-137.25,-54.52,10.0,0.0,,us
2005-03-03,11:54:36,-179.16,-32.88,10.0,5.3,mwc,hrv
2005-03-04,09:00:39,-178.72,-17.73,531.6,4.2,mb,us
2005-03-04,09:01:20,-174.03,-19.51,25.0,4.5,mb,us
2005-03-04,09:54:48,-137.02,-54.1,10.0,5.1,mwc,hrv
2005-03-04,15:23:10,-178.22,-20.65,500.0,4.4,mb,us
2005-03-04,16:30:13,-177.88,-19.97,500.0,4.2,mb,us
2005-03-04,16:47:18,-177.92,-18.28,513.2,4.2,mb,us
2005-03-04,21:35:50,-176.49,-22.43,100.1,5.2,mwc,hrv
2005-03-05,07:42:31,-179.26,-16.72,523.6,3.8,mb,us
2005-03-05,18:04:16,-177.98,-20.6,511.8,4.1,mb,us
2005-03-06,01:47:06,-178.97,-20.39,521.7,3.8,mb,us
2005-03-06,09:12:32,-173.92,-14.95,10.0,4.3,mb,us
2005-03-06,18:33:56,-178.96,-17.47,505.1,4.3,mb,us
2005-03-07,08:03:58,-172.55,-18.22,10.0,4.2,mb,us
2005-03-07,12:24:17,-177.92,-20.95,400.0,4.1,mb,us
2005-03-07,12:35:09,-174.42,-15.2,157.7,4.4,mb,us
2005-03-07,20:00:24,-173.59,-16.04,10.0,5.3,mwc,hrv
2005-03-08,00:19:18,-177.76,-18.04,342.2,3.8,mb,us
2005-03-08,00:40:28,-178.58,-32.77,36.3,4.8,mb,us
2005-03-08,06:33:41,-178.64,-32.74,10.0,4.9,mb,us
2005-03-08,15:05:43,-179.84,-65.37,10.0,4.7,mb,us
2005-03-08,19:33:08,-177.7,-31.28,10.0,4.4,mb,us
2005-03-09,08:21:28,-178.11,-18.1,606.3,4.4,mb,us
2005-03-09,09:38:23,-178.94,-18.16,534.6,4.8,mb,us
2005-03-09,12:10:31,-179.91,-31.28,459.7,3.9,mb,us
2005-03-09,16:20:24,-173.06,-16.84,15.0,4.5,mb,us
2005-03-09,20:13:09,-177.6,-20.56,500.3,4.2,mb,us
2005-03-09,20:28:12,-178.3,-17.85,586.2,4.5,mb,us
2005-03-09,23:39:14,-173.21,-15.9,10.0,4.1,mb,us
2005-03-09,23:47:33,-178.61,-21.09,437.8,4.1,mb,us
2005-03-10,05:16:36,-177.51,-19.28,538.1,4.3,mb,us
2005-03-10,05:20:47,-174.17,-23.51,10.0,4.9,mb,us
2005-03-10,08:09:56,-173.8,-17.12,10.0,4.8,mb,us
2005-03-10,12:27:54,-177.76,-30.32,10.0,4.9,mb,us
2005-03-10,17:50:48,-173.24,-16.45,15.0,4.6,mb,us
2005-03-10,18:04:54,-172.89,-16.86,10.0,4.7,mb,us
2005-03-10,18:23:03,-177.75,-31.71,10.0,5.0,mb,us
2005-03-11,19:11:26,-178.45,-20.66,572.0,4.4,mb,us
2005-03-12,03:16:05,-176.64,-21.9,169.5,4.4,mb,us
2005-03-12,05:33:16,-178.96,-30.34,210.6,4.6,mb,us
2005-03-12,15:58:37,-174.37,-16.22,120.7,4.0,mb,us
2005-03-12,18:05:40,-177.91,-22.89,266.4,4.6,mb,us
2005-03-13,02:56:49,-177.58,-19.32,308.1,3.7,mb,us
2005-03-13,08:50:16,-177.43,-30.54,10.0,4.4,mb,us
2005-03-13,14:34:00,-177.96,-18.19,617.9,4.6,mb,us
2005-03-13,19:40:46,-175.7,-23.78,44.7,4.5,mb,us
2005-03-13,20:32:12,-178.71,-17.59,440.4,3.9,mb,us
2005-03-13,22:33:05,-173.46,-15.22,10.0,5.4,mwc,hrv
2005-03-13,23:32:37,-178.47,-17.84,588.1,4.6,mb,us
2005-03-14,16:03:15,-178.71,-17.91,667.7,4.2,mb,us
2005-03-15,03:18:04,-177.41,-23.99,146.7,4.5,mb,us
2005-03-15,08:38:58,-177.44,-19.42,548.6,4.2,mb,us
2005-03-15,15:24:57,-172.88,-19.07,10.0,4.7,mb,us
2005-03-15,16:11:22,-177.99,-20.78,454.4,4.5,mb,us
2005-03-17,06:29:43,-177.6,-15.64,394.9,4.3,mb,us
2005-03-17,06:56:19,-172.04,-15.82,21.7,5.2,mwc,hrv
2005-03-17,10:34:15,-178.75,-22.1,550.5,4.6,mb,us
2005-03-17,12:41:34,-175.8,-20.05,112.3,4.7,mb,us
2005-03-18,00:42:13,-179.02,-19.51,623.7,4.3,mb,us
2005-03-18,03:16:45,-174.49,-17.56,130.8,4.7,mb,us
2005-03-18,09:34:49,-176.31,-22.23,118.3,5.4,mwc,hrv
2005-03-18,10:50:19,-179.78,-22.1,590.1,4.4,mb,us
2005-03-18,12:23:24,-176.63,-29.94,10.0,5.2,mwc,hrv
2005-03-19,12:18:30,-177.92,-20.59,480.2,4.8,mb,us
2005-03-19,15:02:43,-174.34,-20.41,18.0,6.1,mwc,hrv
2005-03-19,17:34:46,-179.55,-21.89,598.7,6.3,mwc,hrv
2005-03-19,19:00:16,-174.27,-20.34,10.0,4.8,mb,us
2005-03-19,19:32:02,-169.76,-16.13,10.0,0.0,,us
2005-03-19,20:28:08,-174.71,-20.43,10.0,4.8,mb,us
2005-03-19,21:44:34,-176.48,-17.52,20.0,4.8,mb,us
2005-03-20,13:17:28,-173.01,-15.22,10.0,4.6,mb,us
2005-03-20,15:13:54,-178.04,-30.74,10.0,4.7,mb,us
2005-03-21,03:24:24,-179.76,-23.76,489.8,3.9,mb,us
2005-03-21,04:30:02,-175.16,-17.96,248.7,4.4,mb,us
2005-03-21,06:15:51,-178.76,-17.62,542.2,4.1,mb,us
2005-03-21,07:38:49,-128.42,-55.42,10.0,5.1,mwc,hrv
2005-03-21,17:06:16,-177.64,-24.94,152.8,5.4,mwc,hrv
2005-03-21,18:34:18,-173.31,-15.26,10.0,4.6,mb,us
2005-03-22,06:45:38,-179.06,-32.17,10.0,4.3,mb,us
2005-03-22,14:55:02,-174.19,-20.31,23.7,4.9,mwc,hrv
2005-03-22,18:26:20,-179.33,-30.38,351.4,3.7,mb,us
2005-03-22,20:45:33,-179.79,-23.34,533.8,4.3,mb,us
2005-03-23,00:04:51,-173.05,-19.98,139.8,4.1,mb,us
2005-03-23,11:46:49,-178.88,-31.98,614.5,3.9,mb,us
2005-03-23,12:20:11,-173.75,-15.19,10.0,4.8,mb,us
2005-03-24,00:57:39,-171.95,-14.99,10.0,4.4,mb,us
2005-03-24,11:36:41,-176.22,-19.27,172.4,4.2,mb,us
2005-03-24,15:08:01,-178.45,-21.03,552.3,4.0,mb,us
2005-03-24,21:22:57,-174.23,-17.14,108.9,4.6,mb,us
2005-03-24,21:47:09,-178.73,-21.28,491.3,4.3,mb,us
2005-03-25,00:46:23,-176.33,-24.1,15.0,4.6,mb,us
2005-03-25,07:26:24,-177.48,-30.34,89.3,4.0,mb,us
2005-03-25,14:03:33,-176.63,-22.16,110.4,4.7,mb,us
2005-03-25,15:04:22,-179.97,-31.8,370.7,3.8,mb,us
2005-03-25,16:13:59,-177.88,-20.19,508.1,4.3,mb,us
2005-03-25,16:15:13,-173.82,-21.6,35.0,4.3,mb,us
2005-03-25,16:37:24,-174.27,-20.88,15.0,4.2,mb,us
2005-03-26,00:59:08,-179.93,-23.37,532.5,4.1,mb,us
2005-03-26,02:42:04,-173.46,-15.06,10.0,5.2,mwc,hrv
2005-03-26,03:21:43,-178.31,-23.38,340.7,4.5,mb,us
2005-03-26,04:22:08,-179.51,-23.78,494.2,4.2,mb,us
2005-03-26,07:37:34,-174.16,-20.35,62.1,4.7,mb,us
2005-03-26,15:08:04,-177.93,-19.46,500.0,4.0,mb,us
2005-03-26,17:47:35,-174.93,-16.92,228.1,4.0,mb,us
2005-03-28,05:06:33,-176.16,-16.08,331.6,4.2,mb,us
2005-03-28,13:09:27,-174.69,-17.51,145.0,4.3,mb,us
2005-03-28,22:28:33,-177.47,-33.46,75.1,4.3,mb,us
2005-03-29,01:39:33,-175.64,-20.4,178.6,4.2,mb,us
2005-03-29,03:09:16,-179.24,-16.91,476.5,3.8,mb,us
2005-03-29,03:50:20,-178.06,-17.85,402.2,3.9,mb,us
2005-03-29,05:53:52,-179.82,-23.31,530.0,4.6,mb,us
2005-03-29,06:33:33,-174.2,-20.1,10.0,4.9,mb,us
2005-03-29,18:26:25,-178.02,-32.28,10.0,5.0,mb,us
2005-03-30,17:41:57,-179.75,-22.46,588.7,6.1,mwc,hrv
2005-03-31,04:35:59,-178.23,-19.92,600.0,4.4,mb,us
2005-03-31,04:48:13,-177.78,-32.44,10.0,4.8,mb,us
2005-04-01,04:20:22,-179.49,-31.97,35.0,4.8,mb,us
2005-04-01,18:48:28,-178.12,-29.83,222.7,4.2,mb,us
2005-04-02,13:21:16,-173.76,-19.22,10.0,4.7,mb,us
2005-04-02,14:02:05,-178.81,-17.47,524.7,4.4,mb,us
2005-04-03,02:05:21,-177.42,-15.44,363.4,3.9,mb,us
2005-04-03,14:33:20,-178.95,-33.71,342.3,0.0,,us
2005-04-04,08:00:40,-178.67,-17.49,518.2,4.1,mb,us
2005-04-04,08:16:22,-178.32,-20.5,542.4,5.4,mwc,hrv
2005-04-04,08:25:33,-178.4,-20.17,550.0,4.1,mb,us
2005-04-04,09:56:39,-173.84,-17.7,10.0,4.1,mb,us
2005-04-04,17:16:02,-178.18,-18.24,465.1,4.2,mb,us
2005-04-04,21:08:07,-177.47,-16.02,10.0,4.5,mb,us
2005-04-05,01:06:13,-174.43,-16.35,107.4,4.7,mb,us
2005-04-05,06:33:33,-177.68,-20.44,487.6,4.1,mb,us
2005-04-05,07:00:56,-173.65,-14.96,10.0,4.4,mb,us
2005-04-05,17:16:12,-178.88,-17.38,525.3,4.3,mb,us
2005-04-05,18:54:49,-173.25,-15.07,10.0,4.6,mb,us
2005-04-06,07:52:19,-175.04,-17.48,185.8,3.9,mb,us
2005-04-07,02:49:13,-175.22,-18.06,268.6,4.9,mb,us
2005-04-07,09:16:41,-178.86,-20.62,578.7,4.1,mb,us
2005-04-07,10:59:56,-179.37,-21.23,600.0,4.3,mb,us
2005-04-07,14:01:29,-176.52,-24.44,278.7,4.5,mb,us
2005-04-07,15:43:22,-179.81,-23.5,541.2,4.7,mb,us
2005-04-07,19:05:19,-174.57,-18.22,160.8,4.3,mb,us
2005-04-07,20:49:06,-178.84,-16.37,458.7,4.2,mb,us
2005-04-08,03:22:50,-177.91,-18.09,608.6,4.1,mb,us
2005-04-08,07:08:07,-179.15,-17.18,484.5,3.8,mb,us
2005-04-08,10:42:48,-174.07,-15.0,68.2,4.4,mb,us
2005-04-08,11:34:43,-177.76,-18.16,561.3,4.3,mb,us
2005-04-08,13:09:52,-179.94,-23.9,516.1,4.6,mb,us
2005-04-08,18:25:25,-174.13,-17.37,78.2,4.5,mb,us
2005-04-09,05:00:55,-178.07,-17.93,613.8,4.1,mb,us
2005-04-09,20:22:13,-179.45,-17.33,580.0,4.3,mb,us
2005-04-10,04:57:08,-178.69,-20.45,559.9,4.0,mb,us
2005-04-10,13:50:11,-174.9,-15.26,253.3,4.8,mb,us
2005-04-11,04:29:19,-177.6,-19.26,549.3,4.7,mb,us
2005-04-11,05:44:46,-173.24,-14.63,10.0,4.4,mb,us
2005-04-11,06:09:35,-175.27,-23.01,33.1,0.0,,us
2005-04-11,10:50:27,-174.61,-30.38,35.0,4.8,mb,us
2005-04-11,19:33:41,-173.6,-15.09,10.0,4.4,mb,us
2005-04-11,20:33:42,-179.83,-31.56,292.4,3.8,mb,us
2005-04-11,22:11:59,-174.64,-17.64,10.0,4.5,mb,us
2005-04-12,06:26:41,-174.0,-15.74,103.3,4.4,mb,us
2005-04-12,17:26:55,-174.7,-16.58,10.0,4.8,mb,us
2005-04-12,20:50:17,-177.4,-26.57,81.0,4.7,mb,us
2005-04-13,03:56:19,-177.24,-24.51,116.2,4.6,mb,us
2005-04-13,03:58:18,-177.76,-29.67,53.9,5.4,mwc,hrv
2005-04-13,11:13:21,-178.44,-29.93,352.4,3.7,mb,us
2005-04-13,11:22:48,-169.89,-55.01,10.0,4.8,mb,us
2005-04-13,16:37:02,-129.36,-54.76,10.0,4.6,mb,us
2005-04-14,12:32:50,-174.58,-22.16,10.0,4.6,mb,us
2005-04-14,13:23:31,-179.68,-23.66,493.9,4.4,mb,us
2005-04-14,22:05:26,-177.58,-21.78,400.0,4.2,mb,us
2005-04-15,06:53:29,-177.24,-29.47,46.8,4.2,mb,us
2005-04-15,08:49:37,-174.12,-16.05,83.6,4.1,mb,us
2005-04-15,11:11:53,-177.23,-17.97,312.4,4.2,mb,us
2005-04-15,14:04:55,-177.35,-30.46,10.0,4.5,mb,us
2005-04-15,17:34:34,-158.2,-62.49,10.0,4.5,mb,us
2005-04-15,18:32:11,-175.07,-23.65,10.0,5.4,mwc,hrv
2005-04-15,21:08:07,-174.3,-15.86,65.0,4.3,mb,us
2005-04-16,07:49:31,-172.64,-15.25,10.0,5.3,mwc,hrv
2005-04-16,11:01:52,-173.76,-15.06,10.0,4.1,mb,us
2005-04-16,12:18:32,-132.1,-54.99,10.0,5.9,mwb,us
2005-04-17,01:50:28,-175.95,-21.92,96.6,4.8,mb,us
2005-04-17,09:19:28,-176.0,-44.8,0.0,4.1,ml,wel
2005-04-17,18:09:45,-177.34,-18.5,337.6,4.4,mb,us
2005-04-17,22:07:17,-173.0,-16.76,10.0,4.3,mb,us
2005-04-18,02:23:53,-177.66,-19.61,421.0,4.1,mb,us
2005-04-18,16:40:36,-178.86,-31.61,400.0,0.0,,us
2005-04-19,00:36:34,-174.26,-26.27,10.0,4.4,mb,us
2005-04-19,04:27:46,-178.44,-17.43,514.8,4.3,mb,us
2005-04-19,08:27:42,-177.49,-15.2,351.8,4.0,mb,us
2005-04-19,08:35:34,-178.87,-15.38,350.0,3.9,mb,us
2005-04-19,21:16:17,-179.22,-21.13,629.7,4.1,mb,us
2005-04-20,02:28:50,-178.6,-17.85,565.1,4.7,mb,us
2005-04-20,07:34:47,-174.57,-17.63,85.0,4.7,mb,us
2005-04-20,09:34:21,-130.23,-54.76,10.0,4.5,mb,us
2005-04-20,10:09:22,-175.16,-18.75,157.9,4.5,mb,us
2005-04-20,12:19:21,-179.88,-32.72,269.3,0.0,,us
2005-04-21,11:39:24,-176.51,-21.16,253.8,4.0,mb,us
2005-04-21,17:14:40,-179.69,-34.68,145.4,4.7,mb,us
2005-04-21,23:24:50,-177.68,-20.21,482.2,4.4,mb,us
2005-04-22,06:27:26,-178.53,-21.36,532.3,4.4,mb,us
2005-04-22,08:38:50,-178.17,-21.81,408.1,4.3,mb,us
2005-04-22,09:55:30,-173.51,-18.66,55.0,4.5,mb,us
2005-04-22,11:25:47,-178.77,-21.06,589.7,4.7,mb,us
2005-04-22,13:08:32,-179.92,-39.71,33.0,4.8,ml,wel
2005-04-22,18:26:48,-178.28,-20.79,600.0,4.1,mb,us
2005-04-23,05:42:46,-177.71,-15.86,424.8,4.2,mb,us
2005-04-24,07:11:30,-174.05,-20.74,32.8,4.9,mwc,hrv
2005-04-24,11:43:50,-178.59,-32.76,10.0,4.8,mwc,hrv
2005-04-25,02:32:45,-176.53,-27.09,32.2,5.6,mwc,hrv
2005-04-25,08:28:43,-178.9,-17.6,511.0,4.7,mb,us
2005-04-25,12:04:45,-176.0,-21.7,262.2,4.2,mb,us
2005-04-25,19:56:11,-179.16,-26.45,500.0,4.3,mb,us
2005-04-25,21:00:30,-177.63,-19.11,566.4,4.1,mb,us
2005-04-25,22:02:06,-178.5,-32.98,35.1,4.7,mb,us
2005-04-26,04:06:58,-179.33,-21.57,590.3,3.7,mb,us
2005-04-26,07:11:22,-175.7,-25.27,30.0,4.5,mb,us
2005-04-26,11:33:28,-176.35,-15.3,10.0,5.6,mwc,hrv
2005-04-26,13:37:04,-174.88,-18.82,59.5,4.6,mb,us
2005-04-26,13:46:36,-177.88,-32.79,10.0,5.0,mb,us
2005-04-26,18:56:30,-176.53,-19.11,18.1,5.6,mwb,us
2005-04-26,22:04:28,-178.4,-21.57,468.9,4.3,mb,us
2005-04-26,23:12:21,-173.53,-18.6,10.0,4.5,mb,us
2005-04-27,04:33:23,-178.36,-32.61,11.8,4.9,mwc,hrv
2005-04-27,16:08:11,-178.08,-27.06,256.5,3.9,mb,us
2005-04-28,17:23:50,-176.37,-20.01,198.7,4.3,mb,us
2005-04-28,23:45:42,-178.79,-29.48,10.0,4.8,mwc,hrv
2005-04-29,12:15:54,-177.48,-18.79,338.4,4.3,mb,us
2005-04-29,13:42:58,-174.74,-17.1,159.1,0.0,,us
2005-04-30,03:16:54,-177.52,-30.12,43.3,4.8,mb,us
2005-04-30,08:28:38,-173.68,-19.99,10.0,5.0,mwc,hrv
2005-04-30,19:09:19,-178.1,-18.89,617.0,3.9,mb,us
2005-04-30,19:45:58,-177.33,-19.33,510.7,4.3,mb,us
2005-04-30,20:13:27,-178.27,-17.91,578.3,4.0,mb,us
2005-04-30,21:56:44,-178.45,-34.13,42.3,4.7,mb,us
2005-05-01,03:56:06,-177.97,-18.71,550.0,4.0,mb,us
2005-05-01,04:33:22,-177.61,-20.22,478.0,4.2,mb,us
2005-05-01,22:16:29,-178.54,-17.78,521.0,4.3,mb,us
2005-05-02,01:36:20,-177.43,-32.79,100.0,4.4,mb,us
2005-05-02,16:30:22,-174.08,-23.76,55.0,4.7,mb,us
2005-05-02,21:33:06,-173.92,-20.72,35.9,5.0,mwc,hrv
2005-05-03,04:54:59,-173.58,-15.09,10.0,4.7,mb,us
2005-05-03,10:10:58,-177.71,-20.19,520.6,4.2,mb,us
2005-05-03,11:45:50,-178.64,-20.88,529.7,4.6,mb,us
2005-05-03,21:15:27,-177.91,-29.99,54.6,4.9,mb,us
2005-05-04,08:57:01,-173.83,-19.41,22.8,5.9,mwc,hrv
2005-05-04,17:17:18,-179.12,-38.73,33.0,4.8,mb,us
2005-05-05,00:47:08,-171.73,-15.32,20.0,4.7,mb,us
2005-05-05,04:06:44,-178.22,-18.99,562.1,4.2,mb,us
2005-05-05,06:19:48,-176.64,-19.24,15.0,4.7,mb,us
2005-05-05,08:08:36,-177.34,-20.32,531.4,4.1,mb,us
2005-05-05,10:04:40,-179.65,-22.13,568.5,4.5,mb,us
2005-05-05,10:11:04,-176.35,-22.93,29.4,4.8,mwc,hrv
2005-05-05,11:27:21,-173.28,-16.81,15.0,4.6,mb,us
2005-05-05,22:48:49,-179.88,-34.85,57.9,4.8,mb,us
2005-05-06,03:22:20,-178.79,-17.51,600.0,3.9,mb,us
2005-05-06,06:18:46,-178.72,-20.86,615.1,4.3,mb,us
2005-05-06,08:38:21,-178.77,-17.63,541.3,3.9,mb,us
2005-05-06,20:08:52,-178.05,-20.29,582.7,4.2,mb,us
2005-05-06,20:15:10,-176.95,-24.99,69.0,4.5,mb,us
2005-05-07,09:50:24,-178.68,-32.16,41.5,5.0,mb,us
2005-05-07,10:23:38,-177.7,-18.59,540.4,4.0,mb,us
2005-05-07,17:27:48,-175.15,-18.46,150.0,4.5,mb,us
2005-05-08,00:42:06,-177.04,-17.28,398.9,3.6,mb,us
2005-05-09,05:44:27,-173.18,-15.55,10.0,5.2,mwc,hrv
2005-05-09,10:10:09,-179.8,-29.85,151.6,4.5,mb,us
2005-05-09,10:10:23,-178.81,-17.54,538.3,4.2,mb,us
2005-05-09,10:33:40,-177.08,-20.8,249.1,4.0,mb,us
2005-05-09,12:26:16,-174.92,-18.79,101.2,4.6,mb,us
2005-05-09,12:52:40,-178.76,-33.5,10.0,4.3,mb,us
2005-05-09,13:41:58,-178.7,-33.59,10.0,4.9,mwc,hrv
2005-05-09,13:44:31,-178.75,-33.38,10.0,4.6,mb,us
2005-05-09,20:14:31,-178.58,-23.77,451.2,3.9,mb,us
2005-05-09,22:40:36,-178.71,-33.33,10.0,4.7,mb,us
2005-05-10,02:53:11,-178.61,-33.43,10.0,4.4,mb,us
2005-05-10,08:10:17,-178.84,-31.8,457.0,4.2,mb,us
2005-05-10,11:19:15,-177.98,-20.26,522.2,4.5,mb,us
2005-05-10,14:12:47,-177.39,-23.55,97.7,4.5,mb,us
2005-05-10,18:21:16,-177.52,-29.16,15.0,4.4,mb,us
2005-05-11,00:23:26,-178.94,-33.6,10.0,4.7,mb,us
2005-05-11,01:55:12,-178.86,-17.57,600.0,3.6,mb,us
2005-05-11,13:13:47,-177.8,-19.54,564.4,4.5,mb,us
2005-05-11,15:18:35,-177.2,-17.23,215.7,4.3,mb,us
2005-05-11,15:40:12,-177.16,-16.86,10.0,5.0,mwc,hrv
2005-05-11,15:43:00,-177.15,-16.81,4.8,4.8,mb,us
2005-05-12,09:36:48,-173.58,-15.15,35.0,4.5,mb,us
2005-05-12,11:15:35,-139.23,-57.38,10.0,6.5,mwc,hrv
2005-05-12,22:21:19,-173.04,-19.73,345.8,4.1,mb,us
2005-05-13,02:15:04,-177.91,-20.52,455.9,4.4,mb,us
2005-05-13,03:32:40,-175.79,-20.4,206.0,3.9,mb,us
2005-05-13,21:18:00,-178.34,-30.49,48.3,4.3,mb,us
2005-05-14,05:03:44,-179.95,-37.53,0.0,4.2,ml,wel
2005-05-14,10:02:45,-176.65,-22.7,119.2,5.7,mwb,us
2005-05-14,15:59:31,-175.08,-17.1,109.5,4.1,mb,us
2005-05-15,00:26:17,-178.56,-17.93,605.8,3.9,mb,us
2005-05-15,00:38:51,-179.3,-22.32,488.0,4.1,mb,us
2005-05-15,05:43:20,-175.04,-15.94,215.3,4.0,mb,us
2005-05-15,06:58:02,-178.31,-15.56,410.2,4.1,mb,us
2005-05-15,14:01:15,-175.61,-16.07,303.0,3.7,mb,us
2005-05-16,03:54:15,-179.35,-32.59,34.0,6.6,mwb,us
2005-05-16,04:05:35,-175.44,-18.94,174.7,4.5,mb,us
2005-05-16,09:59:35,-178.71,-32.8,40.8,5.4,mwc,hrv
2005-05-16,11:34:12,-172.84,-17.15,33.6,4.6,mb,us
2005-05-16,18:29:25,-177.85,-14.81,362.2,4.2,mb,us
2005-05-17,03:04:16,-176.94,-20.71,253.4,4.3,mb,us
2005-05-17,03:36:37,-178.29,-33.32,10.0,4.7,mb,us
2005-05-17,09:28:51,-178.06,-37.79,33.0,4.4,ml,wel
2005-05-17,10:58:18,-178.88,-32.73,18.8,4.7,mb,us
2005-05-17,20:11:17,-179.41,-36.55,33.0,4.2,mb,us
2005-05-17,23:18:05,-175.9,-26.22,35.0,4.3,mb,us
2005-05-18,02:28:20,-178.12,-31.08,10.0,4.3,mb,us
2005-05-18,10:27:06,-173.24,-15.32,10.0,6.2,mwc,hrv
2005-05-18,12:14:32,-179.23,-34.4,167.1,4.1,mb,us
2005-05-19,00:09:55,-178.95,-33.6,10.0,4.7,mb,us
2005-05-19,13:19:48,-173.67,-18.44,175.7,4.2,mb,us
2005-05-19,16:03:38,-176.54,-16.05,352.4,4.3,mb,us
2005-05-19,16:16:12,-176.53,-15.95,333.7,4.2,mb,us
2005-05-20,20:37:26,-177.85,-20.59,623.0,4.4,mb,us
2005-05-21,11:44:35,-176.68,-22.56,98.9,4.8,mb,us
2005-05-21,18:23:34,-177.38,-19.47,289.1,4.1,mb,us
2005-05-21,21:37:15,-178.43,-28.85,220.2,4.2,mb,us
2005-05-22,02:15:06,-179.69,-30.44,374.5,3.6,mb,us
2005-05-22,03:06:16,-178.84,-22.13,469.6,4.1,mb,us
2005-05-22,18:57:22,-179.03,-33.02,10.0,4.6,mb,us
2005-05-23,01:42:00,-179.47,-25.37,439.8,4.0,mb,us
2005-05-23,02:51:44,-177.18,-24.53,117.2,4.4,mb,us
2005-05-23,06:44:06,-177.24,-23.3,86.6,4.2,mb,us
2005-05-23,08:41:10,-178.5,-17.36,534.6,4.1,mb,us
2005-05-23,12:54:56,-178.49,-20.3,600.0,3.9,mb,us
2005-05-23,17:51:58,-175.22,-23.54,10.0,4.8,mb,us
2005-05-24,04:51:45,-177.77,-18.49,555.1,5.2,mwc,hrv
2005-05-24,06:50:10,-177.46,-19.06,568.3,4.3,mb,us
2005-05-24,12:23:18,-173.43,-19.0,10.0,4.4,mb,us
2005-05-24,15:31:45,-173.43,-15.36,41.5,5.4,mwc,hrv
2005-05-24,16:11:20,-174.95,-15.48,283.3,3.7,mb,us
2005-05-24,16:44:29,-172.1,-18.26,35.0,4.3,mb,us
2005-05-24,19:51:47,-173.42,-15.3,40.3,5.2,mwc,hrv
2005-05-24,22:32:04,-177.24,-20.89,490.6,4.3,mb,us
2005-05-25,02:13:16,-179.9,-24.5,516.2,4.3,mb,us
2005-05-26,06:06:56,-176.34,-23.48,49.8,4.8,mb,us
2005-05-26,22:28:42,-178.41,-30.52,142.9,4.6,mb,us
2005-05-27,12:56:48,-178.15,-19.69,605.8,4.2,mb,us
2005-05-27,19:35:21,-177.82,-19.72,500.0,3.8,mb,us
2005-05-28,13:10:41,-176.36,-25.08,11.2,4.5,mb,us
2005-05-28,13:26:58,-178.61,-17.83,556.8,4.3,mb,us
2005-05-28,13:53:31,-177.83,-18.52,618.4,4.2,mb,us
2005-05-29,09:34:44,-178.53,-17.89,560.2,4.3,mb,us
2005-05-29,21:44:27,-178.01,-30.11,18.6,5.9,mwc,hrv
2005-05-30,03:30:56,-178.47,-17.21,472.6,4.2,mb,us
2005-05-30,09:07:38,-179.95,-37.13,140.0,3.7,m,wel
2005-05-30,10:04:33,-133.96,-54.07,10.0,5.3,mwc,hrv
2005-05-30,18:28:22,-178.1,-21.71,433.1,4.2,mb,us
2005-05-31,20:28:52,-177.68,-29.66,68.6,3.8,mb,us
2005-06-01,09:28:07,-177.6,-19.2,569.7,4.2,mb,us
2005-06-01,11:32:54,-179.36,-21.24,643.1,4.3,mb,us
2005-06-01,13:56:22,-179.14,-32.76,10.0,5.1,mwc,hrv
2005-06-01,17:11:20,-179.18,-32.75,10.0,5.2,mwc,hrv
2005-06-02,08:53:10,-174.27,-17.51,65.7,4.5,mb,us
2005-06-02,15:14:09,-178.43,-17.61,551.7,4.3,mb,us
2005-06-02,15:26:58,-178.03,-18.66,496.9,4.5,mb,us
2005-06-03,00:53:41,-173.2,-18.26,10.0,5.5,mwc,hrv
2005-06-03,02:51:50,-178.78,-33.52,59.1,4.8,mb,us
2005-06-03,06:40:59,-173.2,-18.2,55.0,4.3,mb,us
2005-06-03,08:57:12,-178.37,-20.19,567.6,4.4,mb,us
2005-06-03,11:25:46,-175.73,-25.26,30.0,4.6,mb,us
2005-06-03,11:26:24,-173.02,-16.94,15.0,4.6,mb,us
2005-06-03,14:51:21,-179.87,-31.21,394.2,0.0,,us
2005-06-03,21:07:17,-172.99,-17.34,15.0,4.2,mb,us
2005-06-04,01:46:22,-178.82,-25.46,440.8,4.6,mb,us
2005-06-04,19:45:32,-177.74,-19.74,537.1,4.1,mb,us
2005-06-04,22:31:24,-173.46,-17.46,10.0,4.6,mb,us
2005-06-05,04:54:50,-177.92,-20.49,495.7,4.3,mb,us
2005-06-05,05:06:21,-177.96,-20.07,550.0,3.9,mb,us
2005-06-05,09:47:39,-133.1,-53.93,10.0,4.6,mb,us
2005-06-05,10:37:00,-178.78,-20.46,584.7,4.2,mb,us
2005-06-05,18:52:51,-175.92,-20.94,100.0,4.3,mb,us
2005-06-05,20:03:02,-179.23,-36.79,33.0,4.9,mwc,hrv
2005-06-05,22:19:12,-174.27,-16.24,135.7,4.2,mb,us
2005-06-05,23:36:06,-179.66,-21.9,574.3,4.0,mb,us
2005-06-06,00:31:38,-179.56,-21.9,550.0,3.8,mb,us
2005-06-06,06:10:57,-178.18,-33.05,85.9,4.5,mb,us
2005-06-06,12:37:36,-175.57,-21.98,35.0,4.5,mb,us
2005-06-06,15:50:30,-176.24,-16.28,359.3,3.6,mb,us
2005-06-06,19:18:02,-177.94,-19.96,533.7,4.3,mb,us
2005-06-07,00:02:01,-177.88,-16.82,300.0,4.2,mb,us
2005-06-07,04:22:01,-179.12,-29.52,318.3,5.7,mwc,hrv
2005-06-07,05:12:08,-161.44,-62.4,10.0,5.4,mwc,hrv
2005-06-07,05:34:17,-161.5,-62.43,10.0,5.8,mwc,hrv
2005-06-07,07:40:32,-178.77,-30.28,150.0,4.1,mb,us
2005-06-07,13:59:41,-178.77,-17.42,522.8,4.5,mb,us
2005-06-07,16:43:12,-178.1,-29.43,88.7,0.0,,us
2005-06-08,09:23:30,-178.34,-18.07,564.8,3.8,mb,us
2005-06-08,10:53:45,-173.54,-15.21,10.0,4.5,mb,us
2005-06-08,21:24:58,-178.04,-28.52,234.7,5.0,mwc,hrv
2005-06-09,00:22:42,-178.44,-31.05,21.8,5.2,mb,us
2005-06-09,18:27:04,-178.22,-23.31,284.4,4.7,mb,us
2005-06-09,18:34:40,-177.35,-21.47,392.6,3.7,mb,us
2005-06-09,23:03:12,-178.58,-17.84,560.9,4.4,mb,us
2005-06-10,03:22:33,-177.96,-30.13,58.2,5.2,mwc,hrv
2005-06-10,10:29:15,-177.22,-25.9,115.2,4.5,mb,us
2005-06-10,19:05:20,-178.66,-17.88,646.3,4.1,mb,us
2005-06-10,19:31:20,-174.04,-14.75,46.9,4.3,mb,us
2005-06-10,22:46:06,-178.77,-32.83,10.0,4.5,mb,us
2005-06-11,01:47:27,-178.53,-29.65,173.0,4.4,mb,us
2005-06-12,11:32:33,-179.7,-23.35,511.9,4.2,mb,us
2005-06-12,19:15:01,-173.95,-16.24,52.0,4.4,mb,us
2005-06-12,23:32:41,-176.34,-28.65,57.5,4.5,mb,us
2005-06-13,01:01:15,-173.09,-15.34,10.0,4.3,mb,us
2005-06-13,10:12:39,-177.67,-23.22,198.3,4.2,mb,us
2005-06-13,13:26:31,-143.7,-55.93,10.0,4.6,mb,us
2005-06-13,19:56:37,-179.59,-23.56,488.0,4.9,mb,us
2005-06-14,01:22:12,-174.72,-18.72,144.1,5.7,mb,us
2005-06-14,04:50:15,-139.55,-58.31,10.0,5.0,mb,us
2005-06-14,13:55:51,-178.51,-17.51,572.2,4.2,mb,us
2005-06-14,16:09:40,-177.59,-20.08,509.8,4.4,mb,us
2005-06-14,17:13:51,-178.74,-32.55,43.1,5.1,mb,us
2005-06-15,03:02:38,-175.55,-14.54,10.0,5.2,mb,us
2005-06-15,08:33:04,-177.5,-29.84,56.9,4.8,mb,us
2005-06-15,11:24:55,-179.95,-22.15,667.2,4.3,mb,us
2005-06-15,14:13:35,-174.62,-17.1,135.1,4.1,mb,us
2005-06-16,09:49:01,-178.97,-32.9,40.2,4.8,mb,us
2005-06-16,18:11:01,-177.83,-19.95,368.7,4.6,mb,us
2005-06-16,23:44:51,-173.56,-15.24,10.0,4.8,mb,us
2005-06-17,20:18:46,-179.1,-21.16,591.9,4.5,mb,us
2005-06-17,20:45:09,-172.73,-17.39,45.0,4.5,mb,us
2005-06-18,12:25:51,-178.01,-32.77,11.1,4.8,mb,us
2005-06-18,19:38:33,-178.98,-17.6,474.7,4.4,mb,us
2005-06-18,23:10:08,-178.78,-17.63,600.0,4.5,mb,us
2005-06-19,06:16:35,-174.22,-16.17,96.2,3.6,mb,us
2005-06-19,07:16:14,-178.81,-20.8,578.1,4.7,mb,us
2005-06-20,02:44:54,-176.17,-26.72,10.0,5.8,mwc,hrv
2005-06-20,04:39:47,-176.08,-26.87,60.0,4.8,mb,us
2005-06-20,12:11:16,-177.5,-30.99,9.9,0.0,,us
2005-06-20,13:52:01,-176.36,-26.75,40.7,4.5,mb,us
2005-06-20,15:26:16,-178.68,-21.15,528.2,4.5,mb,us
2005-06-20,22:27:03,-177.61,-30.55,10.0,4.1,mb,us
2005-06-21,01:42:30,-178.98,-17.62,650.0,4.2,mb,us
2005-06-21,02:17:51,-176.3,-26.76,19.9,4.7,mb,us
2005-06-21,04:56:10,-179.56,-35.79,61.4,4.9,mb,us
2005-06-21,12:00:48,-179.06,-30.47,366.3,3.9,mb,us
2005-06-21,16:43:03,-177.52,-30.41,41.0,4.5,mb,us
2005-06-22,04:44:48,-178.99,-17.45,522.2,4.5,mb,us
2005-06-22,15:41:03,-179.99,-23.58,526.7,4.6,mb,us
2005-06-23,10:08:26,-176.07,-26.7,10.0,5.4,mwc,hrv
2005-06-23,11:14:47,-176.08,-26.85,30.0,4.6,mb,us
2005-06-23,11:51:35,-175.83,-26.74,35.0,4.9,mb,us
2005-06-23,16:02:16,-178.08,-31.01,10.0,4.7,mb,us
2005-06-23,20:21:54,-179.74,-22.09,677.6,4.3,mb,us
2005-06-24,16:29:04,-180.0,-23.75,550.0,4.6,mb,us
2005-06-24,20:24:27,-176.29,-26.64,20.5,4.6,mb,us
2005-06-25,11:08:26,-178.69,-17.31,501.1,4.4,mb,us
2005-06-26,00:04:02,-179.2,-21.52,599.4,4.5,mb,us
2005-06-26,16:44:26,-179.4,-35.18,40.0,4.5,mb,us
2005-06-27,00:03:05,-176.34,-26.77,31.0,4.7,mb,us
2005-06-27,13:08:14,-176.19,-26.86,31.1,4.8,mb,us
2005-06-27,19:49:07,-179.08,-21.81,605.9,4.2,mb,us
2005-06-28,00:20:36,-179.96,-24.4,400.0,4.5,mb,us
2005-06-28,03:06:16,-177.59,-19.71,325.6,4.5,mb,us
2005-06-28,03:36:03,-178.09,-19.1,450.0,4.1,mb,us
2005-06-28,05:12:12,-179.62,-23.63,510.4,4.2,mb,us
2005-06-28,13:56:02,-179.46,-36.47,100.0,4.9,mb,us
2005-06-28,15:46:26,-176.29,-26.93,30.6,5.8,mwc,hrv
2005-06-28,15:54:43,-176.0,-26.99,30.0,4.7,mb,us
2005-06-28,16:05:59,-176.34,-26.79,33.6,4.9,mb,us
2005-06-28,16:29:16,-176.26,-27.0,37.2,5.0,mb,us
2005-06-28,16:40:10,-176.32,-26.9,35.0,5.0,mb,us
2005-06-28,16:54:05,-176.27,-26.95,42.8,4.8,mb,us
2005-06-28,16:58:16,-176.21,-26.84,32.8,4.9,mb,us
2005-06-28,17:11:19,-176.22,-26.92,30.0,5.0,mwc,hrv
2005-06-28,17:31:55,-176.22,-26.82,25.6,4.7,mb,us
2005-06-28,17:32:10,-176.11,-26.97,35.0,4.7,mb,us
2005-06-28,20:15:50,-176.41,-26.72,35.0,4.8,mb,us
2005-06-28,21:41:55,-177.36,-16.48,420.2,4.5,mb,us
2005-06-28,22:16:53,-176.35,-26.68,30.0,4.9,mwc,hrv
2005-06-29,02:50:12,-179.01,-38.01,33.0,4.7,ml,wel
2005-06-29,09:52:37,-176.18,-26.97,38.1,4.6,mb,us
2005-06-29,19:47:46,-176.36,-26.61,10.0,4.7,mb,us
2005-06-30,10:31:25,-176.2,-26.82,35.0,4.8,mb,us
2005-06-30,15:49:28,-178.75,-17.44,540.1,4.3,mb,us
2005-07-01,01:34:13,-179.45,-16.76,500.5,0.0,,us
2005-07-01,05:05:30,-177.64,-18.89,508.9,3.9,mb,us
2005-07-01,05:47:36,-177.89,-15.7,400.0,4.0,mb,us
2005-07-01,05:49:01,-172.66,-16.02,45.0,0.0,,us
2005-07-01,20:52:59,-176.49,-26.72,20.1,4.7,mb,us
2005-07-01,20:58:28,-178.23,-20.68,526.1,5.4,mwc,hrv
2005-07-02,15:54:02,-179.68,-32.22,10.0,0.0,,us
2005-07-03,05:38:09,-176.82,-27.49,8.6,4.9,mb,us
2005-07-04,07:00:34,-178.51,-17.95,564.9,4.4,mb,us
2005-07-04,10:11:54,-173.26,-15.34,10.0,4.6,mb,us
2005-07-04,10:16:38,-178.6,-21.31,608.7,4.2,mb,us
2005-07-04,15:20:59,-173.09,-15.24,10.0,4.2,mb,us
2005-07-05,20:49:38,-176.36,-26.71,30.0,4.6,mb,us
2005-07-05,23:46:52,-178.38,-32.45,10.0,5.2,mb,us
2005-07-06,06:20:59,-179.63,-23.22,544.1,4.6,mb,us
2005-07-06,10:24:33,-179.29,-30.24,384.3,0.0,,us
2005-07-07,08:36:22,-177.66,-20.09,501.6,4.2,mb,us
2005-07-07,16:35:24,-175.0,-15.55,280.8,4.3,mb,us
2005-07-07,23:59:53,-178.62,-17.69,552.2,4.5,mb,us
2005-07-08,08:32:45,-179.09,-22.59,439.1,5.3,mwc,hrv
2005-07-08,18:40:24,-179.22,-31.6,237.3,4.5,mb,us
2005-07-09,07:33:32,-178.31,-17.41,636.6,4.0,mb,us
2005-07-09,17:23:53,-178.38,-18.14,467.3,3.9,mb,us
2005-07-10,04:30:52,-176.14,-26.82,36.5,4.7,mb,us
2005-07-10,04:34:42,-176.19,-27.13,10.0,0.0,,us
2005-07-10,08:41:52,-174.57,-18.51,128.6,4.8,mb,us
2005-07-10,11:57:00,-176.24,-26.72,10.0,4.7,mb,us
2005-07-10,12:48:56,-177.8,-19.99,524.6,4.5,mb,us
2005-07-11,08:10:59,-178.51,-20.72,510.4,4.1,mb,us
2005-07-11,15:43:43,-176.44,-26.84,41.5,4.7,mb,us
2005-07-11,16:06:25,-176.52,-26.87,10.0,5.6,mwb,us
2005-07-11,16:22:51,-176.51,-26.85,35.0,5.0,mwc,hrv
2005-07-11,19:06:54,-178.78,-32.87,10.0,4.6,mb,us
2005-07-11,22:46:09,-179.51,-22.93,500.0,4.2,mb,us
2005-07-11,23:06:02,-176.32,-27.0,10.0,6.0,mwb,us
2005-07-11,23:17:58,-176.29,-27.01,10.0,5.0,mb,us
2005-07-12,01:57:11,-176.03,-26.8,30.0,4.7,mb,us
2005-07-12,08:13:15,-173.66,-15.08,10.0,4.4,mb,us
2005-07-12,08:27:25,-178.48,-20.67,568.9,3.7,mb,us
2005-07-12,18:50:51,-179.2,-21.81,547.2,4.4,mb,us
2005-07-12,23:26:21,-178.46,-20.55,544.7,4.8,mb,us
2005-07-13,03:23:50,-175.03,-18.39,102.3,4.8,mb,us
2005-07-13,03:38:28,-178.0,-30.14,63.7,4.1,mb,us
2005-07-13,03:53:12,-177.81,-16.13,393.8,4.4,mb,us
2005-07-13,10:23:11,-179.99,-36.2,41.5,5.1,mwc,hrv
2005-07-13,12:04:59,-178.62,-17.72,544.3,4.1,mb,us
2005-07-14,00:31:54,-173.86,-16.51,106.8,4.6,mb,us
2005-07-14,04:34:37,-178.26,-31.18,30.3,4.9,mb,us
2005-07-14,07:43:01,-176.25,-26.65,30.0,4.7,mb,us
2005-07-14,10:34:10,-178.69,-17.78,536.8,4.3,mb,us
2005-07-14,17:43:23,-178.38,-17.54,521.9,4.3,mb,us
2005-07-15,02:17:14,-176.27,-26.84,14.5,4.4,mb,us
2005-07-15,09:43:52,-179.24,-33.58,16.0,4.4,mb,us
2005-07-15,11:15:35,-179.02,-18.29,500.0,3.8,mb,us
2005-07-15,12:21:07,-174.73,-18.67,48.1,4.5,mb,us
2005-07-15,13:45:24,-179.22,-32.76,32.7,4.9,mwc,hrv
2005-07-15,17:58:36,-147.64,-57.3,10.0,5.7,mwc,hrv
2005-07-16,00:20:56,-179.19,-30.45,309.6,3.7,mb,us
2005-07-16,15:13:52,-174.4,-19.22,53.0,4.6,mb,us
2005-07-16,17:30:19,-175.39,-24.98,40.0,4.7,mb,us
2005-07-17,12:13:45,-178.69,-17.54,555.8,4.1,mb,us
2005-07-17,17:32:03,-179.59,-22.4,565.5,4.5,mb,us
2005-07-18,07:48:42,-179.93,-23.62,512.7,5.2,mb,us
2005-07-18,15:09:36,-178.5,-17.93,565.5,4.4,mb,us
2005-07-18,17:49:11,-178.17,-15.38,90.7,4.7,mb,us
2005-07-18,21:46:21,-178.93,-30.2,300.0,4.4,mb,us
2005-07-19,10:26:28,-178.9,-20.65,600.7,4.0,mb,us
2005-07-19,12:18:01,-179.85,-23.89,494.3,4.9,mb,us
2005-07-19,20:36:16,-179.56,-25.73,440.1,4.4,mb,us
2005-07-19,21:47:27,-177.53,-30.77,35.0,4.8,mwc,hrv
2005-07-20,04:48:13,-178.5,-18.01,584.3,5.2,mwc,hrv
2005-07-20,16:09:25,-173.01,-15.35,10.0,4.6,mb,us
2005-07-21,22:31:29,-178.95,-17.28,521.8,4.0,mb,us
2005-07-22,00:01:35,-179.99,-23.74,559.9,4.5,mb,us
2005-07-22,00:21:38,-179.12,-21.42,630.2,3.9,mb,us
2005-07-22,03:23:04,-178.16,-20.0,557.8,4.3,mb,us
2005-07-22,10:19:04,-177.8,-20.82,467.5,4.3,mb,us
2005-07-22,12:28:13,-173.16,-16.02,15.0,4.7,mb,us
2005-07-22,19:08:49,-179.66,-21.78,650.4,4.6,mb,us
2005-07-22,19:12:59,-179.42,-21.69,579.7,4.4,mb,us
2005-07-23,08:51:44,-178.07,-30.25,10.0,6.0,mwb,us
2005-07-23,12:18:22,-178.39,-32.73,93.1,5.1,mwc,hrv
2005-07-23,16:22:19,-179.49,-31.03,197.7,4.7,mb,us
2005-07-24,06:36:45,-178.92,-20.87,626.6,4.2,mb,us
2005-07-24,07:50:38,-173.66,-15.82,10.0,4.7,mb,us
2005-07-24,12:40:22,-178.33,-32.74,10.0,4.9,mb,us
2005-07-24,14:10:10,-178.47,-17.71,427.1,3.6,mb,us
2005-07-24,17:29:38,-177.4,-18.68,342.7,4.4,mb,us
2005-07-25,04:59:32,-174.16,-17.28,20.0,0.0,,us
2005-07-25,06:22:40,-179.96,-23.68,517.4,4.6,mb,us
2005-07-25,13:54:30,-177.54,-29.56,35.0,4.5,mb,us
2005-07-25,16:47:11,-173.23,-15.31,10.0,0.0,,us
2005-07-26,10:11:40,-173.45,-15.19,36.2,5.1,mwc,hrv
2005-07-26,13:54:29,-177.09,-16.99,470.9,4.1,mb,us
2005-07-26,23:30:31,-178.86,-25.8,381.1,4.0,mb,us
2005-07-27,03:46:05,-178.1,-30.5,96.1,4.3,mb,us
2005-07-27,08:15:14,-179.15,-33.97,10.0,4.7,mb,us
2005-07-27,08:50:00,-178.72,-17.72,527.4,4.6,mb,us
2005-07-27,20:04:33,-178.02,-31.24,26.2,4.9,mb,us
2005-07-28,07:36:16,-179.34,-22.39,609.3,4.3,mb,us
2005-07-28,08:31:36,-179.75,-23.86,498.2,5.1,mwc,hrv
2005-07-28,09:22:54,-139.27,-56.06,10.0,4.6,mb,us
2005-07-28,21:08:24,-175.38,-19.94,50.9,4.8,mb,us
2005-07-29,01:40:21,-179.57,-34.31,66.3,4.9,mwc,hrv
2005-07-29,08:05:54,-179.84,-30.8,418.5,4.1,mb,us
2005-07-29,12:25:46,-173.92,-19.42,10.0,4.5,mb,us
2005-07-30,00:27:27,-178.05,-32.02,10.0,4.9,mb,us
2005-07-30,05:13:59,-178.29,-17.89,592.0,4.4,mb,us
2005-07-30,09:23:06,-175.9,-27.09,38.3,5.0,mwc,hrv
2005-07-30,11:20:56,-175.72,-27.32,42.3,4.5,mb,us
2005-07-30,15:52:19,-179.71,-37.82,35.0,4.9,ms,us
2005-07-31,04:20:00,-177.32,-15.16,15.0,4.9,mwc,hrv
2005-07-31,12:57:07,-176.22,-19.82,197.3,4.4,mb,us
2005-07-31,20:01:57,-172.5,-17.49,10.0,4.1,mb,us
2005-07-31,20:11:47,-178.79,-17.98,665.9,4.3,mb,us
2005-07-31,21:14:57,-178.67,-17.66,541.2,4.2,mb,us
2005-08-01,01:12:22,-138.65,-57.21,10.0,4.5,mb,us
2005-08-01,02:03:35,-179.01,-27.61,339.2,4.2,mb,us
2005-08-01,09:41:59,-179.68,-36.42,33.0,3.8,ml,wel
2005-08-02,07:31:39,-177.12,-21.8,322.3,4.2,mb,us
2005-08-02,16:39:16,-179.64,-23.71,506.8,4.4,mb,us
2005-08-02,17:54:37,-179.55,-22.01,562.8,4.7,mb,us
2005-08-03,19:18:49,-178.41,-21.05,533.3,4.7,mb,us
2005-08-03,19:49:47,-178.17,-20.39,538.0,4.9,mb,us
2005-08-03,21:23:28,-155.47,-62.04,10.0,4.3,mb,us
2005-08-03,22:22:39,-177.42,-28.13,61.8,4.9,mwc,hrv
2005-08-04,02:28:24,-173.65,-18.79,35.0,4.8,mb,us
2005-08-04,03:37:47,-128.84,-55.11,10.0,4.7,mb,us
2005-08-04,20:54:41,-177.96,-18.3,550.2,4.4,mb,us
2005-08-04,20:59:26,-178.81,-17.58,517.5,4.4,mb,us
2005-08-04,21:57:41,-178.59,-17.82,553.7,4.5,mb,us
2005-08-05,03:51:43,-175.06,-18.24,246.6,4.4,mb,us
2005-08-05,04:00:36,-177.91,-15.84,38.6,4.4,mb,us
2005-08-05,19:13:22,-175.16,-15.75,290.3,3.6,mb,us
2005-08-06,00:11:21,-179.53,-22.2,587.8,4.5,mb,us
2005-08-06,09:56:14,-175.85,-19.61,205.4,6.0,mwc,hrv
2005-08-06,12:29:48,-176.96,-23.56,68.4,4.6,mb,us
2005-08-06,14:29:46,-172.9,-16.66,33.5,4.7,mb,us
2005-08-06,19:56:40,-178.87,-17.08,510.7,4.5,mb,us
2005-08-06,22:33:13,-177.08,-27.99,30.0,4.5,mb,us
2005-08-07,11:34:26,-174.5,-15.72,138.6,3.6,mb,us
2005-08-07,11:35:26,-177.29,-14.45,10.0,6.0,mwb,us
2005-08-07,13:31:36,-177.01,-15.27,10.0,0.0,,us
2005-08-07,13:54:25,-177.15,-14.25,10.0,5.4,mwc,hrv
2005-08-07,14:31:09,-176.88,-14.66,10.0,4.4,mb,us
2005-08-07,14:41:01,-177.24,-14.44,10.0,5.8,mwb,us
2005-08-07,23:11:48,-175.06,-17.55,219.0,4.6,mb,us
2005-08-08,02:24:19,-177.62,-29.85,64.9,4.5,mb,us
2005-08-09,03:32:47,-177.99,-31.55,18.8,4.9,mb,us
2005-08-09,06:59:36,-172.61,-16.22,16.1,0.0,,us
2005-08-09,07:30:09,-176.79,-22.46,250.0,4.0,mb,us
2005-08-09,08:23:15,-178.89,-17.19,541.3,4.6,mb,us
2005-08-09,12:18:58,-177.89,-22.48,329.6,4.7,mb,us
2005-08-09,14:00:12,-176.26,-22.35,44.4,4.9,mb,us
2005-08-09,14:57:45,-178.79,-17.76,524.2,4.3,mb,us
2005-08-09,15:03:47,-173.38,-15.2,10.0,4.4,mb,us
2005-08-10,14:10:50,-173.59,-17.0,81.6,4.8,mb,us
2005-08-10,14:51:33,-177.25,-17.34,358.3,4.4,mb,us
2005-08-10,18:31:09,-177.72,-20.07,490.5,4.2,mb,us
2005-08-10,21:18:12,-174.07,-15.14,103.2,4.7,mb,us
2005-08-11,10:48:05,-129.06,-55.24,10.0,4.8,mb,us
2005-08-11,11:36:34,-129.22,-55.16,10.0,5.3,mwc,hrv
2005-08-11,15:55:05,-175.74,-19.6,137.5,4.9,mwc,hrv
2005-08-11,20:11:17,-172.95,-19.06,10.0,4.8,mb,us
2005-08-13,05:57:52,-173.68,-18.94,55.0,4.4,mb,us
2005-08-14,05:08:34,-179.16,-20.83,663.7,4.2,mb,us
2005-08-16,06:01:08,-173.59,-16.66,15.0,4.2,mb,us
2005-08-17,00:17:18,-179.99,-23.38,542.0,4.3,mb,us
2005-08-17,06:14:25,-173.64,-15.18,43.8,4.6,mb,us
2005-08-17,09:40:22,-177.86,-30.2,10.0,5.2,mwc,hrv
2005-08-17,23:20:57,-177.95,-20.89,465.3,4.5,mb,us
2005-08-18,05:15:52,-175.95,-23.98,10.0,4.8,mb,us
2005-08-18,08:50:32,-179.11,-34.17,200.0,4.3,m,wel
2005-08-19,00:04:45,-173.69,-15.61,10.0,0.0,,us
2005-08-19,06:11:08,-179.03,-31.16,242.0,4.4,mb,us
2005-08-19,09:18:14,-176.39,-26.99,49.2,4.8,mb,us
2005-08-20,19:53:19,-178.4,-29.54,161.5,4.7,mb,us
2005-08-21,03:56:15,-174.87,-15.71,227.9,4.2,mb,us
2005-08-21,12:32:32,-179.19,-23.21,436.7,4.6,mb,us
2005-08-22,04:51:46,-177.74,-16.09,335.0,4.1,mb,us
2005-08-22,07:52:14,-177.87,-22.67,450.0,4.3,mb,us
2005-08-22,16:48:22,-175.04,-14.94,35.0,5.3,mwc,hrv
2005-08-23,03:04:42,-179.52,-24.8,473.2,4.4,mb,us
2005-08-24,04:56:40,-177.96,-21.03,379.4,4.4,mb,us
2005-08-24,05:00:06,-178.68,-17.62,585.5,4.3,mb,us
2005-08-24,06:22:27,-179.11,-21.76,586.1,4.6,mb,us
2005-08-25,00:48:06,-171.95,-15.49,35.0,5.3,mwc,hrv
2005-08-25,10:29:53,-178.26,-19.91,593.4,4.6,mb,us
2005-08-25,13:44:21,-176.32,-22.21,60.4,4.9,mwc,hrv
2005-08-25,17:39:17,-173.2,-15.41,10.0,4.6,mb,us
2005-08-25,23:09:18,-179.98,-23.66,530.7,5.7,mwc,hrv
2005-08-26,00:46:36,-177.56,-30.34,46.6,4.5,mb,us
2005-08-26,13:12:25,-178.79,-17.38,532.7,3.9,mb,us
2005-08-26,20:05:08,-177.38,-30.18,36.5,4.4,mb,us
2005-08-27,05:35:42,-178.64,-32.19,10.0,4.4,mb,us
2005-08-28,00:43:58,-177.86,-19.94,547.2,4.3,mb,us
2005-08-28,06:02:03,-178.72,-32.5,15.6,5.0,mb,us
2005-08-28,15:29:22,-172.85,-16.45,10.0,4.8,mb,us
2005-08-29,10:00:18,-178.68,-34.79,287.1,4.2,mb,us
2005-08-30,20:01:08,-179.03,-32.85,10.0,4.5,mb,us
2005-08-30,20:43:03,-177.74,-20.72,447.6,4.5,mb,us
2005-09-01,00:05:16,-179.4,-22.01,562.8,4.3,mb,us
2005-09-01,06:03:00,-179.87,-24.32,584.5,4.2,mb,us
2005-09-01,15:10:55,-178.69,-31.17,106.3,4.5,mb,us
2005-09-01,18:03:54,-177.67,-30.74,10.0,4.5,mb,us
2005-09-01,19:05:16,-179.09,-21.86,450.0,4.3,mb,us
2005-09-02,05:37:34,-173.61,-15.0,10.0,4.7,mb,us
2005-09-02,09:35:36,-178.07,-21.28,500.0,4.3,mb,us
2005-09-02,21:46:32,-176.42,-26.58,350.0,3.7,mb,us
2005-09-03,06:00:25,-172.54,-15.8,81.2,4.6,mb,us
2005-09-03,11:41:35,-177.59,-24.75,175.3,4.4,mb,us
2005-09-03,17:03:12,-174.64,-16.7,157.1,4.1,mb,us
2005-09-03,18:26:00,-179.2,-20.88,634.3,4.1,mb,us
2005-09-04,00:09:56,-177.38,-26.23,123.7,4.7,mb,us
2005-09-04,04:27:23,-178.75,-30.87,218.3,3.9,mb,us
2005-09-04,04:47:12,-177.22,-20.29,500.0,4.2,mb,us
2005-09-04,05:24:41,-177.91,-30.33,10.0,5.0,mb,us
2005-09-04,12:13:39,-176.78,-17.11,25.2,5.6,mwb,us
2005-09-04,13:39:26,-176.99,-21.95,158.6,4.6,mb,us
2005-09-04,14:53:40,-175.9,-22.13,25.0,4.5,mb,us
2005-09-04,19:12:51,-178.48,-20.73,581.2,4.2,mb,us
2005-09-04,20:25:16,-177.86,-18.56,603.3,4.3,mb,us
2005-09-04,21:29:00,-179.74,-35.83,48.7,4.7,mb,us
2005-09-05,07:37:31,-142.39,-56.41,10.0,6.2,mwb,us
2005-09-05,12:28:29,-178.58,-17.78,562.6,4.0,mb,us
2005-09-05,19:13:11,-179.84,-31.8,370.7,3.9,mb,us
2005-09-05,22:45:14,-175.61,-21.58,35.0,4.6,mb,us
2005-09-06,11:56:15,-177.28,-23.66,103.2,4.9,mb,us
2005-09-06,17:06:08,-142.59,-56.12,10.0,4.1,mb,us
2005-09-08,17:45:15,-178.54,-35.41,10.0,4.8,mb,us
2005-09-09,01:31:35,-177.92,-18.47,564.5,4.3,mb,us
2005-09-09,01:56:28,-177.78,-18.56,569.5,4.4,mb,us
2005-09-09,05:23:41,-176.62,-21.68,111.8,4.2,mb,us
2005-09-09,09:31:29,-177.94,-24.48,376.7,4.4,mb,us
2005-09-09,22:31:14,-179.35,-21.89,586.3,4.4,mb,us
2005-09-10,22:52:18,-178.3,-21.22,443.6,3.8,mb,us
2005-09-11,01:37:38,-174.05,-17.5,75.2,4.2,mb,us
2005-09-11,04:27:12,-171.44,-14.45,35.0,0.0,,us
2005-09-11,05:26:10,-178.77,-32.36,42.0,4.5,mb,us
2005-09-11,09:47:46,-178.06,-21.26,235.4,4.4,mb,us
2005-09-11,17:04:39,-178.09,-20.38,495.7,3.8,mb,us
2005-09-12,09:54:29,-177.25,-16.98,370.1,4.3,mb,us
2005-09-12,13:19:06,-178.3,-20.87,562.6,4.2,mb,us
2005-09-12,13:57:50,-176.12,-22.39,35.0,4.9,mwc,hrv
2005-09-12,21:15:04,-177.32,-17.42,383.9,5.7,mwb,us
2005-09-13,04:54:18,-177.4,-19.68,531.7,4.4,mb,us
2005-09-13,12:25:03,-178.8,-17.61,540.8,0.0,,us
2005-09-13,17:24:56,-172.64,-16.52,45.0,4.1,mb,us
2005-09-14,19:43:10,-174.81,-14.72,184.2,4.2,mb,us
2005-09-15,09:41:05,-178.56,-17.72,527.6,4.6,mb,us
2005-09-15,20:07:01,-174.14,-20.14,10.0,4.8,mb,us
2005-09-16,11:59:18,-178.79,-25.3,402.6,4.0,mb,us
2005-09-16,20:43:47,-179.77,-35.83,125.0,4.4,mb,us
2005-09-17,16:33:28,-179.87,-22.95,554.0,4.6,mb,us
2005-09-17,17:01:59,-178.08,-18.13,600.0,4.3,mb,us
2005-09-17,22:34:47,-178.86,-17.55,543.7,4.3,mb,us
2005-09-18,00:53:21,-179.1,-29.56,271.4,0.0,,us
2005-09-18,02:44:52,-179.42,-21.82,574.2,5.0,mb,us
2005-09-19,06:20:29,-174.72,-18.25,88.3,0.0,,us
2005-09-19,10:22:46,-174.0,-15.36,63.6,4.5,mb,us
2005-09-20,11:33:57,-179.31,-35.83,83.8,4.8,mb,us
2005-09-20,17:24:27,-179.76,-24.8,526.3,4.0,mb,us
2005-09-20,18:19:18,-175.92,-20.97,140.2,5.0,mwc,hrv
2005-09-20,22:03:01,-178.54,-17.82,533.6,5.3,mwc,hrv
2005-09-21,07:21:14,-177.87,-21.66,329.6,4.2,mb,us
2005-09-21,14:34:00,-175.3,-17.88,212.3,4.2,mb,us
2005-09-22,00:07:21,-172.66,-16.67,10.0,5.8,mwb,us
2005-09-23,00:09:22,-176.77,-27.25,36.3,4.4,mb,us
2005-09-23,14:09:59,-177.56,-20.05,478.5,4.0,mb,us
2005-09-23,20:15:06,-173.94,-15.33,74.6,4.3,mb,us
2005-09-24,18:34:40,-173.24,-15.81,10.0,4.8,mb,us
2005-09-24,18:44:08,-178.13,-15.06,371.5,3.8,mb,us
2005-09-25,03:29:15,-173.79,-15.34,50.0,4.6,mb,us
2005-09-25,18:41:14,-176.73,-27.74,34.5,4.8,mb,us
2005-09-25,19:16:46,-176.66,-27.86,49.0,4.3,mb,us
2005-09-25,20:10:32,-174.76,-17.34,181.5,3.6,mb,us
2005-09-25,21:32:52,-175.91,-19.23,162.7,4.3,mb,us
2005-09-25,21:42:11,-178.42,-21.14,501.7,4.9,mb,us
2005-09-25,22:06:57,-179.39,-21.42,600.0,4.6,mb,us
2005-09-25,22:09:06,-177.02,-30.04,10.0,4.4,mb,us
2005-09-26,12:22:50,-179.11,-32.44,69.0,4.6,mb,us
2005-09-26,20:57:49,-174.32,-17.42,121.2,4.3,mb,us
2005-09-26,22:24:38,-179.91,-23.67,457.5,3.7,mb,us
2005-09-27,08:46:18,-175.02,-17.79,187.0,4.6,mb,us
2005-09-27,10:46:42,-129.99,-54.94,10.0,4.8,mb,us
2005-09-27,12:50:03,-179.93,-23.64,554.5,4.3,mb,us
2005-09-27,13:08:14,-178.41,-28.21,207.9,5.3,mwc,hrv
2005-09-28,00:50:36,-177.82,-24.4,300.0,4.4,mb,us
2005-09-28,08:50:04,-179.98,-23.29,567.3,4.3,mb,us
2005-09-28,11:17:35,-176.89,-29.44,69.6,4.1,mb,us
2005-09-28,16:30:31,-173.63,-16.05,14.4,4.2,mb,us
2005-09-29,09:59:56,-178.67,-32.33,10.0,4.9,mb,us
2005-09-29,13:21:30,-172.71,-16.93,33.5,4.9,mwc,hrv
2005-09-29,15:42:16,-177.79,-19.98,514.6,4.4,mb,us
2005-09-30,15:39:44,-178.0,-19.69,642.4,3.8,mb,us
2005-09-30,23:08:24,-177.88,-19.83,526.8,3.9,mb,us
2005-10-02,02:22:07,-177.31,-17.25,358.0,5.2,mwc,hrv
2005-10-02,04:24:52,-179.66,-17.91,600.1,4.1,mb,us
2005-10-02,05:23:23,-173.96,-20.0,20.0,4.3,mb,us
2005-10-02,08:05:12,-179.98,-32.86,189.7,4.9,mwc,hrv
2005-10-02,08:12:14,-177.85,-18.28,614.6,4.4,mb,us
2005-10-02,16:22:02,-179.98,-24.3,504.2,4.6,mb,us
2005-10-03,05:36:48,-178.99,-21.58,603.1,4.4,mb,us
2005-10-03,12:08:02,-179.48,-21.91,593.1,4.8,mb,us
2005-10-03,19:25:24,-179.6,-33.01,35.0,4.5,mb,us
2005-10-04,07:00:19,-179.64,-23.38,516.8,4.0,mb,us
2005-10-04,09:09:31,-173.4,-16.03,10.0,4.6,mb,us
2005-10-05,10:07:22,-174.28,-20.54,15.0,5.9,mwb,us
2005-10-05,20:44:28,-174.26,-20.6,20.4,5.2,mwc,hrv
2005-10-06,02:41:40,-174.27,-20.52,10.0,4.8,mb,us
2005-10-06,09:03:10,-178.81,-17.23,559.8,4.2,mb,us
2005-10-07,02:42:40,-177.66,-25.17,207.6,4.0,mb,us
2005-10-07,08:01:03,-177.63,-14.94,434.6,4.6,mb,us
2005-10-07,09:59:00,-178.14,-17.99,595.4,4.4,mb,us
2005-10-07,14:30:19,-143.17,-57.31,10.0,4.0,mb,us
2005-10-07,17:03:53,-174.2,-15.96,200.0,4.0,mb,us
2005-10-07,22:33:42,-178.84,-17.55,507.9,3.9,mb,us
2005-10-08,12:59:48,-178.75,-21.46,523.2,4.3,mb,us
2005-10-09,00:04:25,-179.12,-16.8,477.7,4.2,mb,us
2005-10-09,06:00:43,-173.84,-15.71,75.5,4.0,mb,us
2005-10-09,08:55:53,-178.88,-32.54,105.8,4.4,mb,us
2005-10-09,11:15:26,-178.58,-21.19,545.5,0.0,,us
2005-10-09,13:40:00,-175.42,-23.11,38.1,5.3,mwc,hrv
2005-10-10,00:39:46,-178.01,-20.47,535.1,4.3,mb,us
2005-10-10,04:49:54,-178.57,-17.83,595.9,4.0,mb,us
2005-10-10,09:07:56,-177.88,-31.6,46.4,5.0,mb,us
2005-10-10,10:20:28,-174.32,-19.24,35.0,4.5,mb,us
2005-10-11,10:37:15,-176.99,-27.63,39.4,4.8,mb,us
2005-10-12,09:47:37,-178.67,-17.77,573.0,4.3,mb,us
2005-10-12,23:07:52,-179.43,-27.72,440.0,3.8,mb,us
2005-10-12,23:10:11,-175.93,-23.68,42.8,5.0,mwc,hrv
2005-10-13,00:24:28,-178.36,-17.74,573.3,4.5,mb,us
2005-10-13,03:07:58,-178.47,-18.03,578.3,4.3,mb,us
2005-10-13,04:32:25,-155.78,-56.7,10.0,5.0,mwc,hrv
2005-10-13,12:37:21,-173.65,-14.93,35.0,4.3,mb,us
2005-10-13,12:41:17,-174.1,-20.15,15.0,4.6,mb,us
2005-10-13,21:52:14,-173.74,-18.33,9.2,4.7,mb,us
2005-10-14,03:36:46,-176.02,-23.71,33.9,5.5,mwc,hrv
2005-10-14,05:16:06,-176.11,-23.74,100.0,4.5,mb,us
2005-10-14,05:48:48,-178.64,-28.32,262.4,0.0,,us
2005-10-14,09:22:29,-177.76,-26.71,183.4,4.7,mb,us
2005-10-14,09:45:35,-179.9,-31.26,314.5,4.3,mb,us
2005-10-14,12:42:25,-178.68,-21.35,500.0,3.9,mb,us
2005-10-14,18:58:09,-172.43,-18.31,0.9,5.4,mwc,hrv
2005-10-15,00:08:28,-176.0,-23.56,35.0,4.1,mb,us
2005-10-15,06:47:20,-177.88,-21.63,332.6,4.3,mb,us
2005-10-15,09:06:36,-178.06,-27.02,188.6,4.6,mb,us
2005-10-16,00:06:49,-175.33,-19.62,84.0,4.2,mb,us
2005-10-16,01:43:44,-175.82,-28.29,30.0,4.9,mwc,hrv
2005-10-16,02:04:35,-178.3,-20.46,539.4,4.2,mb,us
2005-10-16,03:42:03,-175.93,-23.8,10.0,5.3,mwc,hrv
2005-10-16,16:58:48,-177.7,-23.95,20.0,4.1,mb,us
2005-10-17,01:24:05,-177.92,-18.41,565.4,4.8,mb,us
2005-10-17,03:50:54,-176.05,-24.01,35.0,5.4,mwc,hrv
2005-10-17,05:58:36,-178.24,-32.13,59.2,4.6,mb,us
2005-10-17,19:07:06,-179.88,-23.96,518.5,4.4,mb,us
2005-10-18,05:13:14,-178.76,-29.48,362.4,4.0,mb,us
2005-10-18,07:03:02,-179.14,-21.84,570.2,4.8,mb,us
2005-10-18,10:20:34,-179.25,-36.7,33.0,3.8,ml,wel
2005-10-18,14:47:41,-177.84,-19.98,490.8,4.2,mb,us
2005-10-18,18:46:57,-179.21,-31.76,25.0,4.7,mb,us
2005-10-19,12:57:04,-178.8,-20.86,548.8,4.4,mb,us
2005-10-19,14:10:09,-175.08,-17.4,20.0,5.3,mwc,hrv
2005-10-19,14:13:17,-174.94,-17.97,10.0,4.8,mb,us
2005-10-19,17:57:33,-173.29,-16.78,15.0,4.8,mb,us
2005-10-20,07:02:17,-178.82,-33.48,91.9,4.5,mb,us
2005-10-20,14:10:04,-178.95,-17.66,595.8,4.2,mb,us
2005-10-20,14:20:33,-179.98,-36.52,80.0,4.2,ml,wel
2005-10-21,00:07:28,-178.73,-17.36,650.0,3.8,mb,us
2005-10-21,03:44:21,-178.8,-17.56,513.7,4.5,mb,us
2005-10-21,04:32:19,-178.06,-20.79,511.6,4.6,mb,us
2005-10-22,02:03:37,-175.23,-17.68,220.7,3.7,mb,us
2005-10-23,12:05:54,-173.52,-16.83,39.8,4.4,mb,us
2005-10-24,00:44:43,-173.02,-15.22,35.0,5.1,mwc,hrv
2005-10-24,05:19:01,-133.72,-54.05,10.0,4.7,mb,us
2005-10-25,05:15:14,-176.01,-22.87,73.1,5.3,mwc,hrv
2005-10-25,19:15:09,-177.33,-30.73,35.0,5.0,mwc,hrv
2005-10-26,04:56:30,-179.24,-22.12,574.3,4.6,mb,us
2005-10-26,21:19:39,-178.45,-32.69,10.0,4.3,mb,us
2005-10-27,03:35:01,-178.55,-33.14,35.0,4.6,mb,us
2005-10-27,03:39:19,-177.2,-25.37,114.9,4.7,mb,us
2005-10-27,06:01:01,-127.83,-55.03,10.0,5.4,mwc,hrv
2005-10-27,07:25:56,-178.51,-33.3,10.0,5.0,mwc,hrv
2005-10-27,07:25:57,-127.16,-54.96,10.0,4.8,mb,us
2005-10-27,08:51:29,-127.27,-55.37,10.0,4.7,mb,us
2005-10-27,08:56:51,-178.73,-33.54,43.5,4.8,mb,us
2005-10-27,12:12:22,-177.69,-18.77,543.1,3.9,mb,us
2005-10-27,12:53:13,-127.92,-55.02,10.0,4.6,mb,us
2005-10-27,14:52:50,-178.53,-33.28,35.0,4.7,mb,us
2005-10-27,21:04:56,-178.37,-33.44,50.2,5.1,mwc,hrv
2005-10-28,00:38:08,-173.89,-15.36,113.8,4.6,mb,us
2005-10-28,03:20:29,-178.8,-32.61,2.7,4.7,mb,us
2005-10-28,03:26:36,-178.45,-32.99,67.0,4.3,mb,us
2005-10-28,03:26:45,-178.72,-32.6,36.9,5.0,mb,us
2005-10-28,12:28:56,-178.11,-19.69,570.9,4.0,mb,us
2005-10-28,15:42:47,-178.67,-20.82,550.0,4.6,mb,us
2005-10-29,16:33:13,-176.45,-19.38,15.5,5.1,mwc,hrv
2005-10-30,12:55:28,-178.5,-17.72,553.5,4.0,mb,us
2005-10-30,13:08:19,-172.78,-16.53,10.0,5.7,mwb,us
2005-10-30,13:42:50,-172.82,-16.55,10.0,5.0,mwc,hrv
2005-10-30,17:32:51,-178.46,-20.72,573.1,4.5,mb,us
2005-10-30,23:35:22,-178.17,-32.3,10.0,4.5,mb,us
2005-10-30,23:57:54,-177.9,-32.25,10.0,4.4,mb,us
2005-10-31,08:47:22,-176.32,-22.19,74.9,4.9,mb,us
2005-10-31,11:15:54,-178.65,-17.59,521.6,4.2,mb,us
2005-10-31,21:19:32,-178.28,-19.69,573.1,4.2,mb,us
2005-11-01,08:04:05,-178.96,-34.71,10.0,4.7,mb,us
2005-11-01,10:26:31,-177.09,-28.45,35.0,4.8,mb,us
2005-11-02,00:31:31,-178.55,-17.2,458.0,4.6,mb,us
2005-11-02,01:25:06,-178.76,-20.92,596.8,4.5,mb,us
2005-11-02,03:09:18,-178.17,-30.39,36.0,5.7,mwb,us
2005-11-02,06:35:39,-173.0,-16.44,15.0,5.3,mwc,hrv
2005-11-02,07:31:43,-179.26,-33.54,31.3,4.9,mb,us
2005-11-02,14:26:28,-178.58,-17.82,562.7,4.6,mb,us
2005-11-03,02:46:09,-177.75,-20.34,497.5,4.3,mb,us
2005-11-03,05:04:16,-179.21,-34.8,30.0,4.8,mb,us
2005-11-03,05:33:30,-179.15,-34.83,30.0,4.5,mb,us
2005-11-03,06:28:54,-178.44,-17.52,530.1,4.2,mb,us
2005-11-03,09:11:52,-177.77,-20.22,473.3,4.5,mb,us
2005-11-03,11:27:38,-179.55,-34.94,30.0,4.8,mb,us
2005-11-03,18:41:13,-176.8,-27.12,49.8,4.4,mb,us
2005-11-03,19:05:54,-177.67,-30.42,10.0,4.8,mb,us
2005-11-03,23:04:03,-177.95,-20.65,472.8,4.3,mb,us
2005-11-04,05:27:07,-179.66,-23.73,382.2,4.4,mb,us
2005-11-04,20:11:56,-175.5,-18.83,161.6,4.8,mb,us
2005-11-04,20:38:36,-179.1,-34.93,40.5,4.9,mb,us
2005-11-04,22:14:36,-178.69,-17.35,500.0,3.6,mb,us
2005-11-04,23:04:09,-179.04,-34.62,35.0,0.0,,us
2005-11-04,23:31:56,-178.37,-21.64,486.3,4.0,mb,us
2005-11-05,10:20:12,-177.67,-20.38,458.0,4.1,mb,us
2005-11-05,13:52:37,-178.35,-33.27,12.5,4.8,mb,us
2005-11-05,14:13:10,-179.24,-32.93,10.0,0.0,,us
2005-11-05,15:28:38,-178.2,-35.12,39.7,5.3,mwc,hrv
2005-11-05,15:51:36,-178.31,-34.97,47.5,4.9,mb,us
2005-11-05,20:52:26,-179.36,-30.22,230.4,4.1,mb,us
2005-11-05,23:07:56,-178.66,-22.64,547.1,4.3,mb,us
2005-11-05,23:26:04,-176.14,-26.89,30.0,0.0,,us
2005-11-06,00:17:52,-177.73,-30.3,45.2,4.9,mb,us
2005-11-06,09:12:16,-179.38,-18.07,600.0,3.7,mb,us
2005-11-06,16:34:12,-178.42,-19.09,612.6,4.2,mb,us
2005-11-07,06:15:43,-172.71,-16.39,35.0,4.5,mb,us
2005-11-08,00:25:38,-178.65,-17.76,551.4,4.3,mb,us
2005-11-08,02:56:18,-176.56,-24.3,34.2,4.8,mwc,hrv
2005-11-08,05:18:37,-179.81,-26.15,463.2,4.3,mb,us
2005-11-08,07:32:44,-178.86,-17.68,496.5,4.0,mb,us
2005-11-08,14:26:17,-178.66,-20.91,600.0,3.9,mb,us
2005-11-08,16:59:58,-175.45,-18.72,153.6,4.6,mb,us
2005-11-08,21:42:25,-178.75,-17.57,549.8,3.8,mb,us
2005-11-09,00:22:28,-177.97,-30.32,47.9,5.1,mwc,hrv
2005-11-09,08:00:28,-173.64,-15.27,31.2,5.4,mwb,us
2005-11-09,11:13:28,-177.56,-19.95,545.6,5.2,mb,us
2005-11-10,06:01:33,-177.47,-19.65,544.2,3.9,mb,us
2005-11-10,15:57:34,-178.32,-17.92,490.9,4.7,mb,us
2005-11-10,16:14:45,-179.46,-16.75,480.9,3.6,mb,us
2005-11-10,22:04:29,-178.02,-18.02,461.6,4.7,mb,us
2005-11-11,00:55:57,-179.83,-30.0,500.0,4.0,mb,us
2005-11-11,21:57:10,-179.67,-22.15,584.5,4.7,mb,us
2005-11-12,00:12:21,-176.6,-21.82,179.3,4.9,mwc,hrv
2005-11-12,06:16:54,-178.82,-32.16,10.0,5.2,mwc,hrv
2005-11-12,17:03:17,-177.63,-18.76,612.6,4.3,mb,us
2005-11-12,18:23:14,-177.56,-18.2,339.9,4.6,mb,us
2005-11-12,19:17:56,-174.93,-15.16,250.7,5.3,mwc,hrv
2005-11-12,21:14:34,-130.76,-55.9,10.0,4.8,mb,us
2005-11-13,00:20:51,-177.93,-20.64,500.0,3.8,mb,us
2005-11-13,01:11:41,-178.68,-17.97,643.4,3.9,mb,us
2005-11-13,01:50:14,-129.43,-55.17,10.0,4.8,mb,us
2005-11-13,02:34:35,-179.72,-31.44,231.2,5.3,mwc,hrv
2005-11-13,03:39:31,-178.6,-20.55,526.6,4.5,mb,us
2005-11-13,13:46:02,-178.61,-20.84,580.3,4.6,mb,us
2005-11-14,01:24:39,-178.63,-30.6,35.0,4.2,mb,us
2005-11-14,15:47:26,-179.99,-23.48,540.0,4.4,mb,us
2005-11-15,03:34:48,-173.77,-20.37,35.6,5.3,mwc,hrv
2005-11-15,11:16:02,-179.64,-31.2,402.6,4.5,mb,us
2005-11-15,11:59:05,-179.68,-34.35,38.1,4.9,mwc,hrv
2005-11-15,14:34:07,-178.45,-17.94,567.6,4.4,mb,us
2005-11-15,19:30:20,-178.3,-20.79,580.5,4.0,mb,us
2005-11-15,23:29:58,-176.25,-21.97,181.0,4.4,mb,us
2005-11-16,06:30:40,-178.54,-20.8,585.5,4.4,mb,us
2005-11-17,10:02:42,-175.96,-19.47,186.7,4.8,mb,us
2005-11-18,04:18:16,-174.05,-16.5,71.1,4.5,mb,us
2005-11-19,12:17:19,-178.36,-22.15,371.9,4.6,mb,us
2005-11-19,12:27:47,-177.59,-20.06,502.2,4.4,mb,us
2005-11-19,18:09:39,-177.92,-30.02,51.6,5.2,mwc,hrv
2005-11-20,02:25:59,-178.78,-21.02,550.9,4.0,mb,us
2005-11-20,03:56:45,-178.11,-30.21,250.0,4.4,mb,us
2005-11-20,07:03:57,-177.77,-19.93,377.1,4.5,mb,us
2005-11-20,14:11:40,-178.93,-32.85,40.2,4.9,mb,us
2005-11-20,22:31:47,-178.51,-20.7,592.7,4.3,mb,us
2005-11-21,00:40:37,-173.46,-18.18,35.0,4.3,mb,us
2005-11-21,13:56:54,-178.5,-17.96,574.8,4.5,mb,us
2005-11-21,16:58:49,-175.18,-18.01,253.7,4.0,mb,us
2005-11-21,17:54:54,-172.67,-15.52,35.0,4.4,mb,us
2005-11-21,20:17:53,-173.42,-15.35,10.0,5.2,mwc,hrv
2005-11-22,10:39:02,-177.54,-19.93,508.7,4.3,mb,us
2005-11-22,16:40:06,-177.85,-14.86,368.3,4.3,mb,us
2005-11-22,23:22:46,-177.59,-20.05,522.7,4.5,mb,us
2005-11-23,12:29:19,-173.07,-15.3,10.0,4.6,mb,us
2005-11-23,16:17:47,-178.33,-29.55,161.0,4.3,mb,us
2005-11-23,19:57:28,-177.61,-18.81,554.0,4.7,mb,us
2005-11-23,20:56:31,-179.21,-21.66,572.0,4.3,mb,us
2005-11-24,10:46:38,-176.31,-24.27,35.0,5.6,mwc,hrv
2005-11-24,11:03:44,-176.54,-23.77,85.4,4.7,mb,us
2005-11-24,20:58:31,-174.3,-18.22,8.7,4.8,mb,us
2005-11-24,23:01:23,-177.86,-20.25,536.7,4.8,mb,us
2005-11-25,02:20:31,-178.69,-20.43,571.5,3.8,mb,us
2005-11-25,05:48:52,-179.24,-32.65,45.6,5.1,mwc,hrv
2005-11-25,09:30:00,-177.83,-25.81,172.9,5.5,mwc,hrv
2005-11-25,10:08:18,-176.89,-28.25,72.2,4.4,mb,us
2005-11-25,10:37:39,-179.95,-23.57,529.1,4.7,mb,us
2005-11-25,14:35:06,-179.92,-23.93,505.0,4.7,mb,us
2005-11-26,02:45:55,-178.75,-30.1,150.0,4.0,mb,us
2005-11-26,08:52:12,-179.42,-21.49,685.6,4.3,mb,us
2005-11-26,09:21:25,-175.66,-28.73,2.8,4.3,mb,us
2005-11-26,09:47:11,-178.8,-17.57,524.0,4.2,mb,us
2005-11-26,13:52:08,-179.75,-23.51,550.0,0.0,,us
2005-11-26,15:30:04,-177.81,-17.36,360.3,3.8,mb,us
2005-11-26,17:38:39,-173.44,-17.96,10.0,4.2,mb,us
2005-11-26,18:36:13,-175.16,-17.13,20.0,4.4,mb,us
2005-11-27,14:22:54,-179.96,-23.53,514.6,5.1,mwc,hrv
2005-11-28,01:30:52,-178.52,-17.74,577.6,4.3,mb,us
2005-11-28,12:40:33,-172.52,-15.04,35.0,5.3,mwc,hrv
2005-11-28,13:09:39,-178.81,-20.26,608.9,4.4,mb,us
2005-11-29,11:34:44,-178.48,-17.77,506.8,3.8,mb,us
2005-11-29,21:06:20,-174.75,-17.37,160.6,0.0,,us
2005-11-30,01:37:30,-178.44,-17.96,566.1,4.8,mb,us
2005-11-30,09:41:14,-175.26,-15.49,10.0,4.8,mb,us
2005-11-30,11:11:52,-173.54,-17.31,10.0,4.6,mb,us
2005-11-30,23:08:56,-175.3,-15.5,7.8,4.6,mb,us
2005-12-01,03:08:40,-179.1,-21.02,644.7,5.5,mwc,hrv
2005-12-01,13:45:55,-177.45,-19.02,562.7,4.7,mb,us
2005-12-02,06:17:08,-177.53,-18.76,565.7,4.4,mb,us
2005-12-02,11:01:15,-178.4,-17.42,536.9,3.8,mb,us
2005-12-02,11:41:52,-179.32,-34.94,173.0,4.1,m,wel
2005-12-03,03:34:20,-178.35,-17.67,562.0,4.2,mb,us
2005-12-03,05:51:59,-173.49,-16.29,42.6,4.6,mb,us
2005-12-03,06:40:56,-177.98,-18.03,577.6,4.8,mb,us
2005-12-03,09:45:26,-177.88,-30.84,23.1,4.6,mb,us
2005-12-03,10:57:58,-178.48,-17.84,590.2,4.3,mb,us
2005-12-03,19:08:38,-177.69,-20.09,467.2,4.3,mb,us
2005-12-04,02:49:24,-176.17,-23.43,31.8,5.4,mwc,hrv
2005-12-04,04:32:52,-178.59,-33.69,35.0,4.9,mwc,hrv
2005-12-04,09:54:24,-177.68,-20.25,499.6,3.5,mb,us
2005-12-04,15:25:58,-178.86,-20.52,585.7,4.1,mb,us
2005-12-04,23:23:25,-178.96,-21.54,533.1,3.8,mb,us
2005-12-05,01:22:31,-175.3,-19.89,108.9,4.6,mb,us
2005-12-05,02:26:53,-179.74,-23.18,574.8,4.5,mb,us
2005-12-05,05:04:02,-178.2,-20.28,570.9,4.6,mb,us
2005-12-06,06:39:23,-179.57,-22.21,563.6,4.5,mb,us
2005-12-06,08:47:18,-177.92,-18.74,583.2,4.6,mb,us
2005-12-07,04:51:53,-178.91,-17.34,531.8,4.2,mb,us
2005-12-07,15:06:02,-178.93,-17.45,515.7,4.1,mb,us
2005-12-07,17:11:11,-176.5,-25.27,15.0,4.5,mb,us
2005-12-07,19:34:19,-176.99,-17.13,29.4,5.4,mwc,hrv
2005-12-07,23:32:52,-177.64,-30.01,21.0,6.4,mwc,hrv
2005-12-07,23:39:46,-177.15,-29.91,10.0,5.0,mb,us
2005-12-07,23:40:48,-177.08,-29.61,29.3,4.9,mb,us
2005-12-07,23:41:15,-176.86,-29.83,10.0,5.1,mb,us
2005-12-08,00:23:08,-177.04,-29.84,10.0,4.6,mb,us
2005-12-08,00:25:27,-176.99,-29.98,10.0,0.0,,us
2005-12-08,00:55:03,-177.23,-30.04,10.0,4.6,mb,us
2005-12-08,02:01:41,-177.36,-29.95,10.0,4.9,mb,us
2005-12-08,05:00:15,-177.38,-30.02,22.5,4.9,mwc,hrv
2005-12-08,05:32:08,-177.72,-30.14,10.0,5.4,mwc,hrv
2005-12-08,09:13:28,-177.71,-18.43,565.6,4.8,mb,us
2005-12-08,13:51:36,-177.24,-30.17,10.0,4.7,mb,us
2005-12-08,17:12:23,-178.58,-17.55,494.3,4.6,mb,us
2005-12-08,20:41:41,-173.19,-17.55,10.0,4.8,mwc,hrv
2005-12-09,03:47:46,-177.82,-30.2,55.0,4.7,mb,us
2005-12-09,14:59:23,-178.02,-20.36,522.5,4.1,mb,us
2005-12-09,16:31:05,-176.89,-24.35,113.2,4.7,mb,us
2005-12-09,17:40:57,-178.48,-17.84,527.4,4.5,mb,us
2005-12-09,18:42:34,-178.21,-20.34,531.2,3.3,mb,us
2005-12-09,19:18:32,-177.42,-28.47,35.0,4.1,mb,us
2005-12-10,12:29:24,-178.68,-17.58,550.8,4.5,mb,us
2005-12-10,12:41:40,-178.59,-17.98,608.5,4.4,mb,us
2005-12-10,22:03:18,-177.54,-16.39,10.0,4.6,mb,us
2005-12-11,07:58:43,-177.88,-22.54,274.5,4.8,mb,us
2005-12-11,09:32:45,-177.66,-19.56,570.4,4.1,mb,us
2005-12-11,17:19:37,-178.81,-17.27,542.8,4.4,mb,us
2005-12-11,20:26:41,-177.09,-30.02,35.9,5.3,mwc,hrv
2005-12-11,20:40:19,-179.71,-32.73,84.1,4.5,mb,us
2005-12-12,04:50:48,-176.47,-22.17,139.7,5.3,mwc,hrv
2005-12-12,20:28:44,-177.48,-28.37,35.0,4.6,mb,us
2005-12-13,03:16:06,-178.57,-15.26,10.0,6.7,mwb,us
2005-12-13,07:32:31,-178.41,-15.33,10.0,5.2,mwc,hrv
2005-12-13,08:43:58,-179.59,-22.27,550.0,4.7,mb,us
2005-12-13,18:20:51,-128.66,-55.2,10.0,4.8,mb,us
2005-12-13,20:03:03,-178.66,-17.78,542.6,4.7,mb,us
2005-12-14,04:32:09,-178.22,-20.06,664.4,4.3,mb,us
2005-12-14,07:10:13,-177.78,-30.15,51.5,4.9,mb,us
2005-12-14,10:38:23,-177.57,-19.48,543.7,4.7,mb,us
2005-12-14,20:30:17,-177.91,-18.43,550.5,4.6,mb,us
2005-12-15,09:06:50,-179.9,-34.71,357.4,4.3,mb,us
2005-12-15,11:07:33,-179.42,-35.14,10.0,4.6,mb,us
2005-12-15,15:28:09,-173.23,-15.08,10.0,4.0,mb,us
2005-12-15,18:00:57,-175.72,-22.37,32.8,4.7,mb,us
2005-12-15,20:08:37,-179.25,-24.09,489.6,4.5,mb,us
2005-12-16,00:55:01,-173.41,-15.23,10.0,4.2,mb,us
2005-12-16,01:06:14,-179.62,-22.4,588.9,3.7,mb,us
2005-12-16,03:58:45,-173.6,-15.04,10.0,4.4,mb,us
2005-12-16,08:54:16,-176.66,-17.32,20.0,4.5,mb,us
2005-12-16,13:51:14,-176.13,-16.02,357.5,4.0,mb,us
2005-12-16,14:33:34,-176.72,-17.63,20.0,5.2,mwc,hrv
2005-12-16,14:39:56,-174.34,-20.66,15.0,4.6,mb,us
2005-12-16,15:48:21,-176.7,-17.43,35.0,4.4,mb,us
2005-12-16,16:07:52,-177.02,-17.4,80.7,4.7,mb,us
2005-12-16,17:19:48,-176.56,-17.45,20.0,4.6,mb,us
2005-12-16,19:35:45,-179.17,-32.98,10.9,5.3,mwc,hrv
2005-12-16,20:25:27,-178.59,-25.91,350.0,3.9,mb,us
2005-12-17,06:31:43,-178.15,-20.36,531.5,4.4,mb,us
2005-12-17,16:26:35,-178.8,-29.93,330.4,0.0,,us
2005-12-18,01:08:03,-173.94,-16.2,95.9,4.8,mb,us
2005-12-18,05:10:14,-174.06,-20.78,10.0,4.9,mb,us
2005-12-18,09:09:54,-174.6,-21.92,30.8,5.1,mwc,hrv
2005-12-18,17:22:34,-175.94,-22.97,30.0,5.0,mwc,hrv
2005-12-19,06:00:49,-178.03,-32.91,35.1,4.8,mb,us
2005-12-19,07:25:33,-177.51,-19.37,515.5,4.2,mb,us
2005-12-19,09:54:29,-177.6,-30.18,35.0,5.1,mb,us
2005-12-19,10:54:27,-179.57,-22.32,590.2,4.5,mb,us
2005-12-19,13:57:09,-173.37,-17.01,10.0,4.6,mb,us
2005-12-19,16:04:46,-173.7,-15.16,10.0,4.9,mwc,hrv
2005-12-19,16:42:47,-177.39,-30.14,35.0,4.9,mb,us
2005-12-19,23:23:51,-176.41,-15.43,35.0,4.5,mb,us
2005-12-20,11:48:39,-174.03,-17.7,20.0,5.0,mwc,hrv
2005-12-20,16:29:21,-177.19,-29.92,36.1,4.6,mb,us
2005-12-21,03:29:54,-177.95,-31.4,10.0,4.4,mb,us
2005-12-21,05:40:18,-179.97,-23.4,523.2,4.3,mb,us
2005-12-21,07:57:18,-177.68,-16.64,10.0,4.5,mb,us
2005-12-21,12:44:28,-177.21,-26.26,10.0,4.3,mb,us
2005-12-21,15:39:00,-179.62,-23.13,573.4,4.5,mb,us
2005-12-21,17:08:42,-179.79,-16.06,465.4,4.5,mb,us
2005-12-22,04:28:24,-135.66,-54.5,10.0,5.5,mwc,hrv
2005-12-22,06:39:26,-135.9,-54.26,10.0,5.2,mwc,hrv
2005-12-22,11:24:53,-177.69,-18.83,601.0,4.4,mb,us
2005-12-22,12:20:03,-135.87,-54.72,10.0,6.3,mwc,hrv
2005-12-23,02:47:30,-129.98,-55.05,10.0,4.8,mb,us
2005-12-23,09:51:16,-179.64,-23.96,400.0,4.0,mb,us
2005-12-23,11:01:14,-178.12,-18.33,441.9,3.9,mb,us
2005-12-23,14:28:40,-179.6,-31.13,355.7,0.0,,us
2005-12-23,18:20:28,-179.31,-22.06,562.6,4.5,mb,us
2005-12-24,01:36:28,-179.39,-21.68,591.5,4.3,mb,us
2005-12-24,10:09:51,-173.65,-15.48,10.0,0.0,,us
2005-12-24,12:30:04,-179.84,-23.6,555.5,4.5,mb,us
2005-12-24,13:00:15,-179.48,-21.88,562.0,4.8,mb,us
2005-12-25,09:35:29,-174.12,-16.14,122.9,4.2,mb,us
2005-12-25,13:50:02,-178.73,-17.37,537.3,4.1,mb,us
2005-12-25,16:11:29,-179.45,-23.74,517.7,4.7,mb,us
2005-12-25,23:39:12,-172.69,-15.8,10.0,4.9,mb,us
2005-12-26,22:50:02,-179.47,-31.02,25.0,4.5,mb,us
2005-12-27,09:00:23,-178.76,-31.67,48.8,4.8,mb,us
2005-12-27,09:26:49,-178.68,-31.64,43.9,4.4,mb,us
2005-12-27,20:22:31,-179.88,-24.37,556.9,4.4,mb,us
2005-12-28,10:46:34,-177.58,-20.36,486.4,4.9,mb,us
2005-12-28,11:58:40,-178.37,-30.7,98.6,4.7,mb,us
2005-12-28,19:59:31,-179.04,-30.39,358.4,3.6,mb,us
2005-12-29,05:10:08,-173.99,-15.82,51.3,4.4,mb,us
2005-12-29,07:00:05,-179.53,-24.13,556.4,3.9,mb,us
2005-12-30,00:47:13,-178.26,-20.21,598.4,4.6,mb,us
2005-12-30,04:39:57,-179.69,-22.23,610.9,4.1,mb,us
2005-12-30,08:43:59,-175.22,-23.09,35.0,4.6,mb,us
2005-12-30,18:05:57,-177.45,-28.69,96.3,4.4,mb,us
2005-12-31,03:19:37,-177.12,-27.6,39.0,4.5,mb,us
2005-12-31,07:02:13,-177.2,-15.1,363.6,0.0,,us
2005-12-31,08:09:34,-178.66,-20.66,703.4,4.4,mb,us
2005-12-31,09:29:27,-176.43,-27.18,35.0,5.2,mwc,hrv
2005-12-31,10:06:25,-175.3,-17.91,238.9,4.1,mb,us
2005-12-31,11:39:25,-176.26,-27.07,10.0,4.6,mb,us
2005-12-31,18:24:36,-178.36,-20.38,552.8,4.2,mb,us
2005-12-31,18:28:54,-178.43,-20.33,558.4,4.6,mb,us
2006-01-01,10:18:35,-178.72,-21.05,516.7,3.9,mb,us
2006-01-01,10:26:30,-173.5,-19.13,44.2,4.9,mb,us
2006-01-01,13:59:22,-173.68,-21.61,10.0,3.9,mb,us
2006-01-01,16:25:10,-179.56,-31.88,193.0,4.0,mb,us
2006-01-01,17:38:59,-179.26,-14.81,382.9,3.7,mb,us
2006-01-01,20:43:37,-178.56,-30.62,111.8,4.5,mb,us
2006-01-02,04:06:06,-178.88,-20.75,620.3,5.4,mwc,hrv
2006-01-02,08:32:04,-178.63,-17.78,548.5,4.2,mb,us
2006-01-02,13:48:47,-174.55,-21.53,35.0,4.4,mb,us
2006-01-02,14:50:16,-177.9,-27.62,197.5,4.1,mb,us
2006-01-02,20:05:19,-174.29,-17.02,96.7,4.5,mb,us
2006-01-02,22:13:40,-178.18,-19.93,582.9,7.2,mwc,hrv
2006-01-02,22:23:42,-178.33,-19.94,678.3,5.3,mb,us
2006-01-02,22:29:47,-178.09,-19.91,610.9,4.7,mb,us
2006-01-02,22:32:17,-177.88,-20.12,700.5,4.6,mb,us
2006-01-02,22:32:50,-177.84,-19.99,557.0,4.4,mb,us
2006-01-02,22:35:25,-177.9,-19.89,588.1,4.4,mb,us
2006-01-02,22:36:47,-178.32,-19.78,629.7,4.4,mb,us
2006-01-02,22:39:04,-178.31,-20.12,676.5,4.2,mb,us
2006-01-02,22:40:11,-177.92,-19.4,676.1,4.3,mb,us
2006-01-02,22:43:19,-177.87,-19.9,581.9,3.9,mb,us
2006-01-02,23:06:43,-177.76,-19.8,576.2,4.0,mb,us
2006-01-02,23:47:41,-177.78,-19.61,530.1,4.7,mb,us
2006-01-02,23:49:02,-178.76,-17.41,459.6,4.5,mb,us
2006-01-02,23:50:59,-177.96,-19.74,572.0,4.1,mb,us
2006-01-02,23:55:10,-178.2,-19.93,616.6,4.6,mb,us
2006-01-03,00:40:49,-178.03,-19.82,586.8,5.2,mb,us
2006-01-03,04:25:28,-178.08,-19.92,594.1,5.0,mb,us
2006-01-03,08:28:28,-178.05,-19.82,580.4,4.5,mb,us
2006-01-03,09:03:03,-177.94,-20.29,582.8,4.7,mb,us
2006-01-03,13:11:23,-177.49,-19.75,600.0,4.1,mb,us
2006-01-03,14:12:48,-175.8,-22.57,35.0,4.2,mb,us
2006-01-03,14:28:09,-177.83,-19.77,543.9,4.6,mb,us
2006-01-03,16:15:44,-174.56,-19.34,191.7,4.2,mb,us
2006-01-03,22:39:21,-177.67,-19.92,572.3,4.4,mb,us
2006-01-03,22:59:01,-177.12,-21.57,203.5,3.7,mb,us
2006-01-04,02:29:02,-177.85,-18.33,470.4,4.2,mb,us
2006-01-04,02:58:15,-180.0,-24.89,505.9,3.9,mb,us
2006-01-04,04:16:36,-176.51,-21.84,566.1,3.9,mb,us
2006-01-04,11:23:54,-177.72,-19.78,554.5,4.3,mb,us
2006-01-04,12:13:32,-177.86,-19.96,592.4,4.5,mb,us
2006-01-04,18:09:34,-177.9,-19.64,564.4,4.4,mb,us
2006-01-05,04:33:54,-177.5,-28.86,57.0,4.6,mb,us
2006-01-05,05:19:10,-177.88,-18.54,606.2,4.1,mb,us
2006-01-05,07:59:57,-178.44,-17.96,571.2,4.1,mb,us
2006-01-05,22:58:14,-178.04,-18.2,599.0,4.4,mb,us
2006-01-06,11:27:42,-178.65,-20.7,608.2,4.3,mb,us
2006-01-06,13:07:20,-178.35,-20.02,570.0,4.7,mb,us
2006-01-06,17:26:42,-179.34,-32.35,10.0,4.3,mb,us
2006-01-06,23:16:55,-176.04,-27.23,18.8,4.5,mb,us
2006-01-07,00:13:55,-176.58,-27.23,47.6,4.6,mb,us
2006-01-07,05:03:46,-178.11,-28.46,156.1,3.7,mb,us
2006-01-07,07:43:38,-176.48,-27.76,89.5,4.2,mb,us
2006-01-07,10:03:19,-177.63,-18.9,561.4,4.6,mb,us
2006-01-07,12:54:48,-177.18,-27.38,80.4,4.3,mb,us
2006-01-07,16:37:13,-177.93,-19.84,574.3,4.2,mb,us
2006-01-08,18:52:51,-178.42,-31.89,43.4,0.0,,us
2006-01-08,20:10:47,-177.38,-15.78,403.8,4.1,mb,us
2006-01-08,23:02:17,-178.85,-17.69,516.2,4.6,mb,us
2006-01-09,01:57:14,-177.42,-24.72,128.7,4.5,mb,us
2006-01-09,02:25:44,-176.74,-15.08,300.0,3.2,mb,us
2006-01-09,20:24:59,-174.89,-17.1,191.4,4.3,mb,us
2006-01-09,22:39:44,-173.3,-16.3,15.0,4.9,mb,us
2006-01-10,07:10:58,-173.81,-18.15,40.1,4.9,mb,us
2006-01-11,00:15:54,-178.87,-29.94,314.1,4.3,mb,us
2006-01-11,01:41:47,-178.03,-18.76,365.2,4.1,mb,us
2006-01-11,03:07:18,-178.69,-21.13,502.4,4.3,mb,us
2006-01-11,19:23:28,-178.23,-20.43,521.0,4.8,mb,us
2006-01-11,22:01:18,-178.95,-17.0,517.4,4.2,mb,us
2006-01-12,06:25:51,-178.0,-20.51,581.8,4.5,mb,us
2006-01-12,08:56:57,-176.94,-21.66,348.9,4.0,mb,us
2006-01-12,14:31:51,-177.55,-19.59,552.3,4.5,mb,us
2006-01-12,23:12:29,-176.31,-19.34,210.3,4.5,mb,us
2006-01-13,01:29:26,-177.41,-17.89,35.0,4.6,mb,us
2006-01-13,03:34:22,-178.61,-20.59,598.1,4.4,mb,us
2006-01-13,05:20:04,-177.66,-30.55,29.9,4.3,mb,us
2006-01-13,08:38:15,-179.54,-22.15,585.1,4.3,mb,us
2006-01-13,09:17:57,-173.22,-17.76,10.0,5.4,mwc,hrv
2006-01-13,12:46:13,-172.82,-16.57,43.6,5.4,mwc,hrv
2006-01-13,14:25:10,-177.64,-20.23,565.5,4.3,mb,us
2006-01-13,16:27:32,-177.84,-18.76,505.0,4.9,mb,us
2006-01-13,17:19:45,-139.74,-58.24,10.0,4.9,mwc,hrv
2006-01-14,08:40:37,-178.15,-18.05,619.1,4.1,mb,us
2006-01-14,13:24:20,-175.96,-18.2,50.0,0.0,,us
2006-01-15,03:04:39,-179.58,-23.94,464.6,4.8,mb,us
2006-01-15,09:47:35,-177.53,-30.43,11.5,4.8,mb,us
2006-01-15,19:00:12,-179.36,-35.96,88.7,4.5,mb,us
2006-01-15,20:21:28,-178.67,-33.57,37.7,4.8,mb,us
2006-01-16,00:42:37,-173.42,-15.39,10.0,5.2,mb,us
2006-01-16,21:28:43,-179.4,-24.75,508.8,4.8,mb,us
2006-01-17,05:19:43,-177.28,-19.77,552.6,4.6,mb,us
2006-01-17,10:49:55,-178.94,-32.96,38.0,4.6,mb,us
2006-01-17,15:19:59,-177.68,-20.19,481.3,4.4,mb,us
2006-01-17,20:15:58,-179.74,-23.74,482.9,4.5,mb,us
2006-01-17,23:30:31,-177.51,-20.95,504.0,4.1,mb,us
2006-01-18,03:30:08,-177.74,-30.76,35.0,4.3,mb,us
2006-01-18,04:29:22,-178.82,-17.64,533.4,3.7,mb,us
2006-01-18,05:43:52,-177.41,-29.82,38.5,4.5,mb,us
2006-01-18,10:49:33,-179.96,-23.62,528.9,4.6,mb,us
2006-01-18,13:45:09,-175.94,-19.42,236.8,5.0,mwc,hrv
2006-01-19,01:16:17,-179.29,-22.36,554.7,4.3,mb,us
2006-01-19,01:25:50,-173.59,-18.82,35.0,4.8,mb,us
2006-01-19,05:37:36,-173.88,-16.04,89.9,5.2,mwc,hrv
2006-01-19,18:38:36,-175.06,-15.21,301.2,4.1,mb,us
2006-01-20,09:37:52,-176.63,-22.46,116.5,4.7,mb,us
2006-01-20,12:01:43,-175.16,-15.88,302.3,4.4,mb,us
2006-01-20,17:41:01,-177.76,-20.33,510.6,4.6,mb,us
2006-01-20,19:21:20,-177.97,-17.9,571.1,4.5,mb,us
2006-01-21,17:06:51,-173.56,-14.94,35.0,4.4,mb,us
2006-01-21,20:30:56,-177.01,-19.62,500.0,3.8,mb,us
2006-01-21,23:02:21,-177.77,-31.43,49.3,4.5,mb,us
2006-01-22,00:32:16,-173.45,-15.45,10.0,4.4,mb,us
2006-01-22,02:22:19,-178.1,-20.17,503.4,0.0,,us
2006-01-22,11:37:24,-178.05,-23.02,245.1,5.2,mwc,hrv
2006-01-22,13:30:10,-179.45,-23.44,489.9,4.3,mb,us
2006-01-22,17:02:43,-177.18,-23.41,140.5,4.0,mb,us
2006-01-22,18:15:23,-174.08,-18.7,15.0,4.7,mb,us
2006-01-23,05:01:01,-178.46,-29.88,125.0,4.5,mb,us
2006-01-23,16:05:51,-172.47,-17.4,48.5,4.4,mb,us
2006-01-24,04:27:08,-135.75,-54.16,10.0,5.5,mwc,hrv
2006-01-24,04:47:42,-177.18,-28.55,35.0,4.8,mb,us
2006-01-24,09:30:20,-178.48,-15.7,10.0,4.6,mb,us
2006-01-24,10:30:23,-179.66,-23.46,499.2,4.6,mb,us
2006-01-24,10:44:35,-176.31,-21.98,50.1,0.0,,us
2006-01-24,13:17:42,-177.77,-23.53,195.0,4.8,mb,us
2006-01-24,23:38:47,-177.42,-14.39,10.0,4.8,mb,us
2006-01-25,05:25:30,-141.62,-56.84,10.0,4.7,mb,us
2006-01-25,09:27:07,-179.9,-22.72,650.0,4.2,mb,us
2006-01-25,10:07:09,-179.44,-22.46,554.2,4.4,mb,us
2006-01-25,11:35:42,-178.36,-20.89,545.2,4.3,mb,us
2006-01-25,15:35:09,-178.52,-17.95,582.9,3.8,mb,us
2006-01-25,16:40:41,-174.96,-18.08,228.7,4.2,mb,us
2006-01-25,21:55:16,-174.62,-21.7,10.0,4.9,mwc,hrv
2006-01-25,23:45:33,-172.68,-16.5,35.0,4.6,mb,us
2006-01-26,01:16:16,-177.79,-30.69,10.0,5.6,mwc,hrv
2006-01-26,01:42:37,-174.19,-19.08,91.1,4.7,mb,us
2006-01-26,06:32:17,-177.91,-30.44,43.0,5.0,mwc,hrv
2006-01-26,11:35:48,-179.79,-23.52,500.2,4.5,mb,us
2006-01-26,14:04:39,-174.9,-15.52,268.4,4.5,mb,us
2006-01-26,19:15:36,-173.81,-15.99,85.9,4.0,mb,us
2006-01-26,20:43:44,-175.0,-16.04,267.5,3.9,mb,us
2006-01-27,00:33:22,-178.04,-19.75,464.3,4.5,mb,us
2006-01-27,05:34:30,-179.4,-18.9,662.4,4.4,mb,us
2006-01-27,07:37:33,-177.48,-23.78,230.2,4.7,mb,us
2006-01-27,19:32:22,-176.65,-22.1,248.4,4.1,mb,us
2006-01-27,22:32:07,-179.7,-23.59,531.9,4.5,mb,us
2006-01-27,22:34:47,-177.39,-23.29,35.0,5.0,mb,us
2006-01-27,23:58:54,-179.86,-25.66,477.1,4.3,mb,us
2006-01-28,23:21:59,-177.5,-30.38,28.9,4.8,mb,us
2006-01-29,02:43:24,-179.8,-31.25,340.6,0.0,,us
2006-01-29,04:28:40,-173.6,-16.98,44.5,4.4,mb,us
2006-01-29,08:26:26,-177.24,-23.72,48.0,5.1,mwc,hrv
2006-01-29,09:18:17,-177.53,-17.81,248.6,4.5,mb,us
2006-01-29,11:44:21,-177.42,-16.82,393.9,5.2,mwc,hrv
2006-01-29,14:15:43,-178.29,-17.97,584.4,4.4,mb,us
2006-01-30,02:10:32,-178.61,-31.92,10.0,4.9,mb,us
2006-01-30,04:24:06,-172.85,-15.79,35.0,4.6,mb,us
2006-01-30,21:21:32,-179.68,-22.59,572.2,4.2,mb,us
2006-01-30,21:52:39,-178.23,-20.35,545.8,4.6,mb,us
2006-01-31,02:34:58,-177.74,-30.54,10.0,4.7,mb,us
2006-02-01,03:31:26,-177.79,-21.47,432.2,4.2,mb,us
2006-02-01,16:43:37,-177.27,-18.61,473.0,3.7,mb,us
2006-02-01,18:28:49,-179.65,-22.19,599.5,5.4,mwc,hrv
2006-02-02,04:26:45,-177.58,-19.93,564.5,4.2,mb,us
2006-02-02,12:48:43,-178.39,-17.75,597.5,6.7,mwb,us
2006-02-02,18:50:33,-178.26,-17.87,577.8,4.4,mb,us
2006-02-03,05:51:18,-178.08,-20.42,604.0,4.1,mb,us
2006-02-03,12:02:47,-172.87,-15.8,10.0,4.5,mb,us
2006-02-03,14:20:50,-178.61,-17.91,573.3,5.4,mwc,hrv
2006-02-03,16:00:12,-173.75,-16.36,82.4,5.6,mwc,hrv
2006-02-03,17:54:59,-179.71,-24.61,525.0,4.3,mb,us
2006-02-03,23:15:49,-172.78,-15.57,35.0,0.0,,us
2006-02-04,01:12:38,-179.64,-24.52,350.0,4.0,mb,us
2006-02-04,02:38:56,-176.54,-23.15,100.0,4.4,mb,us
2006-02-04,05:27:16,-177.9,-18.2,575.8,4.3,mb,us
2006-02-04,07:41:35,-178.81,-18.16,546.2,4.2,mb,us
2006-02-04,15:35:50,-177.68,-30.29,10.0,5.1,mb,us
2006-02-05,01:09:35,-178.51,-17.84,554.9,4.1,mb,us
2006-02-05,12:04:22,-173.22,-17.88,10.0,4.7,mb,us
2006-02-05,18:26:23,-177.78,-29.95,29.6,4.9,mb,us
2006-02-06,11:34:56,-177.41,-14.72,10.0,5.3,mwc,hrv
2006-02-06,12:48:59,-177.48,-30.63,11.3,4.5,mb,us
2006-02-06,23:09:16,-177.25,-29.88,35.0,4.6,mb,us
2006-02-07,16:13:09,-173.51,-17.96,10.0,4.6,mb,us
2006-02-07,21:02:30,-173.63,-16.85,47.9,5.2,mwc,hrv
2006-02-09,05:41:11,-174.82,-21.48,19.8,4.7,mb,us
2006-02-09,09:25:24,-179.95,-31.7,414.3,4.2,mb,us
2006-02-09,11:29:13,-141.26,-57.21,10.0,5.5,mwc,hrv
2006-02-10,02:43:29,-179.59,-23.41,650.0,4.0,mb,us
2006-02-11,06:42:54,-174.25,-16.6,120.0,4.1,mb,us
2006-02-11,08:19:18,-178.19,-17.81,550.0,4.1,mb,us
2006-02-11,12:15:14,-175.33,-22.85,35.0,4.6,mb,us
2006-02-11,14:50:24,-178.17,-20.76,559.0,4.4,mb,us
2006-02-11,21:27:47,-178.19,-32.77,35.0,4.2,mb,us
2006-02-12,03:45:20,-178.63,-17.7,527.7,4.4,mb,us
2006-02-12,15:28:41,-178.67,-17.79,500.0,3.4,mb,us
2006-02-12,23:52:57,-173.27,-15.35,10.0,4.7,mb,us
2006-02-13,03:23:36,-158.19,-62.21,10.0,5.4,mwc,hrv
2006-02-13,07:00:43,-179.54,-22.45,615.3,4.4,mb,us
2006-02-13,10:26:55,-174.51,-21.73,67.0,4.6,mb,us
2006-02-13,12:34:27,-178.8,-34.11,50.0,4.4,mb,us
2006-02-13,14:31:36,-177.44,-19.28,566.3,4.2,mb,us
2006-02-13,15:04:23,-158.19,-62.36,10.0,4.4,mb,us
2006-02-13,16:07:41,-178.63,-17.74,511.6,4.2,mb,us
2006-02-14,01:17:22,-178.87,-33.7,35.0,4.9,mwc,hrv
2006-02-14,05:26:50,-173.61,-22.88,40.6,4.9,mb,us
2006-02-14,10:19:52,-177.71,-20.2,482.2,4.4,mb,us
2006-02-14,19:32:08,-177.62,-23.84,112.8,5.0,mwc,hrv
2006-02-14,22:55:41,-173.39,-15.53,10.0,4.5,mb,us
2006-02-15,02:02:06,-178.12,-20.64,600.0,4.3,mb,us
2006-02-15,04:47:57,-178.34,-17.84,550.0,3.7,mb,us
2006-02-15,04:53:52,-176.24,-22.71,61.8,4.8,mb,us
2006-02-15,16:37:28,-173.27,-15.23,10.0,0.0,,us
2006-02-15,21:16:42,-178.64,-17.8,554.4,4.1,mb,us
2006-02-15,22:26:19,-174.98,-18.59,91.9,4.8,mb,us
2006-02-16,01:02:47,-178.61,-32.31,67.5,4.2,mb,us
2006-02-16,01:32:48,-179.07,-19.98,10.0,4.5,mb,us
2006-02-16,08:16:52,-174.24,-16.45,108.0,4.0,mb,us
2006-02-16,11:09:30,-172.89,-16.05,24.5,4.8,mb,us
2006-02-16,12:31:01,-179.61,-36.07,33.0,4.0,ml,wel
2006-02-16,14:54:39,-173.02,-15.98,10.0,5.8,mwb,us
2006-02-16,17:42:29,-179.48,-21.95,500.0,4.2,mb,us
2006-02-16,18:41:12,-178.39,-15.72,425.9,4.6,mb,us
2006-02-16,22:23:52,-176.83,-17.16,20.0,4.0,mb,us
2006-02-16,22:53:18,-178.08,-19.82,535.5,4.8,mb,us
2006-02-17,03:56:30,-176.76,-31.34,10.0,4.3,mb,us
2006-02-17,05:21:44,-173.08,-15.79,10.0,4.4,mb,us
2006-02-17,07:50:22,-179.44,-33.7,10.0,4.8,mb,us
2006-02-17,10:01:59,-175.41,-21.6,15.0,4.6,mb,us
2006-02-17,11:05:20,-179.88,-24.06,491.3,4.3,mb,us
2006-02-17,14:15:28,-178.52,-17.83,539.3,4.0,mb,us
2006-02-17,15:12:23,-177.82,-31.62,8.3,4.9,mb,us
2006-02-17,15:50:38,-178.36,-18.15,582.8,4.2,mb,us
2006-02-17,23:16:42,-174.21,-16.01,150.0,3.9,mb,us
2006-02-18,09:27:16,-172.83,-15.37,10.0,0.0,,us
2006-02-18,18:33:34,-179.25,-21.24,588.5,4.5,mb,us
2006-02-19,00:23:18,-178.07,-30.55,30.0,4.2,mb,us
2006-02-19,02:03:43,-177.11,-24.64,150.0,4.3,mb,us
2006-02-19,02:48:27,-179.32,-22.94,450.0,4.0,mb,us
2006-02-19,12:06:10,-178.35,-33.02,35.0,4.3,mb,us
2006-02-19,12:19:43,-179.07,-17.54,522.5,4.2,mb,us
2006-02-19,12:34:38,-174.63,-18.0,71.8,4.4,mb,us
2006-02-19,16:52:34,-178.53,-20.33,582.5,4.1,mb,us
2006-02-19,18:55:14,-178.31,-33.1,23.4,4.8,mwc,hrv
2006-02-20,02:44:38,-178.47,-32.3,30.0,5.0,mb,us
2006-02-20,07:55:35,-179.02,-31.68,143.4,4.8,mb,us
2006-02-20,11:05:31,-173.66,-18.81,82.2,4.9,mb,us
2006-02-20,12:01:29,-177.42,-16.73,10.0,4.8,mb,us
2006-02-20,18:27:30,-178.36,-32.65,10.0,4.8,mwc,hrv
2006-02-20,18:43:44,-178.68,-20.82,530.5,4.2,mb,us
2006-02-21,02:50:31,-179.73,-36.17,35.0,4.8,mb,us
2006-02-21,17:51:50,-177.74,-19.51,560.0,4.2,mb,us
2006-02-21,21:43:56,-179.58,-22.47,571.3,4.6,mb,us
2006-02-22,01:53:12,-177.97,-20.35,551.1,4.4,mb,us
2006-02-22,08:16:17,-179.63,-23.58,534.1,5.1,mb,us
2006-02-22,08:25:50,-175.09,-16.99,242.3,4.1,mb,us
2006-02-22,15:44:54,-178.36,-20.56,600.0,4.1,mb,us
2006-02-24,00:16:56,-177.86,-30.28,107.2,4.1,mb,us
2006-02-24,02:10:55,-178.79,-26.69,401.0,4.2,mb,us
2006-02-24,02:51:22,-179.14,-29.76,348.3,4.2,mb,us
2006-02-24,07:16:03,-173.31,-17.65,10.0,4.4,mb,us
2006-02-24,10:52:10,-178.75,-34.86,10.0,4.6,mb,us
2006-02-24,10:53:45,-173.19,-15.82,10.0,4.4,mb,us
2006-02-24,14:15:45,-179.59,-18.0,622.4,6.1,mwc,hrv
2006-02-24,14:32:46,-179.25,-18.02,619.7,4.4,mb,us
2006-02-24,15:16:24,-177.91,-31.83,54.0,4.8,mb,us
2006-02-24,15:25:53,-179.42,-18.05,600.0,3.9,mb,us
2006-02-24,15:43:26,-179.57,-17.86,600.0,4.0,mb,us
2006-02-24,15:53:22,-179.77,-35.74,97.6,4.6,mb,us
2006-02-24,16:14:17,-179.43,-17.94,606.3,4.5,mb,us
2006-02-24,18:39:09,-179.5,-17.77,604.6,4.1,mb,us
2006-02-24,18:57:14,-179.11,-34.42,30.0,4.0,mb,us
2006-02-24,19:44:16,-175.49,-22.92,25.0,4.8,mb,us
2006-02-25,09:40:31,-177.05,-30.12,10.0,4.6,mb,us
2006-02-25,14:13:27,-177.97,-21.32,494.9,4.3,mb,us
2006-02-25,17:23:19,-175.17,-17.58,229.8,4.6,mb,us
2006-02-25,21:10:07,-177.74,-19.01,550.0,4.3,mb,us
2006-02-25,21:39:57,-175.72,-19.01,150.0,5.2,mb,us
2006-02-25,23:51:54,-179.55,-36.11,45.0,4.1,mb,us
2006-02-26,00:38:44,-178.78,-18.25,200.0,4.4,mb,us
2006-02-26,03:08:28,-179.99,-23.61,535.2,6.4,mwb,us
2006-02-26,04:18:42,-176.24,-15.28,32.5,6.0,mwb,us
2006-02-26,11:56:19,-178.45,-17.89,630.9,4.1,mb,us
2006-02-26,20:04:24,-179.77,-23.32,546.3,5.2,mwc,hrv
2006-02-26,21:13:19,-177.53,-30.46,18.5,4.7,mb,us
2006-02-28,00:27:07,-175.65,-18.65,196.1,4.6,mb,us
2006-02-28,00:32:37,-175.79,-22.71,10.0,5.2,mwc,hrv
2006-02-28,04:59:20,-177.45,-21.82,500.0,4.4,mb,us
2006-02-28,12:17:51,-179.48,-17.93,609.8,4.6,mb,us
2006-02-28,12:45:48,-178.58,-17.44,515.1,4.6,mb,us
2006-03-02,07:47:57,-176.0,-15.49,20.0,5.2,mwc,hrv
2006-03-02,15:24:57,-178.41,-18.02,612.0,5.5,mwc,hrv
2006-03-02,19:03:23,-173.25,-20.57,25.0,4.9,mwc,hrv
2006-03-02,20:46:22,-174.94,-24.47,52.4,4.2,mb,us
2006-03-03,00:52:47,-175.74,-21.55,35.0,4.6,mb,us
2006-03-03,01:54:51,-178.52,-17.89,597.5,4.4,mb,us
2006-03-03,04:04:33,-130.48,-55.06,10.0,4.3,mb,us
2006-03-03,10:52:38,-173.84,-15.7,36.8,4.6,mb,us
2006-03-03,12:54:19,-179.03,-21.1,628.0,4.8,mb,us
2006-03-03,13:25:15,-176.24,-27.54,61.5,5.0,mwc,hrv
2006-03-03,17:12:02,-179.84,-35.01,35.0,4.7,mb,us
2006-03-04,00:12:51,-176.28,-27.28,35.0,4.2,mb,us
2006-03-04,01:12:49,-175.48,-22.62,25.0,4.6,mb,us
2006-03-04,18:19:31,-177.16,-20.87,296.4,4.4,mb,us
2006-03-05,08:07:57,-175.66,-20.12,205.8,6.1,mwc,hrv
2006-03-05,09:22:51,-179.23,-25.51,481.3,4.2,mb,us
2006-03-05,12:24:24,-179.26,-22.24,584.8,3.8,mb,us
2006-03-05,13:43:57,-176.5,-22.06,127.4,4.4,mb,us
2006-03-05,17:12:52,-174.55,-15.61,10.0,5.6,mwb,us
2006-03-06,05:06:36,-178.98,-14.2,350.0,3.7,mb,us
2006-03-06,14:33:58,-179.51,-36.84,33.0,4.2,ml,wel
2006-03-06,15:57:58,-179.31,-36.46,33.0,4.4,ml,wel
2006-03-06,16:05:46,-178.48,-17.98,553.2,4.6,mb,us
2006-03-06,16:19:19,-177.35,-17.21,359.9,4.3,mb,us
2006-03-06,18:39:32,-178.28,-33.09,10.0,4.5,mb,us
2006-03-07,00:21:10,-177.78,-20.77,507.7,4.1,mb,us
2006-03-07,15:14:59,-179.94,-25.14,461.4,4.0,mb,us
2006-03-08,01:19:45,-178.45,-33.45,35.0,4.1,mb,us
2006-03-08,07:44:19,-178.63,-17.78,541.2,3.9,mb,us
2006-03-08,10:49:44,-173.77,-21.41,35.0,4.8,mb,us
2006-03-08,12:28:47,-177.47,-16.61,401.4,4.7,mb,us
2006-03-08,13:38:35,-173.78,-21.63,30.6,4.5,mb,us
2006-03-08,14:51:48,-179.13,-25.47,421.6,4.5,mb,us
2006-03-09,01:23:35,-177.78,-20.33,568.3,4.5,mb,us
2006-03-09,04:25:17,-174.05,-21.54,50.0,4.5,mb,us
2006-03-09,11:53:11,-174.01,-17.2,91.2,4.3,mb,us
2006-03-09,17:26:54,-176.22,-26.83,35.0,4.5,mb,us
2006-03-09,19:50:46,-176.8,-65.02,10.0,4.8,mb,us
2006-03-10,00:29:04,-172.81,-15.94,35.0,4.4,mb,us
2006-03-10,11:02:23,-140.75,-56.93,10.0,4.5,mb,us
2006-03-10,13:16:22,-177.65,-20.18,536.5,4.2,mb,us
2006-03-10,14:15:11,-174.62,-22.42,59.1,4.7,mb,us
2006-03-10,19:15:02,-175.89,-20.06,133.1,4.7,mb,us
2006-03-10,22:42:07,-173.94,-21.89,35.0,0.0,,us
2006-03-11,03:05:26,-179.6,-22.59,571.3,4.7,mb,us
2006-03-11,06:10:54,-178.16,-31.55,100.0,4.7,mb,us
2006-03-11,15:39:24,-173.14,-15.14,10.0,4.7,mb,us
2006-03-12,13:36:46,-177.77,-29.15,10.0,4.4,mb,us
2006-03-12,17:33:47,-177.85,-29.1,10.0,4.8,mb,us
2006-03-12,19:22:15,-176.83,-24.96,15.0,4.5,mb,us
2006-03-12,19:57:45,-174.13,-16.63,74.2,4.6,mb,us
2006-03-12,23:51:24,-177.67,-28.35,10.0,4.7,mb,us
2006-03-13,00:41:39,-177.9,-29.08,8.5,4.1,mb,us
2006-03-13,15:51:25,-177.97,-19.13,580.2,3.9,mb,us
2006-03-13,16:12:56,-177.59,-29.41,10.0,4.1,mb,us
2006-03-13,19:07:01,-179.87,-24.05,530.0,4.4,mb,us
2006-03-13,20:37:41,-179.81,-24.5,502.8,4.4,mb,us
2006-03-13,21:08:05,-177.82,-29.14,10.0,0.0,,us
2006-03-14,05:29:06,-176.68,-17.82,35.0,5.1,mwc,hrv
2006-03-14,20:20:18,-174.02,-17.91,27.5,4.8,mb,us
2006-03-15,08:08:37,-174.45,-20.52,15.0,4.9,mwc,hrv
2006-03-15,12:54:22,-178.59,-21.33,580.6,4.5,mb,us
2006-03-15,14:50:58,-178.31,-31.74,10.0,4.5,mb,us
2006-03-17,10:29:11,-178.25,-19.86,661.6,4.1,mb,us
2006-03-17,19:46:12,-175.73,-15.32,10.0,5.6,mwb,us
2006-03-17,22:21:51,-179.88,-25.33,503.2,4.7,mb,us
2006-03-18,03:12:58,-176.54,-15.93,346.7,4.2,mb,us
2006-03-18,05:11:13,-176.15,-23.2,23.3,4.8,mb,us
2006-03-18,06:03:46,-177.66,-19.01,575.3,4.2,mb,us
2006-03-18,07:43:16,-178.87,-19.62,669.5,4.2,mb,us
2006-03-18,09:11:19,-177.57,-25.76,142.1,4.2,mb,us
2006-03-18,11:20:46,-179.68,-21.85,643.2,4.6,mb,us
2006-03-18,12:04:47,-174.33,-17.15,67.3,4.9,mb,us
2006-03-18,15:11:39,-178.41,-20.63,554.6,4.0,mb,us
2006-03-18,21:46:18,-175.33,-22.85,35.0,4.4,mb,us
2006-03-18,23:43:33,-179.29,-35.3,35.0,4.4,mb,us
2006-03-19,11:30:57,-177.5,-19.84,632.7,4.1,mb,us
2006-03-19,12:52:56,-177.98,-19.67,543.4,4.1,mb,us
2006-03-19,12:54:57,-173.66,-16.73,29.9,5.0,mwc,hrv
2006-03-19,13:32:52,-176.56,-21.37,165.8,4.8,mb,us
2006-03-20,01:56:44,-176.69,-25.27,35.0,4.8,mb,us
2006-03-20,05:49:46,-173.43,-15.3,10.0,4.7,mb,us
2006-03-20,14:00:50,-173.39,-16.42,15.0,0.0,,us
2006-03-20,21:06:56,-179.54,-23.91,493.0,4.5,mb,us
2006-03-21,13:26:18,-177.35,-17.16,330.3,4.2,mb,us
2006-03-21,16:38:08,-179.67,-24.2,484.3,4.5,mb,us
2006-03-21,17:11:36,-179.86,-23.6,567.9,4.6,mb,us
2006-03-21,18:53:05,-178.32,-21.08,550.3,4.3,mb,us
2006-03-21,19:16:00,-175.76,-19.0,175.0,4.6,mb,us
2006-03-21,21:12:59,-177.55,-20.21,542.0,0.0,,us
2006-03-21,21:31:28,-178.4,-17.49,592.9,4.3,mb,us
2006-03-22,04:36:10,-177.76,-18.89,591.0,4.8,mb,us
2006-03-22,09:01:57,-178.02,-18.7,506.7,4.1,mb,us
2006-03-22,09:13:16,-175.0,-18.02,207.7,4.5,mb,us
2006-03-22,14:53:26,-178.05,-18.44,434.8,4.1,mb,us
2006-03-22,17:32:01,-178.78,-32.37,10.0,4.8,mb,us
2006-03-22,19:21:08,-178.75,-17.44,531.5,4.7,mb,us
2006-03-23,03:25:27,-177.89,-30.12,53.7,5.1,mwc,hrv
2006-03-23,12:09:13,-178.25,-29.27,99.3,4.9,mb,us
2006-03-23,20:43:56,-178.55,-20.76,612.5,4.0,mb,us
2006-03-24,10:32:22,-179.12,-30.06,335.2,3.9,mb,us
2006-03-25,02:47:52,-177.98,-19.52,421.2,4.2,mb,us
2006-03-25,10:10:04,-175.36,-19.82,96.3,4.7,mb,us
2006-03-25,10:42:35,-176.94,-23.13,127.5,4.9,mwc,hrv
2006-03-25,11:38:21,-175.18,-16.18,283.6,4.6,mb,us
2006-03-25,13:45:08,-174.7,-22.7,35.0,4.6,mb,us
2006-03-25,16:13:15,-177.48,-30.12,10.0,4.7,mb,us
2006-03-25,16:20:58,-179.74,-23.15,527.8,4.0,mb,us
2006-03-25,16:44:02,-179.05,-15.36,393.6,4.1,mb,us
2006-03-26,09:44:00,-176.82,-29.0,42.6,4.9,mwc,hrv
2006-03-26,13:47:44,-178.11,-25.58,156.2,4.3,mb,us
2006-03-26,23:44:55,-177.59,-18.16,500.0,3.9,mb,us
2006-03-27,00:04:46,-172.56,-16.1,35.0,4.9,mb,us
2006-03-27,10:56:52,-173.6,-15.1,10.0,4.4,mb,us
2006-03-27,20:08:27,-178.9,-17.75,537.8,5.6,mwc,hrv
2006-03-28,06:23:08,-177.67,-20.16,500.0,4.4,mb,us
2006-03-28,06:53:54,-179.5,-22.01,568.4,4.3,mb,us
2006-03-28,20:24:17,-176.48,-22.14,411.6,4.0,mb,us
2006-03-28,23:19:06,-178.02,-20.15,532.2,4.3,mb,us
2006-03-29,01:56:23,-178.79,-30.06,353.1,3.8,mb,us
2006-03-29,02:08:36,-179.99,-23.46,521.2,4.4,mb,us
2006-03-29,05:42:35,-176.9,-22.3,147.3,4.9,mb,us
2006-03-29,06:38:24,-175.11,-22.91,46.4,5.3,mwc,hrv
2006-03-29,10:24:08,-175.23,-22.75,22.0,5.0,mwc,hrv
2006-03-29,11:26:32,-179.34,-34.42,156.0,4.3,mb,us
2006-03-29,15:58:22,-175.19,-22.96,25.0,5.1,mwc,hrv
2006-03-29,16:12:59,-175.28,-22.78,27.3,4.9,mb,us
2006-03-29,16:20:45,-175.26,-22.87,25.0,4.8,mb,us
2006-03-29,16:48:34,-174.69,-23.82,25.0,4.7,mb,us
2006-03-29,16:51:37,-174.4,-24.39,25.0,4.5,mb,us
2006-03-29,16:55:36,-175.3,-22.58,25.0,4.4,mb,us
2006-03-29,17:19:55,-177.94,-26.82,195.9,4.8,mb,us
2006-03-29,17:28:21,-174.85,-23.47,25.0,4.7,mb,us
2006-03-30,06:23:30,-175.06,-22.64,25.0,4.5,mb,us
2006-03-30,12:19:46,-174.16,-20.19,34.5,4.8,mb,us
2006-03-30,12:34:34,-179.57,-32.92,344.7,4.7,mb,us
2006-03-30,18:40:24,-174.91,-16.15,270.2,4.5,mb,us
2006-03-30,22:37:14,-175.86,-16.81,368.0,3.5,mb,us
2006-03-31,02:02:46,-177.31,-32.04,10.0,4.1,mb,us
2006-03-31,02:10:12,-177.29,-32.51,45.2,4.4,mb,us
2006-03-31,04:26:28,-178.94,-31.68,220.4,4.6,mb,us
2006-03-31,07:25:05,-177.68,-22.6,276.0,5.1,mwc,hrv
2006-03-31,13:21:00,-176.77,-29.44,13.0,6.5,mwb,us
2006-03-31,13:33:23,-176.76,-30.02,26.5,4.6,mb,us
2006-03-31,14:05:46,-176.84,-29.43,40.0,5.1,mb,us
2006-03-31,14:18:09,-176.71,-29.88,10.0,4.3,mb,us
2006-03-31,14:19:41,-176.84,-29.93,10.0,4.8,mb,us
2006-03-31,14:24:17,-176.64,-29.79,10.0,4.9,mb,us
2006-03-31,14:46:13,-176.82,-30.09,10.0,4.7,mb,us
2006-03-31,15:43:53,-176.75,-29.84,10.0,5.5,mwc,hrv
2006-03-31,16:11:54,-176.72,-29.83,10.0,5.1,mb,us
2006-03-31,19:29:29,-176.75,-29.77,47.0,4.9,mb,us
2006-03-31,20:18:45,-176.64,-29.62,10.0,4.9,mwc,hrv
2006-03-31,20:23:47,-176.72,-29.44,10.0,4.7,mb,us
2006-03-31,20:38:32,-176.66,-29.5,10.0,5.2,mwc,hrv
2006-03-31,23:10:18,-176.63,-29.52,10.0,4.0,mb,us
2006-03-31,23:16:53,-176.96,-28.34,10.0,4.2,mb,us
2006-04-01,01:47:18,-177.3,-28.46,10.0,4.1,mb,us
2006-04-01,03:40:46,-176.94,-29.03,10.0,5.1,mwc,hrv
2006-04-01,03:41:58,-176.66,-29.44,10.0,4.7,mb,us
2006-04-01,04:17:05,-176.53,-29.93,10.0,4.1,mb,us
2006-04-01,04:23:29,-177.15,-28.96,10.0,4.3,mb,us
2006-04-01,04:37:52,-176.69,-29.96,10.0,4.4,mb,us
2006-04-01,04:54:52,-176.88,-29.42,10.0,4.7,mb,us
2006-04-01,05:00:10,-176.76,-29.87,10.0,4.0,mb,us
2006-04-01,05:01:26,-176.84,-29.92,10.0,4.2,mb,us
2006-04-01,05:03:34,-176.86,-29.85,10.0,4.6,mb,us
2006-04-01,05:15:30,-177.14,-29.62,10.0,5.7,mwc,hrv
2006-04-01,05:49:15,-176.8,-29.82,10.0,5.1,mwc,hrv
2006-04-01,05:51:51,-176.79,-29.83,10.0,4.7,mb,us
2006-04-01,06:09:48,-177.1,-29.53,41.9,4.7,mb,us
2006-04-01,06:25:44,-177.2,-29.21,39.6,5.3,mwc,hrv
2006-04-01,06:33:42,-176.75,-29.86,10.0,4.3,mb,us
2006-04-01,06:37:48,-176.82,-29.87,10.0,4.0,mb,us
2006-04-01,06:41:14,-178.63,-17.89,583.6,4.1,mb,us
2006-04-01,08:00:04,-176.56,-29.7,10.0,4.1,mb,us
2006-04-01,08:19:09,-176.94,-29.25,10.0,5.1,mwc,hrv
2006-04-01,08:35:09,-176.89,-29.86,10.0,4.2,mb,us
2006-04-01,08:51:38,-177.18,-29.13,55.2,5.1,mwc,hrv
2006-04-01,09:07:20,-176.88,-29.89,18.8,4.8,mb,us
2006-04-01,10:32:24,-176.95,-29.18,10.0,5.4,mwc,hrv
2006-04-01,10:54:51,-176.61,-29.82,10.0,3.9,mb,us
2006-04-01,11:29:55,-177.12,-29.73,10.0,5.5,mwc,hrv
2006-04-01,11:39:14,-176.73,-29.46,10.0,4.8,mb,us
2006-04-01,11:42:55,-176.85,-29.99,10.0,4.8,mb,us
2006-04-01,11:59:10,-177.41,-20.38,490.7,3.9,mb,us
2006-04-01,12:06:36,-174.37,-16.82,10.0,4.8,mb,us
2006-04-01,13:29:32,-176.7,-29.56,10.0,4.8,mb,us
2006-04-01,13:34:51,-176.76,-29.24,10.0,4.9,mb,us
2006-04-01,13:41:24,-176.84,-29.91,10.0,5.3,mwc,hrv
2006-04-01,13:43:32,-177.06,-29.44,16.0,5.5,mwc,hrv
2006-04-01,17:29:50,-176.86,-29.54,10.0,4.8,mb,us
2006-04-01,17:44:11,-179.92,-32.67,377.6,0.0,,us
2006-04-01,17:55:56,-176.77,-29.56,10.0,5.6,mwc,hrv
2006-04-01,19:22:47,-176.77,-30.0,10.0,4.5,mb,us
2006-04-01,20:02:13,-177.08,-29.74,14.4,5.3,mwc,hrv
2006-04-01,20:11:35,-176.72,-29.94,10.0,4.7,mb,us
2006-04-01,20:20:01,-176.7,-29.68,10.0,4.5,mb,us
2006-04-01,20:21:37,-176.7,-29.43,10.0,4.6,mb,us
2006-04-01,20:30:16,-176.79,-29.9,10.0,4.5,mb,us
2006-04-01,20:57:29,-173.42,-19.09,77.7,5.0,mwc,hrv
2006-04-01,21:48:49,-179.97,-23.58,540.1,4.8,mb,us
2006-04-01,22:07:55,-176.91,-29.82,1.8,5.0,mb,us
2006-04-02,00:35:26,-176.75,-29.58,10.0,4.2,mb,us
2006-04-02,02:21:34,-178.11,-32.19,10.0,4.6,mb,us
2006-04-02,04:55:34,-176.13,-65.71,10.0,5.3,mwc,hrv
2006-04-02,08:03:28,-175.92,-19.8,143.0,4.2,mb,us
2006-04-02,08:46:34,-174.64,-23.5,55.0,4.9,mb,us
2006-04-02,09:29:34,-175.42,-22.6,38.1,4.9,mb,us
2006-04-02,11:22:17,-176.8,-29.61,10.0,4.2,mb,us
2006-04-02,13:23:42,-177.84,-29.91,15.0,4.2,mb,us
2006-04-02,15:54:50,-176.67,-29.66,38.3,4.5,mb,us
2006-04-02,16:36:32,-177.04,-29.73,16.8,4.3,mb,us
2006-04-02,21:32:30,-177.8,-24.06,35.0,4.4,mb,us
2006-04-02,21:53:58,-177.02,-29.82,10.0,4.8,mb,us
2006-04-02,22:12:24,-177.6,-28.42,10.0,4.2,mb,us
2006-04-02,22:41:02,-176.87,-29.66,10.0,4.5,mb,us
2006-04-02,22:59:34,-176.7,-29.28,10.0,4.9,mwc,hrv
2006-04-02,23:14:42,-176.91,-30.06,10.0,4.7,mb,us
2006-04-02,23:34:45,-176.59,-29.94,10.0,4.4,mb,us
2006-04-03,01:28:00,-177.33,-28.88,10.0,5.1,mwc,hrv
2006-04-03,01:41:13,-177.06,-29.21,10.0,5.3,mwc,hrv
2006-04-03,01:43:14,-177.15,-28.58,10.0,4.5,mb,us
2006-04-03,01:53:01,-177.25,-28.56,10.0,4.6,mb,us
2006-04-03,01:55:49,-177.01,-28.79,10.0,4.7,mb,us
2006-04-03,03:16:22,-176.9,-29.74,10.0,4.9,mb,us
2006-04-03,04:42:39,-176.78,-29.87,10.0,4.1,mb,us
2006-04-03,04:46:17,-177.02,-28.65,10.0,4.5,mb,us
2006-04-03,05:44:26,-177.08,-20.59,450.0,4.1,mb,us
2006-04-03,13:35:46,-179.56,-30.4,35.0,0.0,,us
2006-04-03,13:59:03,-176.76,-30.0,10.0,0.0,,us
2006-04-03,15:30:03,-176.58,-18.32,305.3,3.5,mb,us
2006-04-03,16:04:31,-176.93,-17.1,35.0,5.3,mwc,hrv
2006-04-03,16:27:16,-176.93,-29.91,10.0,4.6,mb,us
2006-04-03,16:47:03,-176.69,-29.89,27.4,4.3,mb,us
2006-04-03,20:27:13,-174.31,-15.16,10.0,5.0,mwc,hrv
2006-04-03,23:53:26,-175.21,-23.01,44.0,4.8,mb,us
2006-04-04,00:08:34,-174.88,-19.75,28.3,4.2,mb,us
2006-04-04,02:59:17,-179.23,-33.46,35.0,4.5,mb,us
2006-04-04,10:47:16,-176.97,-28.99,10.0,5.3,mwc,hrv
2006-04-04,12:30:38,-175.3,-22.71,25.0,4.8,mb,us
2006-04-04,12:57:30,-176.85,-29.54,10.0,4.5,mb,us
2006-04-04,13:31:26,-178.56,-17.89,526.4,3.8,mb,us
2006-04-04,14:17:22,-175.16,-23.06,18.1,4.9,mb,us
2006-04-04,16:09:13,-176.93,-29.73,10.0,3.9,mb,us
2006-04-04,16:10:07,-176.92,-29.72,10.0,4.9,mb,us
2006-04-04,16:14:37,-176.9,-29.73,10.0,0.0,,us
2006-04-04,18:48:00,-177.55,-28.51,10.0,4.3,mb,us
2006-04-04,20:15:50,-177.12,-29.28,10.0,5.6,mwc,hrv
2006-04-04,23:57:23,-176.89,-29.54,10.0,4.9,mb,us
2006-04-05,00:27:30,-176.82,-29.75,10.0,5.1,mb,us
2006-04-05,01:20:07,-177.98,-18.32,548.0,4.6,mb,us
2006-04-05,15:40:56,-179.3,-21.09,643.4,5.2,mwc,hrv
2006-04-05,16:31:49,-177.45,-26.2,74.7,4.5,mb,us
2006-04-05,19:03:37,-177.06,-29.04,24.3,5.2,mwc,hrv
2006-04-05,19:22:34,-176.98,-29.59,36.8,4.4,mb,us
2006-04-05,20:05:02,-178.84,-32.77,38.5,4.9,mb,us
2006-04-05,20:13:32,-177.12,-29.64,38.2,4.7,mb,us
2006-04-05,21:30:40,-177.14,-29.58,10.0,5.0,mwc,hrv
2006-04-05,22:01:00,-177.05,-29.86,10.0,5.1,mb,us
2006-04-05,22:09:33,-177.08,-29.58,10.0,4.9,mb,us
2006-04-05,22:34:56,-176.8,-29.72,10.0,4.6,mb,us
2006-04-05,22:49:13,-177.57,-29.46,10.0,5.3,mb,us
2006-04-05,23:51:24,-177.04,-29.14,10.0,5.0,mwc,hrv
2006-04-06,00:08:31,-177.04,-28.91,10.0,4.3,mb,us
2006-04-06,00:09:39,-176.94,-29.1,10.0,4.9,mb,us
2006-04-06,01:25:12,-176.9,-29.56,10.0,4.4,mb,us
2006-04-06,01:39:06,-176.93,-29.4,10.0,4.6,mb,us
2006-04-06,03:37:15,-176.82,-29.65,10.0,4.6,mb,us
2006-04-06,04:35:48,-176.96,-29.6,10.0,4.8,mb,us
2006-04-06,04:58:41,-178.2,-18.37,579.7,4.1,mb,us
2006-04-06,10:52:26,-178.5,-18.07,558.0,4.4,mb,us
2006-04-06,12:12:29,-175.13,-17.12,265.3,4.2,mb,us
2006-04-06,12:17:21,-173.4,-15.21,10.0,4.6,mb,us
2006-04-06,22:11:35,-179.89,-23.37,521.6,4.4,mb,us
2006-04-07,01:07:38,-176.67,-29.9,10.0,4.7,mb,us
2006-04-07,07:16:39,-178.72,-17.56,506.5,4.6,mb,us
2006-04-07,14:30:43,-178.51,-17.88,574.3,4.5,mb,us
2006-04-07,14:34:00,-176.55,-29.26,10.0,4.8,mb,us
2006-04-07,15:19:30,-177.13,-29.59,10.0,5.2,mwc,hrv
2006-04-07,17:04:59,-179.37,-21.6,567.5,4.1,mb,us
2006-04-07,19:58:48,-175.24,-22.77,10.4,4.9,mb,us
2006-04-08,06:19:39,-177.09,-17.37,380.6,4.0,mb,us
2006-04-08,07:39:56,-177.74,-18.44,578.5,4.3,mb,us
2006-04-08,17:31:02,-176.69,-29.56,10.0,4.5,mb,us
2006-04-08,22:28:46,-177.67,-30.23,10.0,5.1,mb,us
2006-04-08,23:37:02,-176.65,-29.38,10.0,4.4,mb,us
2006-04-09,06:44:30,-177.0,-29.78,10.0,4.6,mb,us
2006-04-09,08:14:33,-177.32,-19.13,350.0,3.6,mb,us
2006-04-09,12:54:35,-178.68,-26.19,344.1,4.1,mb,us
2006-04-09,16:25:26,-177.53,-20.0,550.3,0.0,,us
2006-04-09,17:47:44,-177.67,-32.14,50.0,4.5,mb,us
2006-04-09,21:58:31,-177.65,-17.38,444.6,3.9,mb,us
2006-04-10,00:49:05,-176.98,-28.53,10.0,4.2,mb,us
2006-04-10,03:23:22,-178.48,-17.74,500.0,4.1,mb,us
2006-04-10,04:45:49,-178.72,-34.99,35.0,4.4,mb,us
2006-04-10,14:17:03,-177.16,-29.28,10.0,5.1,mb,us
2006-04-10,14:40:25,-177.05,-29.71,26.7,4.8,mb,us
2006-04-10,14:45:49,-177.32,-29.18,52.5,4.8,mb,us
2006-04-10,15:48:27,-177.67,-30.84,10.0,0.0,,us
2006-04-10,17:19:52,-177.78,-19.03,570.4,3.8,mb,us
2006-04-10,18:39:10,-175.53,-15.72,317.4,3.5,mb,us
2006-04-10,20:26:07,-179.71,-25.06,478.4,4.5,mb,us
2006-04-10,21:53:12,-175.3,-22.77,10.0,4.7,mb,us
2006-04-10,23:01:46,-174.29,-14.99,62.3,4.7,mb,us
2006-04-11,06:39:41,-179.91,-23.98,473.4,4.4,mb,us
2006-04-11,07:09:00,-179.68,-21.98,606.8,4.7,mb,us
2006-04-11,10:26:31,-177.95,-20.48,499.9,4.4,mb,us
2006-04-11,15:04:38,-175.63,-20.05,10.0,4.5,mb,us
2006-04-12,02:21:09,-175.58,-18.04,116.4,3.9,mb,us
2006-04-12,02:23:16,-178.03,-17.49,350.0,4.0,mb,us
2006-04-12,08:36:23,-177.17,-21.02,489.8,4.1,mb,us
2006-04-12,14:57:09,-178.92,-27.16,362.7,3.6,mb,us
2006-04-12,15:26:35,-139.82,-58.31,10.0,4.7,mb,us
2006-04-12,18:13:58,-139.74,-58.2,10.0,4.5,mb,us
2006-04-12,23:01:51,-178.26,-18.0,484.1,3.3,mb,us
2006-04-13,06:02:04,-177.32,-30.56,10.0,4.5,mb,us
2006-04-13,06:06:34,-177.09,-29.88,10.9,4.8,mb,us
2006-04-13,09:19:50,-176.63,-21.99,300.0,3.7,mb,us
2006-04-13,15:42:03,-176.66,-29.79,10.0,4.6,mb,us
2006-04-13,22:42:46,-177.42,-30.07,10.0,4.2,mb,us
2006-04-14,03:30:21,-177.81,-26.0,166.0,5.5,mwc,hrv
2006-04-14,05:17:13,-176.98,-29.03,10.0,4.6,mb,us
2006-04-14,10:42:01,-177.51,-19.21,562.3,4.6,mb,us
2006-04-14,18:19:28,-177.16,-32.16,10.0,4.3,mb,us
2006-04-14,20:35:41,-176.9,-29.58,10.0,4.5,mb,us
2006-04-15,07:48:47,-177.78,-28.48,15.0,4.7,mb,us
2006-04-15,11:03:28,-177.43,-18.97,550.7,4.0,mb,us
2006-04-15,20:36:39,-174.97,-15.77,200.0,4.5,mb,us
2006-04-16,01:15:19,-179.86,-23.4,500.0,4.4,mb,us
2006-04-16,01:30:08,-175.23,-17.26,237.2,4.2,mb,us
2006-04-17,12:51:07,-177.33,-19.87,550.0,4.4,mb,us
2006-04-17,13:07:07,-177.75,-18.88,537.4,4.6,mb,us
2006-04-17,15:22:05,-177.34,-19.67,554.8,4.2,mb,us
2006-04-17,15:22:50,-178.48,-17.96,565.7,4.7,mb,us
2006-04-18,09:19:23,-173.57,-15.6,10.0,4.5,mb,us
2006-04-19,00:18:13,-179.35,-22.2,276.8,4.4,mb,us
2006-04-19,03:03:56,-179.04,-21.27,610.9,4.5,mb,us
2006-04-19,06:51:37,-178.02,-20.66,531.0,4.6,mb,us
2006-04-19,12:13:46,-178.57,-20.41,599.7,4.8,mb,us
2006-04-19,15:17:08,-178.83,-24.72,400.0,4.4,mb,us
2006-04-19,15:30:06,-174.49,-20.96,10.0,5.1,mwc,hrv
2006-04-19,17:20:52,-174.66,-17.39,51.7,4.5,mb,us
2006-04-20,06:13:47,-175.32,-25.4,30.0,4.6,mb,us
2006-04-20,14:15:21,-177.5,-20.6,455.4,4.1,mb,us
2006-04-20,20:29:14,-177.06,-29.9,10.0,4.5,mb,us
2006-04-21,06:56:40,-177.92,-18.35,608.0,4.3,mb,us
2006-04-21,15:50:25,-173.82,-14.82,10.0,5.2,mwc,hrv
2006-04-21,19:03:05,-178.0,-18.36,513.8,5.1,mb,us
2006-04-22,06:23:43,-171.28,-16.9,35.0,4.9,mb,us
2006-04-22,08:42:54,-176.81,-28.6,80.5,4.4,mb,us
2006-04-22,11:20:14,-179.92,-25.59,494.3,4.1,mb,us
2006-04-22,14:33:55,-177.21,-29.67,29.2,4.9,mb,us
2006-04-23,06:00:52,-177.2,-29.39,49.7,4.5,mb,us
2006-04-23,06:48:52,-177.1,-28.87,51.8,4.3,mb,us
2006-04-23,10:22:10,-178.02,-19.96,615.2,4.3,mb,us
2006-04-23,11:12:59,-177.74,-18.55,447.3,0.0,,us
2006-04-23,12:43:20,-177.59,-19.26,569.0,4.3,mb,us
2006-04-23,18:43:45,-177.26,-30.05,10.0,0.0,,us
2006-04-24,03:26:20,-178.37,-17.99,500.0,3.9,mb,us
2006-04-24,05:11:46,-173.73,-15.05,10.0,4.6,mb,us
2006-04-24,13:17:41,-178.47,-17.11,565.2,0.0,,us
2006-04-24,16:28:59,-177.63,-20.19,492.4,4.9,mb,us
2006-04-24,21:15:12,-173.73,-16.13,71.9,5.1,mwc,hrv
2006-04-24,22:40:13,-177.5,-14.45,35.0,4.4,mb,us
2006-04-25,15:12:44,-176.84,-14.78,10.0,5.0,mwc,hrv
2006-04-25,16:51:17,-175.37,-22.03,35.0,4.7,mb,us
2006-04-26,11:11:18,-179.59,-22.23,572.5,4.6,mb,us
2006-04-26,17:08:03,-173.4,-15.23,10.0,0.0,,us
2006-04-26,19:44:34,-133.47,-53.98,10.0,4.7,mb,us
2006-04-27,02:44:09,-175.79,-19.8,188.8,4.3,mb,us
2006-04-27,06:01:06,-174.16,-20.56,15.0,4.7,mb,us
2006-04-27,14:26:36,-176.78,-25.96,39.0,4.5,mb,us
2006-04-27,15:41:04,-178.49,-17.58,495.1,4.1,mb,us
2006-04-27,18:26:23,-177.54,-20.4,537.6,3.9,mb,us
2006-04-27,19:13:04,-173.76,-16.11,22.8,5.2,mwc,hrv
2006-04-28,10:10:15,-177.89,-20.49,500.0,3.9,mb,us
2006-04-28,10:32:46,-177.73,-19.64,554.3,4.2,mb,us
2006-04-28,13:28:10,-177.17,-30.46,10.0,0.0,,us
2006-04-28,16:55:08,-179.04,-18.03,679.6,4.2,mb,us
2006-04-28,17:45:31,-175.61,-20.31,243.7,4.2,mb,us
2006-04-29,00:43:24,-179.52,-24.19,500.0,4.1,mb,us
2006-04-29,14:54:24,-178.97,-22.97,349.8,4.2,mb,us
2006-04-29,21:06:56,-175.47,-17.13,183.0,4.0,mb,us
2006-04-30,03:34:16,-179.31,-34.16,3.4,4.9,mb,us
2006-04-30,05:33:16,-179.98,-24.16,530.9,4.6,mb,us
2006-04-30,07:03:30,-179.22,-15.81,10.0,5.1,mwc,hrv
2006-04-30,07:28:51,-178.23,-20.55,500.0,4.3,mb,us
2006-04-30,08:58:37,-178.75,-18.24,487.9,4.3,mb,us
2006-04-30,14:52:16,-177.73,-19.98,545.7,4.3,mb,us
2006-04-30,15:08:41,-173.23,-15.44,10.0,5.5,mwb,us
2006-04-30,17:47:17,-178.07,-16.46,402.3,3.8,mb,us
2006-04-30,19:33:19,-173.1,-15.52,10.0,6.0,mwc,hrv
2006-05-01,02:21:12,-174.19,-17.94,35.0,4.7,mb,us
2006-05-01,02:24:41,-176.85,-28.46,37.2,5.7,mwc,hrv
2006-05-01,02:25:41,-176.9,-28.26,35.0,5.7,mwc,hrv
2006-05-01,02:41:12,-176.71,-28.3,35.0,5.2,mwc,hrv
2006-05-01,05:00:32,-179.08,-30.13,403.2,3.8,mb,us
2006-05-01,05:51:21,-177.68,-21.83,311.4,4.2,mb,us
2006-05-01,14:37:20,-174.13,-16.69,10.0,3.8,mb,us
2006-05-01,15:19:49,-171.75,-17.81,35.0,4.4,mb,us
2006-05-01,18:13:56,-178.69,-20.77,599.8,4.3,mb,us
2006-05-01,20:46:26,-179.88,-23.81,548.6,4.8,mb,us
2006-05-01,21:40:47,-176.82,-28.36,10.0,5.2,mwc,hrv
2006-05-01,21:57:45,-176.74,-28.32,10.0,5.1,mwc,hrv
2006-05-02,11:23:12,-176.63,-28.81,39.7,4.7,mb,us
2006-05-02,12:09:32,-178.14,-31.14,10.0,4.2,mb,us
2006-05-02,13:06:07,-177.73,-30.36,10.0,3.9,mb,us
2006-05-02,19:14:33,-178.35,-20.8,573.0,4.4,mb,us
2006-05-02,23:36:49,-174.54,-16.93,59.5,4.1,mb,us
2006-05-03,01:54:12,-175.23,-22.23,35.0,4.5,mb,us
2006-05-03,05:36:39,-175.46,-19.87,35.0,4.4,mb,us
2006-05-03,15:26:40,-174.12,-20.19,55.0,8.0,mwc,hrv
2006-05-03,15:54:59,-174.07,-20.6,30.5,5.2,mb,us
2006-05-03,16:07:52,-174.2,-20.59,35.0,5.0,mb,us
2006-05-03,16:14:49,-173.8,-20.34,37.3,4.3,mb,us
2006-05-03,16:16:39,-174.06,-20.88,35.0,4.6,mb,us
2006-05-03,16:33:51,-174.09,-20.58,15.0,4.7,mb,us
2006-05-03,16:41:29,-174.03,-20.55,15.0,4.4,mb,us
2006-05-03,17:00:10,-173.98,-20.45,9.6,4.7,mb,us
2006-05-03,17:00:34,-174.14,-20.07,36.0,5.2,mb,us
2006-05-03,17:07:07,-174.13,-20.64,35.0,5.3,mb,us
2006-05-03,17:13:28,-173.65,-20.66,35.0,4.6,mb,us
2006-05-03,17:56:27,-174.23,-20.54,35.0,5.4,mb,us
2006-05-03,18:05:43,-174.62,-20.88,15.0,4.6,mb,us
2006-05-03,18:24:59,-174.41,-20.04,15.0,4.5,mb,us
2006-05-03,19:15:09,-174.0,-20.3,15.0,4.7,mb,us
2006-05-03,19:19:04,-174.34,-19.96,35.0,4.6,mb,us
2006-05-03,19:25:26,-173.45,-21.46,35.0,4.7,mb,us
2006-05-03,19:28:08,-174.26,-20.9,15.0,5.1,mb,us
2006-05-03,19:37:35,-174.23,-19.93,25.0,0.0,,us
2006-05-03,20:30:35,-174.11,-20.41,29.7,4.4,mb,us
2006-05-03,20:44:39,-173.7,-21.66,35.0,4.6,mb,us
2006-05-03,21:26:00,-174.45,-20.07,15.0,4.7,mb,us
2006-05-03,21:34:32,-174.41,-20.83,15.0,4.7,mb,us
2006-05-03,22:20:46,-174.39,-20.06,35.0,4.5,mb,us
2006-05-03,23:44:14,-174.32,-20.61,35.0,5.0,mb,us
2006-05-04,00:07:05,-173.86,-20.34,35.0,4.2,mb,us
2006-05-04,00:09:15,-177.98,-20.43,536.9,4.6,mb,us
2006-05-04,00:30:03,-174.18,-20.12,35.0,4.6,mb,us
2006-05-04,01:08:56,-174.33,-19.64,35.0,4.5,mb,us
2006-05-04,01:15:52,-174.06,-20.17,45.4,4.8,mb,us
2006-05-04,01:25:16,-174.07,-20.57,35.0,4.3,mb,us
2006-05-04,01:37:21,-174.44,-20.84,34.0,4.9,mb,us
2006-05-04,01:47:21,-174.13,-20.62,35.0,4.3,mb,us
2006-05-04,04:18:05,-173.48,-21.38,35.0,4.5,mb,us
2006-05-04,04:26:36,-173.93,-19.93,29.3,5.0,mb,us
2006-05-04,04:34:00,-174.85,-19.58,35.0,4.7,mb,us
2006-05-04,04:55:39,-174.27,-21.26,9.4,5.4,mb,us
2006-05-04,04:59:14,-174.57,-19.79,40.3,4.7,mb,us
2006-05-04,05:01:42,-174.31,-21.29,18.5,4.9,mb,us
2006-05-04,05:02:30,-174.07,-21.17,50.0,4.9,mb,us
2006-05-04,05:21:35,-174.09,-21.16,35.0,4.6,mb,us
2006-05-04,06:59:29,-174.06,-20.25,30.6,4.8,mb,us
2006-05-04,07:32:41,-174.0,-20.11,35.0,4.2,mb,us
2006-05-04,09:30:41,-174.07,-21.01,35.0,4.4,mb,us
2006-05-04,11:18:24,-174.39,-20.12,15.0,4.3,mb,us
2006-05-04,11:25:26,-174.04,-20.58,11.0,6.0,mwb,us
