Date,Time,Lon,Lat,Depth,Mag,MagType,Source
2000-01-01,04:30:10,-68.8,-26.01,105.0,4.5,mb,us
2000-01-01,16:01:14,-70.19,-22.21,67.2,4.4,mb,us
2000-01-02,02:13:29,-69.28,-17.35,161.6,3.7,mb,us
2000-01-03,04:03:15,-68.42,-21.11,134.4,4.0,mb,us
2000-01-05,17:55:11,-58.44,-56.1,10.0,5.6,mwc,hrv
2000-01-06,21:37:50,-69.45,-18.33,143.2,4.6,mb,us
2000-01-07,01:08:19,-67.35,-28.21,144.4,4.8,mb,us
2000-01-07,11:49:12,-69.2,-28.5,120.1,4.0,mb,us
2000-01-07,23:37:20,-55.13,-54.33,10.0,5.5,mwc,hrv
2000-01-08,11:43:58,-71.34,-31.02,72.5,4.4,mb,us
2000-01-08,11:59:22,-70.12,-23.17,36.0,6.4,mwb,us
2000-01-09,10:11:05,-68.74,-19.53,129.1,4.4,mb,us
2000-01-09,11:40:32,-73.43,-37.89,33.0,4.3,mb,us
2000-01-10,07:49:25,-63.59,-18.58,33.0,4.7,mb,us
2000-01-10,23:34:23,-76.54,-45.23,33.0,4.7,mb,us
2000-01-11,13:16:34,-71.32,-30.75,78.8,4.5,mb,us
2000-01-12,22:03:26,-68.61,-20.53,115.1,4.1,mb,us
2000-01-13,07:03:37,-75.29,-28.75,33.0,4.7,mb,us
2000-01-13,10:59:47,-72.28,-45.79,33.0,4.8,mb,us
2000-01-14,11:18:59,-68.97,-23.21,103.8,4.1,mb,us
2000-01-14,11:37:02,-76.17,-7.98,118.2,4.3,mb,us
2000-01-15,19:51:29,-78.9,-5.23,105.8,4.4,mb,us
2000-01-15,20:42:10,-68.19,-21.87,150.0,4.1,mb,us
2000-01-16,00:18:54,-73.11,-12.18,33.0,3.3,mb,us
2000-01-16,04:57:28,-84.64,-41.62,10.0,4.6,ms,us
2000-01-16,05:32:26,-66.19,-22.71,263.9,3.7,mb,us
2000-01-17,06:49:25,-68.27,-21.17,128.0,4.2,mb,us
2000-01-17,12:31:38,-69.63,-19.09,110.9,4.1,mb,us
2000-01-17,16:03:06,-70.94,-27.27,83.6,4.3,mb,us
2000-01-18,07:44:03,-68.71,-20.47,138.6,3.8,mb,us
2000-01-18,17:12:18,-71.45,-31.63,42.4,4.9,mb,us
2000-01-19,01:24:00,-71.38,-31.44,36.2,3.8,md,guc
2000-01-19,08:30:01,-75.13,-15.62,33.0,5.4,mwc,hrv
2000-01-19,08:56:45,-73.06,-11.36,33.0,4.3,mb,us
2000-01-19,18:30:12,-70.58,-31.67,115.4,3.6,md,guc
2000-01-20,07:46:54,-70.12,-32.91,110.4,4.4,mb,us
2000-01-20,11:25:42,-74.69,-9.32,33.0,4.3,mb,us
2000-01-20,23:05:39,-65.09,-17.54,33.0,4.0,mb,us
2000-01-21,08:04:53,-74.31,-10.36,33.0,4.4,mb,us
2000-01-21,09:01:04,-69.02,-22.98,78.5,4.8,mb,us
2000-01-21,15:22:13,-70.98,-33.92,72.4,2.8,md,guc
2000-01-22,06:48:39,-72.02,-31.77,16.6,4.1,md,guc
2000-01-22,07:56:26,-70.96,-32.83,65.8,2.8,md,guc
2000-01-22,11:09:27,-73.36,-40.44,33.0,3.4,mb,us
2000-01-22,12:24:19,-71.28,-30.6,74.4,3.9,mb,us
2000-01-22,13:18:37,-67.02,-23.69,197.9,4.2,mb,us
2000-01-22,22:09:47,-69.91,-31.84,142.6,3.3,md,guc
2000-01-23,01:40:04,-67.98,-23.1,140.9,4.6,mb,us
2000-01-23,03:14:48,-73.57,-36.56,33.0,3.8,md,guc
2000-01-23,08:31:18,-67.22,-21.4,199.1,4.9,mb,us
2000-01-23,18:01:44,-70.09,-31.7,150.1,3.2,md,guc
2000-01-24,03:28:29,-72.25,-33.48,11.9,3.8,md,guc
2000-01-24,10:52:00,-70.24,-32.48,103.9,2.9,md,guc
2000-01-25,09:18:09,-66.66,-23.97,208.0,4.4,mb,us
2000-01-26,02:33:42,-68.39,-22.65,112.3,4.4,mb,us
2000-01-26,03:03:57,-68.92,-20.75,81.3,3.6,mb,us
2000-01-26,23:34:04,-66.48,-23.72,221.6,5.0,mb,us
2000-01-27,00:13:08,-68.23,-31.13,25.7,4.8,mb,us
2000-01-27,02:49:45,-105.46,-34.81,10.0,5.4,mwc,hrv
2000-01-27,04:43:27,-69.34,-19.47,106.2,4.0,mb,us
2000-01-27,12:44:50,-72.27,-33.53,33.0,4.5,mb,us
2000-01-30,05:38:39,-67.65,-19.09,233.5,4.1,mb,us
2000-01-30,11:49:26,-69.46,-17.41,169.2,4.9,mb,us
2000-01-30,12:20:23,-71.93,-30.67,33.0,4.3,mb,us
2000-01-30,14:08:34,-69.11,-31.26,116.4,4.6,mb,us
2000-01-30,18:31:11,-71.62,-30.62,65.3,4.8,mb,us
2000-01-31,14:25:07,-66.39,-22.78,247.1,3.9,mb,us
2000-01-31,17:43:14,-69.6,-17.97,145.3,4.2,mb,us
2000-01-31,18:20:00,-69.51,-20.27,105.3,4.3,mb,us
2000-02-01,03:25:20,-70.72,-32.65,99.3,2.8,md,guc
2000-02-01,06:11:01,-68.82,-20.49,145.2,3.8,mb,us
2000-02-01,11:54:30,-69.3,-31.59,150.0,3.4,md,guc
2000-02-02,00:48:38,-70.18,-30.51,118.0,3.7,md,guc
2000-02-02,01:57:10,-71.41,-30.04,24.8,4.2,md,guc
2000-02-02,16:16:55,-70.67,-34.27,101.4,3.6,md,guc
2000-02-03,08:39:19,-70.99,-34.16,75.4,2.6,md,guc
2000-02-03,12:41:59,-71.44,-30.6,39.0,4.1,md,guc
2000-02-03,13:37:29,-71.76,-32.7,16.3,3.6,md,guc
2000-02-03,23:57:52,-68.9,-31.18,100.0,3.7,md,guc
2000-02-04,07:02:11,-85.92,-40.63,10.0,5.3,mwc,hrv
2000-02-04,17:20:44,-76.23,-13.55,46.7,4.7,mb,us
2000-02-04,18:43:08,-68.82,-20.74,143.2,4.2,mb,us
2000-02-05,08:30:11,-70.98,-34.02,71.9,3.8,md,guc
2000-02-06,03:52:18,-69.69,-17.05,177.9,3.6,mb,us
2000-02-06,05:02:13,-81.72,-44.31,10.0,4.7,ms,us
2000-02-06,07:12:38,-80.36,-4.26,74.6,4.8,mb,us
2000-02-06,08:50:27,-110.77,-35.15,10.0,4.5,mb,us
2000-02-06,22:51:59,-68.67,-31.62,117.3,4.0,mb,us
2000-02-07,11:54:32,-68.22,-24.48,123.6,4.3,mb,us
2000-02-08,07:09:14,-80.38,-4.29,73.9,4.7,mb,us
2000-02-08,18:20:05,-69.48,-29.38,120.7,4.5,mb,us
2000-02-08,19:20:06,-70.72,-33.67,78.5,2.5,md,guc
2000-02-09,00:17:59,-70.1,-31.63,144.7,3.2,md,guc
2000-02-09,05:52:10,-63.32,-27.09,567.4,4.4,mb,us
2000-02-09,12:02:13,-75.59,-6.24,43.9,4.4,mb,us
2000-02-09,13:17:00,-67.6,-28.28,134.8,4.5,mb,us
2000-02-10,07:16:34,-71.97,-33.58,13.2,4.0,md,guc
2000-02-10,22:16:12,-70.63,-34.4,109.9,3.2,md,guc
2000-02-11,00:53:57,-71.51,-32.75,16.7,3.6,md,guc
2000-02-11,01:31:53,-71.94,-31.82,18.2,4.0,md,guc
2000-02-11,05:31:41,-71.51,-32.77,14.4,3.9,md,guc
2000-02-11,08:10:43,-71.53,-32.74,16.6,3.3,md,guc
2000-02-11,08:27:31,-79.06,-9.25,59.1,3.3,mb,us
2000-02-11,11:53:49,-69.85,-31.53,169.1,3.5,md,guc
2000-02-11,12:05:02,-110.96,-35.12,10.0,5.1,mwc,hrv
2000-02-11,13:22:42,-72.1,-33.89,46.2,3.7,md,guc
2000-02-11,14:12:45,-115.62,-25.04,10.0,4.4,mb,us
2000-02-11,20:27:41,-68.29,-21.69,139.6,3.9,mb,us
2000-02-12,18:27:38,-73.15,-13.58,57.8,4.2,mb,us
2000-02-13,01:22:50,-67.24,-24.0,212.3,4.2,mb,us
2000-02-13,03:35:14,-74.84,-38.82,33.0,4.3,mb,us
2000-02-13,09:40:06,-69.81,-16.3,199.6,3.5,mb,us
2000-02-14,09:28:54,-72.81,-45.76,33.0,5.1,mb,us
2000-02-14,11:58:27,-68.35,-21.84,120.6,4.8,mb,us
2000-02-14,12:22:54,-71.15,-28.72,55.3,4.7,mb,us
2000-02-14,12:44:08,-71.67,-15.74,106.1,4.2,mb,us
2000-02-14,17:49:14,-70.37,-33.08,101.2,3.7,md,guc
2000-02-14,17:51:55,-77.3,-5.64,33.0,4.8,mb,us
2000-02-14,21:39:46,-72.6,-45.79,33.0,5.0,mb,us
2000-02-15,00:37:07,-72.09,-13.92,51.7,4.6,mb,us
2000-02-15,05:31:36,-71.74,-13.09,33.0,3.7,mb,us
2000-02-15,14:49:09,-66.1,-22.74,254.3,4.5,mb,us
2000-02-16,14:37:38,-68.89,-20.03,133.5,4.4,mb,us
2000-02-17,03:34:12,-78.31,-4.49,33.0,4.2,mb,us
2000-02-17,18:26:22,-109.28,-34.94,10.0,5.2,mwc,hrv
2000-02-18,00:33:04,-72.36,-31.03,6.5,4.1,md,guc
2000-02-18,01:16:24,-71.76,-32.23,28.1,3.9,md,guc
2000-02-18,09:23:17,-68.65,-22.17,113.8,4.5,mb,us
2000-02-18,11:31:39,-71.83,-31.39,175.2,3.6,md,guc
2000-02-19,19:14:00,-68.5,-31.28,115.4,4.1,mb,us
2000-02-20,02:42:11,-71.58,-32.44,46.7,3.8,md,guc
2000-02-20,05:53:24,-74.24,-8.14,155.5,4.1,mb,us
2000-02-20,21:26:52,-72.2,-33.48,5.9,3.7,md,guc
2000-02-21,14:33:32,-71.19,-34.86,90.2,2.9,md,guc
2000-02-21,14:36:22,-71.46,-29.81,33.0,5.2,mwc,hrv
2000-02-21,15:28:28,-71.82,-32.49,15.1,3.5,md,guc
2000-02-22,00:01:41,-71.88,-31.77,28.3,4.2,md,guc
2000-02-22,00:37:25,-111.86,-32.05,10.0,4.7,mb,us
2000-02-22,19:26:35,-69.79,-31.96,130.2,3.2,md,guc
2000-02-22,20:53:49,-70.58,-32.15,123.1,3.8,md,guc
2000-02-22,23:54:51,-69.78,-32.31,135.9,4.1,md,guc
2000-02-23,08:34:35,-70.32,-33.16,101.5,2.6,md,guc
2000-02-23,18:56:40,-69.87,-32.2,100.0,4.1,md,guc
2000-02-24,00:18:40,-71.74,-32.73,13.0,4.5,md,guc
2000-02-24,00:35:14,-70.13,-34.03,7.2,4.0,md,guc
2000-02-24,01:13:54,-71.72,-32.71,8.6,3.5,md,guc
2000-02-24,01:54:29,-71.73,-32.74,18.5,3.5,md,guc
2000-02-24,03:29:01,-68.64,-33.25,3.9,4.3,md,guc
2000-02-24,07:17:29,-66.42,-20.99,246.8,3.9,mb,us
2000-02-24,08:26:08,-71.69,-32.67,42.8,3.7,md,guc
2000-02-24,14:04:46,-71.77,-32.54,4.2,3.7,md,guc
2000-02-24,20:22:38,-71.89,-33.74,18.5,3.7,md,guc
2000-02-25,00:34:40,-72.28,-29.73,33.0,4.4,md,guc
2000-02-25,01:38:52,-69.88,-32.3,135.9,3.2,md,guc
2000-02-25,03:43:53,-73.85,-16.07,62.9,4.1,mb,us
2000-02-25,08:18:12,-71.61,-35.44,94.8,3.8,md,guc
2000-02-25,11:07:09,-71.93,-35.78,92.1,3.4,md,guc
2000-02-25,12:05:11,-70.28,-31.73,122.7,3.1,md,guc
2000-02-25,12:36:52,-70.72,-33.65,77.6,2.8,md,guc
2000-02-25,20:05:51,-71.84,-33.84,25.9,3.5,md,guc
2000-02-26,03:26:18,-69.99,-31.8,149.8,3.5,md,guc
2000-02-26,12:46:50,-74.6,-8.73,153.7,3.5,mb,us
2000-02-26,18:23:42,-71.71,-32.74,14.7,3.3,md,guc
2000-02-27,11:26:33,-70.55,-31.72,105.1,3.5,md,guc
2000-02-27,22:20:16,-80.47,-5.43,100.0,4.2,mb,us
2000-02-27,23:26:31,-72.0,-33.16,5.9,3.5,md,guc
2000-02-28,21:49:37,-71.9,-32.23,21.7,3.5,md,guc
2000-02-29,01:19:43,-75.82,-14.2,63.3,4.2,mb,us
2000-02-29,04:35:04,-114.2,-50.07,10.0,6.0,mwc,hrv
2000-02-29,05:56:32,-70.27,-31.89,129.0,2.9,md,guc
2000-02-29,07:16:15,-70.99,-33.68,60.2,3.3,md,guc
2000-02-29,18:25:14,-71.29,-33.49,55.8,2.3,md,guc
2000-03-01,08:09:10,-71.23,-33.84,59.4,3.2,md,guc
2000-03-01,09:31:07,-68.13,-21.11,160.0,3.6,mb,us
2000-03-01,17:29:05,-71.75,-32.72,15.1,4.2,md,guc
2000-03-01,19:37:58,-71.83,-35.61,129.7,3.3,md,guc
2000-03-01,20:44:38,-75.19,-10.59,33.0,4.1,mb,us
2000-03-02,01:53:14,-66.67,-23.34,215.0,3.4,mb,us
2000-03-02,03:50:38,-72.05,-34.04,45.7,3.6,md,guc
2000-03-02,04:43:37,-74.9,-37.8,33.0,4.2,mb,us
2000-03-02,05:15:25,-71.53,-32.03,25.7,4.0,md,guc
2000-03-03,22:11:53,-69.63,-17.79,142.4,3.8,mb,us
2000-03-04,00:53:31,-71.77,-32.6,18.8,4.3,md,guc
2000-03-04,16:12:41,-66.44,-28.64,36.0,4.3,mb,us
2000-03-04,19:35:40,-70.37,-32.45,99.8,2.9,md,guc
2000-03-04,21:11:33,-72.07,-34.51,30.0,3.8,md,guc
2000-03-04,23:10:19,-72.24,-33.24,28.5,4.1,md,guc
2000-03-05,01:02:21,-69.6,-33.02,161.9,2.6,md,guc
2000-03-05,02:29:48,-71.8,-32.47,15.4,3.7,md,guc
2000-03-05,03:03:09,-71.83,-32.49,25.7,3.8,md,guc
2000-03-05,03:34:39,-71.27,-33.11,53.8,4.0,md,guc
2000-03-05,07:03:10,-68.3,-22.35,111.3,3.9,mb,us
2000-03-05,10:40:07,-70.53,-33.66,102.1,4.0,mb,us
2000-03-05,19:45:54,-70.18,-33.87,7.0,3.7,md,guc
2000-03-05,21:50:35,-70.6,-34.44,109.3,2.9,md,guc
2000-03-06,06:58:58,-70.44,-31.81,100.8,4.6,mb,us
2000-03-06,07:41:53,-71.62,-32.42,43.8,4.0,md,guc
2000-03-06,08:16:17,-70.72,-31.84,107.5,3.2,md,guc
2000-03-06,12:37:07,-66.79,-17.75,315.1,3.9,mb,us
2000-03-06,13:41:15,-74.86,-11.75,33.0,4.3,mb,us
2000-03-07,07:45:20,-71.2,-34.16,64.4,3.6,md,guc
2000-03-08,01:34:00,-66.36,-21.88,257.4,4.2,mb,us
2000-03-08,05:44:53,-70.88,-25.95,61.8,4.8,mb,us
2000-03-08,21:34:51,-71.21,-32.16,43.5,4.0,md,guc
2000-03-08,21:37:18,-67.04,-23.91,183.7,5.2,mwc,hrv
2000-03-09,06:19:08,-71.15,-33.32,56.9,3.5,md,guc
2000-03-10,04:04:11,-69.69,-24.88,44.8,3.8,mb,us
2000-03-10,05:54:51,-71.32,-32.75,52.6,3.3,md,guc
2000-03-10,07:28:35,-68.12,-21.71,162.3,4.0,mb,us
2000-03-10,12:34:25,-71.56,-31.9,33.2,3.7,md,guc
2000-03-10,12:55:11,-66.56,-22.94,271.8,3.9,mb,us
2000-03-11,04:16:37,-69.35,-23.04,92.3,4.4,mb,us
2000-03-11,05:58:28,-74.27,-8.16,148.0,3.8,mb,us
2000-03-11,06:31:16,-69.8,-31.64,164.9,3.2,md,guc
2000-03-11,14:58:17,-70.87,-33.51,72.0,4.3,md,guc
2000-03-11,16:28:23,-70.3,-17.61,116.5,4.1,mb,us
2000-03-11,22:01:38,-69.75,-31.71,161.1,3.7,md,guc
2000-03-12,01:26:06,-69.98,-31.65,163.5,3.3,md,guc
2000-03-12,18:34:28,-66.96,-24.38,150.0,4.1,mb,us
2000-03-13,12:27:47,-74.37,-7.34,100.0,4.2,mb,us
2000-03-14,00:20:47,-69.5,-16.61,182.7,3.7,mb,us
2000-03-14,04:17:16,-70.64,-17.17,131.9,4.2,mb,us
2000-03-14,05:00:39,-66.09,-22.53,253.0,3.8,mb,us
2000-03-14,06:18:37,-96.89,-36.27,10.0,5.4,mwc,hrv
2000-03-14,20:31:15,-71.1,-32.32,78.6,3.3,md,guc
2000-03-14,23:55:01,-66.24,-23.27,226.0,4.0,mb,us
2000-03-15,01:34:33,-71.39,-30.73,61.9,4.6,mb,us
2000-03-15,06:35:05,-117.44,-44.4,10.0,5.9,mwc,hrv
2000-03-15,17:48:22,-68.74,-32.51,33.0,4.8,mb,us
2000-03-15,19:26:42,-71.25,-34.42,56.6,3.2,md,guc
2000-03-15,20:13:59,-68.56,-32.48,100.0,3.7,md,guc
2000-03-16,06:13:19,-82.77,-42.56,10.0,5.5,mwc,hrv
2000-03-16,09:59:47,-70.53,-31.72,139.8,2.9,md,guc
2000-03-16,15:20:51,-71.8,-32.67,26.4,4.3,md,guc
2000-03-16,18:16:28,-70.2,-31.85,140.5,3.2,md,guc
2000-03-16,20:05:26,-68.4,-33.84,33.0,4.3,md,guc
2000-03-17,03:50:11,-70.38,-34.06,11.0,3.4,md,guc
2000-03-17,04:54:21,-71.83,-32.6,10.7,3.2,md,guc
2000-03-17,06:56:27,-113.9,-40.16,10.0,4.8,mb,us
2000-03-17,17:01:19,-75.88,-14.68,33.0,4.4,mb,us
2000-03-17,18:12:15,-114.92,-23.93,10.0,4.5,mb,us
2000-03-17,21:54:56,-69.52,-31.95,119.6,4.3,mb,us
2000-03-18,02:29:35,-68.95,-31.28,126.4,4.0,md,guc
2000-03-18,14:36:52,-73.84,-10.82,95.5,4.7,mb,us
2000-03-18,20:36:32,-68.23,-32.04,10.0,4.0,md,guc
2000-03-19,18:51:35,-68.32,-21.09,100.0,4.0,mb,us
2000-03-20,04:42:56,-71.88,-32.29,20.8,3.5,md,guc
2000-03-20,08:42:14,-97.23,-36.51,10.0,5.3,mwc,hrv
2000-03-21,03:52:50,-69.11,-31.75,150.0,3.3,md,guc
2000-03-21,22:35:34,-71.81,-32.48,31.5,4.1,md,guc
2000-03-22,02:40:24,-75.44,-10.1,33.0,3.6,mb,us
2000-03-22,05:44:13,-66.81,-24.09,207.9,4.0,mb,us
2000-03-22,17:46:59,-69.42,-32.28,166.4,2.9,md,guc
2000-03-22,19:22:56,-71.21,-33.98,62.7,2.9,md,guc
2000-03-23,01:13:01,-68.71,-21.16,135.3,4.6,mb,us
2000-03-23,04:41:45,-68.14,-21.3,143.3,4.4,mb,us
2000-03-23,07:40:15,-71.11,-34.55,42.0,3.5,md,guc
2000-03-23,22:24:27,-114.1,-26.53,10.0,4.7,mb,us
2000-03-23,23:05:53,-114.23,-26.78,10.0,5.3,mwc,hrv
2000-03-24,06:06:19,-71.98,-33.27,33.0,4.2,mb,us
2000-03-24,06:18:54,-71.91,-33.32,9.5,3.8,md,guc
2000-03-24,07:46:37,-71.88,-33.35,4.2,3.5,md,guc
2000-03-24,12:07:40,-71.97,-33.31,22.5,4.2,md,guc
2000-03-24,12:16:10,-71.97,-33.31,13.1,3.6,md,guc
2000-03-24,12:21:03,-71.96,-33.32,15.3,3.5,md,guc
2000-03-25,01:56:48,-74.11,-15.6,68.0,4.6,mb,us
2000-03-25,08:03:52,-70.4,-32.89,110.1,3.8,md,guc
2000-03-25,17:26:32,-70.69,-23.36,51.4,5.1,mb,us
2000-03-25,19:05:44,-71.54,-32.58,14.8,3.7,md,guc
2000-03-25,19:23:17,-91.26,-41.11,10.0,4.8,mb,us
2000-03-25,22:58:06,-69.53,-16.11,219.5,5.3,mwc,hrv
2000-03-26,01:47:42,-70.58,-33.9,99.7,2.6,md,guc
2000-03-26,03:29:02,-71.87,-32.76,25.5,4.4,md,guc
2000-03-26,03:32:37,-71.84,-32.68,36.8,5.2,mwc,hrv
2000-03-26,03:39:23,-71.83,-32.76,26.3,4.2,md,guc
2000-03-26,04:14:09,-71.76,-32.68,25.2,3.8,md,guc
2000-03-26,04:41:04,-71.79,-32.71,14.4,3.9,md,guc
2000-03-26,05:52:03,-71.74,-32.51,17.9,3.5,md,guc
2000-03-26,06:18:23,-71.79,-32.64,15.0,3.8,md,guc
2000-03-26,08:18:06,-71.79,-32.76,13.6,3.4,md,guc
2000-03-26,08:41:56,-71.75,-32.7,9.1,3.9,md,guc
2000-03-26,09:38:38,-71.84,-32.74,11.8,3.8,md,guc
2000-03-26,10:08:24,-71.75,-32.65,8.2,3.5,md,guc
2000-03-26,10:14:02,-71.77,-32.68,7.2,3.5,md,guc
2000-03-26,15:54:25,-71.88,-32.64,14.3,4.2,md,guc
2000-03-26,16:04:03,-71.88,-32.65,23.7,4.3,md,guc
2000-03-26,22:05:20,-71.83,-32.14,10.9,3.6,md,guc
2000-03-26,22:42:00,-75.1,-8.08,122.3,4.3,mb,us
2000-03-26,23:58:13,-70.11,-32.79,111.5,2.5,md,guc
2000-03-27,09:54:19,-79.78,-5.43,76.4,4.5,mb,us
2000-03-27,10:21:21,-69.11,-19.69,125.5,4.2,mb,us
2000-03-27,10:43:16,-69.01,-33.14,14.9,3.4,md,guc
2000-03-27,14:31:19,-70.07,-34.13,6.5,3.4,md,guc
2000-03-27,19:41:23,-71.81,-32.63,13.4,3.6,md,guc
2000-03-27,19:45:38,-69.14,-19.46,150.0,4.4,mb,us
2000-03-27,20:46:35,-70.26,-33.06,96.9,2.6,md,guc
2000-03-28,06:20:58,-70.59,-33.88,90.6,2.6,md,guc
2000-03-28,11:29:08,-66.76,-24.06,207.9,4.9,mb,us
2000-03-28,12:03:14,-71.47,-32.39,31.9,3.8,md,guc
2000-03-28,18:08:23,-72.32,-33.5,15.2,3.8,md,guc
2000-03-28,21:24:16,-71.59,-32.09,19.4,3.7,md,guc
2000-03-28,22:19:08,-71.78,-32.65,13.5,3.1,md,guc
2000-03-29,01:15:35,-70.93,-27.62,33.0,4.7,mb,us
2000-03-30,00:51:46,-71.84,-29.32,33.0,4.7,mb,us
2000-03-30,07:59:56,-67.87,-24.35,123.5,4.0,mb,us
2000-03-30,22:31:50,-72.21,-52.02,33.0,4.1,mb,us
2000-03-31,00:50:34,-66.91,-24.29,181.9,4.1,mb,us
2000-03-31,01:36:22,-69.96,-32.24,144.1,3.2,md,guc
2000-03-31,23:10:13,-69.94,-17.52,137.9,3.5,mb,us
2000-04-01,00:13:14,-70.12,-31.59,137.4,3.2,md,guc
2000-04-01,00:44:39,-75.29,-42.29,33.0,4.4,mb,us
2000-04-01,09:47:26,-71.81,-32.8,11.7,3.9,md,guc
2000-04-01,09:55:49,-66.66,-27.88,169.0,4.8,mb,us
2000-04-01,13:45:53,-71.84,-32.74,14.6,4.2,md,guc
2000-04-01,21:52:19,-68.6,-30.33,122.3,4.0,mb,us
2000-04-02,06:57:02,-69.92,-32.4,111.2,3.5,md,guc
2000-04-02,14:45:47,-68.58,-22.23,105.5,3.9,mb,us
2000-04-02,15:38:38,-68.69,-31.61,100.0,3.7,md,guc
2000-04-03,00:30:56,-69.25,-32.65,20.2,3.7,md,guc
2000-04-03,07:19:43,-66.55,-21.43,228.4,3.8,mb,us
2000-04-03,07:33:51,-71.7,-32.48,33.8,3.8,md,guc
2000-04-03,08:29:41,-72.36,-33.3,34.7,4.0,md,guc
2000-04-04,01:44:58,-71.77,-32.76,11.8,3.8,md,guc
2000-04-04,07:40:28,-67.12,-24.34,181.5,3.8,mb,us
2000-04-04,10:59:45,-97.17,-36.37,10.0,5.1,mwc,hrv
2000-04-04,17:04:22,-123.89,-55.56,10.0,4.7,mb,us
2000-04-05,09:45:05,-69.46,-31.32,150.0,3.5,md,guc
2000-04-05,16:02:48,-71.4,-40.56,152.3,4.7,mb,us
2000-04-06,02:14:06,-68.33,-20.95,144.0,3.6,mb,us
2000-04-06,06:37:26,-72.96,-10.09,33.0,4.0,mb,us
2000-04-06,11:44:27,-70.9,-34.1,78.6,2.1,md,guc
2000-04-07,00:51:31,-71.18,-34.85,10.8,3.5,md,guc
2000-04-07,21:15:33,-73.03,-11.52,36.4,4.7,mb,us
2000-04-08,00:37:36,-66.75,-23.8,202.0,3.9,mb,us
2000-04-08,07:38:59,-66.74,-23.95,213.1,4.1,mb,us
2000-04-09,03:43:51,-71.06,-33.52,58.4,2.3,md,guc
2000-04-09,10:32:51,-105.34,-35.41,10.0,4.6,mb,us
2000-04-09,17:14:58,-70.76,-34.67,103.4,2.6,md,guc
2000-04-10,01:00:34,-69.74,-32.99,138.1,2.8,md,guc
2000-04-10,03:30:43,-71.3,-31.92,45.5,3.5,md,guc
2000-04-10,10:29:02,-71.46,-35.35,83.6,3.2,md,guc
2000-04-10,22:03:53,-79.92,-8.22,33.0,4.4,mb,us
2000-04-11,00:51:01,-68.3,-31.88,100.0,3.8,md,guc
2000-04-11,05:47:05,-71.28,-15.5,148.3,4.2,mb,us
2000-04-11,08:13:40,-70.03,-31.74,118.4,4.3,mb,us
2000-04-11,14:05:31,-69.13,-32.92,3.5,3.5,md,guc
2000-04-11,15:10:18,-66.41,-23.65,218.4,3.9,mb,us
2000-04-12,05:29:40,-68.0,-31.46,33.0,4.2,mb,us
2000-04-13,04:51:47,-77.62,-10.01,88.7,4.4,mb,us
2000-04-13,12:18:45,-71.49,-33.94,46.8,3.7,md,guc
2000-04-13,19:03:10,-69.95,-32.48,133.0,2.9,md,guc
2000-04-13,22:54:19,-70.48,-32.31,103.8,4.4,mb,us
2000-04-14,14:44:52,-70.61,-33.4,81.9,2.6,md,guc
2000-04-14,16:16:29,-70.71,-15.63,161.6,3.2,mb,us
2000-04-14,23:06:31,-70.43,-34.78,132.6,2.9,md,guc
2000-04-15,00:58:52,-68.46,-31.57,200.0,3.8,md,guc
2000-04-15,04:17:21,-71.42,-32.42,40.0,4.5,md,guc
2000-04-15,07:14:01,-74.47,-15.5,59.3,4.6,mb,us
2000-04-15,16:07:45,-69.32,-17.53,158.3,4.0,mb,us
2000-04-15,16:53:12,-69.1,-31.39,200.0,3.7,md,guc
2000-04-15,22:13:19,-73.56,-16.29,66.6,4.3,mb,us
2000-04-16,01:59:11,-66.55,-23.06,226.6,3.7,mb,us
2000-04-16,16:33:26,-69.41,-16.67,188.9,3.9,mb,us
2000-04-16,21:42:35,-71.21,-35.17,87.1,3.2,md,guc
2000-04-17,00:31:14,-70.17,-31.74,138.7,2.9,md,guc
2000-04-17,07:14:22,-71.71,-32.95,35.3,3.0,md,guc
2000-04-18,02:31:56,-69.8,-17.2,151.5,3.8,mb,us
2000-04-18,07:58:28,-69.06,-27.47,110.0,4.5,mb,us
2000-04-18,12:12:27,-70.28,-32.17,113.6,2.3,md,guc
2000-04-18,12:52:00,-69.29,-31.45,129.5,4.1,mb,us
2000-04-18,18:10:11,-67.16,-23.8,254.2,3.7,mb,us
2000-04-19,10:54:45,-67.7,-23.58,145.1,3.7,mb,us
2000-04-19,13:34:24,-71.47,-32.82,34.7,3.4,md,guc
2000-04-19,17:26:33,-71.59,-31.97,41.2,3.4,md,guc
2000-04-19,20:46:10,-72.12,-34.27,23.5,3.6,md,guc
2000-04-20,03:04:04,-70.23,-17.39,137.3,4.0,mb,us
2000-04-20,10:19:43,-70.8,-34.49,93.1,2.7,md,guc
2000-04-21,07:05:55,-70.54,-33.7,91.7,2.2,md,guc
2000-04-21,08:34:42,-108.78,-9.2,10.0,4.2,mb,us
2000-04-21,11:54:32,-70.71,-34.0,94.2,2.3,md,guc
2000-04-22,02:50:39,-66.92,-22.02,194.0,3.9,mb,us
2000-04-22,11:15:56,-71.68,-32.07,38.5,3.8,md,guc
2000-04-22,21:36:28,-69.05,-27.05,121.3,4.8,mb,us
2000-04-23,00:32:26,-66.85,-24.2,149.1,4.3,mb,us
2000-04-23,03:23:24,-68.6,-31.6,150.0,3.9,md,guc
2000-04-23,03:44:14,-72.16,-33.0,14.2,3.3,md,guc
2000-04-23,07:06:59,-72.16,-33.04,14.5,3.8,md,guc
2000-04-23,09:27:23,-62.99,-28.31,608.5,7.0,mwb,us
2000-04-23,09:53:17,-71.66,-35.2,34.6,3.5,md,guc
2000-04-23,10:31:11,-72.47,-33.31,31.9,3.5,md,guc
2000-04-23,12:48:54,-62.95,-28.39,622.4,4.5,mb,us
2000-04-23,12:52:55,-71.61,-18.97,33.0,3.7,mb,us
2000-04-23,15:03:43,-72.1,-32.54,31.3,3.7,md,guc
2000-04-23,17:01:17,-62.94,-28.38,609.8,6.1,mwc,hrv
2000-04-23,18:40:24,-72.13,-33.02,15.0,3.5,md,guc
2000-04-23,20:36:53,-118.01,-53.22,10.0,5.6,mwc,hrv
2000-04-23,21:16:30,-70.18,-33.45,103.0,2.3,md,guc
2000-04-24,03:37:50,-70.07,-33.56,7.5,3.1,md,guc
2000-04-24,05:53:02,-68.61,-20.44,143.1,3.7,mb,us
2000-04-24,07:41:41,-70.81,-32.75,72.3,2.6,md,guc
2000-04-24,10:32:17,-70.63,-17.98,55.9,5.1,mb,us
2000-04-24,12:00:44,-70.11,-33.47,10.1,3.4,md,guc
2000-04-24,13:51:31,-69.79,-32.04,145.4,3.4,md,guc
2000-04-25,00:23:18,-74.96,-13.27,107.5,5.1,mwc,hrv
2000-04-25,00:53:43,-70.81,-33.25,75.3,2.3,md,guc
2000-04-25,02:41:15,-71.07,-31.74,106.8,3.5,md,guc
2000-04-25,07:42:43,-71.53,-30.27,35.6,3.8,md,guc
2000-04-26,10:02:41,-71.08,-32.14,83.7,3.0,md,guc
2000-04-26,22:35:30,-67.36,-29.05,133.4,3.9,mb,us
2000-04-27,16:35:50,-70.42,-33.48,95.5,2.9,md,guc
2000-04-28,01:28:36,-71.28,-33.1,40.8,3.3,md,guc
2000-04-28,06:02:58,-71.77,-32.39,11.7,4.1,md,guc
2000-04-28,06:18:04,-71.64,-32.48,0.2,3.7,md,guc
2000-04-28,06:23:01,-71.73,-32.41,14.5,3.8,md,guc
2000-04-28,09:17:55,-71.54,-29.28,58.5,4.4,mb,us
2000-04-28,16:17:27,-71.64,-32.2,35.8,4.1,md,guc
2000-04-28,20:23:45,-71.55,-32.4,45.2,4.3,md,guc
2000-04-29,04:56:52,-67.45,-20.98,181.3,4.5,mb,us
2000-04-29,14:36:40,-70.14,-33.79,123.4,2.5,md,guc
2000-04-29,17:42:47,-69.55,-17.6,154.2,4.5,mb,us
2000-04-29,19:52:22,-77.06,-6.41,124.6,5.7,mwc,hrv
2000-04-30,04:35:02,-70.8,-33.9,80.7,3.1,md,guc
2000-04-30,05:31:26,-66.04,-27.02,35.6,5.2,mwc,hrv
2000-05-01,00:19:56,-66.68,-24.11,207.7,4.5,mb,us
2000-05-01,06:50:27,-70.25,-34.36,8.2,3.0,md,guc
2000-05-01,07:10:35,-71.33,-32.01,26.0,3.5,md,guc
2000-05-01,07:28:21,-70.26,-31.86,124.9,2.8,md,guc
2000-05-01,21:20:40,-70.38,-34.07,9.7,3.9,md,guc
2000-05-01,21:45:32,-70.4,-33.65,105.3,2.9,md,guc
2000-05-03,07:35:00,-67.33,-31.4,26.4,4.3,mb,us
2000-05-03,08:10:30,-71.29,-31.96,71.1,3.6,mb,us
2000-05-03,17:52:36,-69.42,-17.59,148.0,4.5,mb,us
2000-05-03,20:15:39,-72.14,-36.33,69.1,3.3,mb,us
2000-05-04,07:36:17,-71.41,-33.8,45.8,3.1,md,guc
2000-05-04,08:06:32,-71.41,-33.81,47.3,2.9,md,guc
2000-05-04,11:12:49,-71.41,-33.78,42.3,3.6,md,guc
2000-05-04,11:16:08,-71.4,-33.81,45.7,2.9,md,guc
2000-05-04,11:19:49,-71.41,-33.81,45.5,2.9,md,guc
2000-05-04,11:35:23,-71.41,-33.81,46.0,2.8,md,guc
2000-05-04,11:40:34,-71.4,-33.81,46.8,3.1,md,guc
2000-05-04,11:50:10,-71.4,-33.8,46.8,3.6,md,guc
2000-05-04,11:52:58,-71.41,-33.83,47.0,3.1,md,guc
2000-05-04,17:46:43,-79.44,-8.88,33.0,4.0,mb,us
2000-05-05,15:17:23,-72.08,-36.36,69.3,3.2,md,guc
2000-05-06,05:32:00,-74.21,-16.14,61.6,3.6,mb,us
2000-05-06,12:17:02,-67.62,-22.51,164.4,3.9,mb,us
2000-05-06,15:49:32,-72.79,-33.37,32.5,3.8,md,guc
2000-05-07,00:35:41,-71.55,-32.25,5.3,3.6,md,guc
2000-05-07,07:44:03,-64.91,-17.09,36.8,4.4,mb,us
2000-05-08,06:23:32,-71.43,-31.57,29.8,4.0,md,guc
2000-05-08,17:35:13,-70.31,-34.0,105.5,2.6,md,guc
2000-05-08,18:12:06,-80.77,-6.42,46.9,4.3,mb,us
2000-05-09,00:45:40,-69.91,-25.96,57.0,5.2,mwc,hrv
2000-05-09,02:02:41,-73.36,-18.28,33.0,4.6,mb,us
2000-05-09,04:37:11,-71.68,-33.35,25.7,3.4,md,guc
2000-05-09,06:59:47,-70.33,-32.88,99.7,2.3,md,guc
2000-05-09,10:17:47,-76.02,-12.82,100.3,3.9,mb,us
2000-05-09,11:02:37,-76.64,-12.92,59.2,4.6,mb,us
2000-05-09,20:34:09,-71.02,-32.05,78.3,3.3,md,guc
2000-05-09,21:50:34,-54.72,-61.1,33.0,4.2,mb,us
2000-05-10,14:14:49,-70.76,-32.07,107.1,3.3,md,guc
2000-05-10,15:56:59,-70.5,-35.6,193.0,3.5,md,guc
2000-05-10,23:55:20,-88.25,-41.29,10.0,4.5,mb,us
2000-05-11,02:14:23,-70.4,-33.75,105.7,3.3,md,guc
2000-05-11,10:06:02,-71.57,-35.21,54.0,4.0,md,guc
2000-05-11,11:14:16,-71.92,-15.25,131.2,3.8,mb,us
2000-05-11,13:56:04,-69.71,-31.71,161.4,3.7,md,guc
2000-05-11,18:50:34,-70.26,-32.89,109.7,2.6,md,guc
2000-05-12,07:33:32,-71.2,-30.9,89.0,4.0,mb,us
2000-05-12,11:58:48,-70.47,-27.75,75.6,4.4,mb,us
2000-05-12,18:43:18,-66.45,-23.55,225.0,7.2,mwc,hrv
2000-05-12,19:49:16,-66.79,-24.05,208.0,4.0,mb,us
2000-05-12,22:53:38,-70.48,-33.43,93.2,2.6,md,guc
2000-05-13,01:36:24,-53.7,-58.59,10.0,4.4,mb,us
2000-05-13,02:11:50,-66.61,-23.83,214.6,4.1,mb,us
2000-05-13,10:17:38,-71.98,-31.41,47.1,4.3,md,guc
2000-05-13,12:17:03,-70.28,-31.9,125.9,3.1,md,guc
2000-05-13,23:54:16,-69.52,-31.74,130.0,3.2,md,guc
2000-05-14,13:16:39,-66.61,-23.98,214.0,3.9,mb,us
2000-05-14,19:05:58,-70.45,-32.0,115.9,2.6,md,guc
2000-05-14,19:59:15,-69.04,-17.95,114.3,3.5,mb,us
2000-05-14,20:56:06,-66.83,-24.1,197.9,3.8,mb,us
2000-05-15,06:50:36,-70.86,-33.77,72.4,2.6,md,guc
2000-05-15,09:38:41,-68.52,-34.04,16.8,3.4,md,guc
2000-05-15,11:24:46,-68.88,-20.01,112.0,4.7,mb,us
2000-05-15,12:38:19,-70.22,-33.2,107.8,4.1,md,guc
2000-05-15,16:18:47,-66.81,-23.99,190.7,4.5,mb,us
2000-05-17,08:32:55,-78.53,-9.68,52.1,4.6,mb,us
2000-05-17,12:37:39,-72.12,-31.6,33.0,4.4,md,guc
2000-05-17,17:54:13,-70.0,-35.4,156.5,3.9,mb,us
2000-05-18,00:51:00,-71.17,-35.95,120.0,3.1,md,guc
2000-05-18,02:58:35,-71.9,-31.69,32.1,4.2,md,guc
2000-05-18,04:09:06,-70.85,-33.52,73.1,2.6,md,guc
2000-05-18,06:06:27,-71.93,-31.71,33.7,4.0,md,guc
2000-05-18,10:05:33,-69.3,-31.21,218.4,3.5,md,guc
2000-05-18,14:14:07,-71.95,-31.84,29.7,3.9,md,guc
2000-05-18,17:14:25,-71.69,-32.75,19.0,4.1,md,guc
2000-05-18,18:10:11,-69.96,-32.46,130.6,3.3,md,guc
2000-05-18,18:44:54,-70.49,-25.33,33.0,4.4,mb,us
2000-05-18,18:48:56,-71.14,-31.92,65.5,3.1,md,guc
2000-05-18,20:55:02,-70.29,-33.02,107.0,2.7,md,guc
2000-05-19,02:26:13,-70.44,-33.19,94.5,2.6,md,guc
2000-05-19,04:40:42,-69.14,-31.4,114.2,3.8,mb,us
2000-05-19,06:22:00,-72.42,-37.29,74.4,3.6,md,guc
2000-05-19,06:30:04,-67.01,-21.94,199.1,3.9,mb,us
2000-05-19,08:24:03,-95.09,-37.03,33.0,4.4,mb,us
2000-05-19,11:44:00,-71.44,-30.93,33.0,4.3,md,guc
2000-05-19,14:43:24,-70.42,-31.84,114.8,4.7,mb,us
2000-05-20,02:22:34,-71.45,-31.04,61.6,4.5,mb,us
2000-05-20,07:42:50,-71.91,-31.8,28.1,4.0,md,guc
2000-05-21,00:05:42,-71.17,-30.82,47.5,4.0,md,guc
2000-05-21,00:17:58,-71.02,-28.68,80.1,4.0,mb,us
2000-05-21,01:57:50,-66.63,-23.9,220.4,3.9,mb,us
2000-05-21,21:59:42,-71.7,-37.68,94.8,3.9,mb,us
2000-05-22,11:02:47,-70.21,-34.36,7.2,3.9,md,guc
2000-05-22,13:15:09,-81.1,-4.1,33.0,5.8,mwc,hrv
2000-05-22,14:01:55,-72.26,-33.96,23.4,3.8,md,guc
2000-05-22,18:54:00,-69.91,-32.58,110.5,4.5,mb,us
2000-05-22,19:03:40,-70.59,-32.02,117.8,3.3,md,guc
2000-05-22,23:45:04,-71.09,-34.65,88.6,3.3,md,guc
2000-05-23,08:58:16,-71.18,-32.04,71.5,3.4,md,guc
2000-05-23,09:53:38,-66.52,-21.27,225.9,4.7,mb,us
2000-05-23,16:05:57,-66.94,-24.46,186.3,5.2,mwc,hrv
2000-05-24,00:42:36,-69.93,-35.06,23.9,3.8,md,guc
2000-05-24,09:20:48,-66.68,-24.02,214.5,4.1,mb,us
2000-05-24,16:44:48,-100.38,-36.32,10.0,4.5,mb,us
2000-05-24,18:04:50,-71.62,-30.72,33.0,4.3,mb,us
2000-05-25,16:35:01,-70.95,-28.97,100.0,3.9,mb,us
2000-05-26,07:59:24,-71.75,-31.09,36.3,4.2,md,guc
2000-05-26,19:37:57,-71.43,-30.34,45.9,4.1,mb,us
2000-05-27,01:01:26,-70.1,-32.68,116.2,3.8,md,guc
2000-05-27,02:34:43,-71.87,-32.6,20.8,4.0,md,guc
2000-05-27,14:55:57,-71.18,-35.37,116.3,3.0,md,guc
2000-05-28,05:28:12,-70.1,-34.07,6.6,3.7,md,guc
2000-05-28,08:46:56,-66.68,-24.03,185.2,4.4,mb,us
2000-05-28,10:03:50,-70.42,-33.39,96.1,2.8,md,guc
2000-05-28,10:09:33,-71.04,-34.86,97.3,2.3,md,guc
2000-05-29,02:30:55,-68.5,-33.42,10.0,4.3,md,guc
2000-05-29,08:11:35,-71.84,-31.73,23.6,4.3,md,guc
2000-05-29,15:06:15,-69.93,-32.17,138.0,3.5,mb,us
2000-05-29,20:42:59,-70.76,-34.62,98.6,2.9,md,guc
2000-05-30,08:15:19,-72.02,-33.03,8.3,3.4,md,guc
2000-05-30,08:28:01,-70.02,-34.28,3.5,3.3,md,guc
2000-05-31,06:13:25,-71.54,-32.35,29.7,3.9,md,guc
2000-05-31,23:21:05,-70.68,-34.14,93.2,2.1,md,guc
2000-05-31,23:58:14,-68.63,-31.28,117.4,3.7,mb,us
2000-06-01,00:44:58,-72.39,-34.66,25.6,3.9,md,guc
2000-06-01,03:25:31,-66.88,-23.99,199.5,4.3,mb,us
2000-06-01,10:11:15,-70.7,-33.9,81.5,3.3,md,guc
2000-06-01,11:09:19,-72.26,-34.24,38.9,4.0,md,guc
2000-06-01,13:46:53,-74.63,-8.62,33.0,3.8,mb,us
2000-06-01,16:45:06,-70.68,-34.61,112.7,2.9,md,guc
2000-06-01,20:32:22,-66.79,-23.97,189.9,4.0,mb,us
2000-06-01,21:59:20,-70.44,-32.99,96.2,3.1,md,guc
2000-06-02,05:21:57,-70.96,-34.54,90.7,3.9,mb,us
2000-06-02,07:17:04,-66.68,-23.89,201.5,4.2,mb,us
2000-06-02,09:10:32,-71.22,-29.14,47.4,4.3,mb,us
2000-06-02,09:22:39,-71.56,-32.37,39.0,3.6,md,guc
2000-06-02,12:44:31,-71.61,-33.56,38.5,3.8,md,guc
2000-06-03,00:11:27,-71.37,-31.46,49.1,4.0,md,guc
2000-06-03,02:53:58,-71.45,-35.46,44.3,3.8,md,guc
2000-06-03,06:00:27,-68.77,-19.93,139.4,4.2,mb,us
2000-06-03,09:02:24,-72.04,-33.02,10.5,3.5,md,guc
2000-06-03,09:35:04,-72.0,-33.02,14.9,3.5,md,guc
2000-06-03,10:12:34,-71.17,-34.4,150.0,2.5,md,guc
2000-06-03,11:55:01,-75.66,-8.4,33.0,4.6,mb,us
2000-06-03,16:20:36,-78.66,-8.94,68.9,4.1,mb,us
2000-06-03,20:50:15,-75.08,-12.31,102.9,4.1,mb,us
2000-06-04,02:47:32,-68.36,-31.97,150.0,3.6,md,guc
2000-06-04,07:18:08,-71.2,-29.5,49.9,4.2,mb,us
2000-06-04,21:36:00,-69.95,-32.22,142.5,2.7,md,guc
2000-06-05,05:43:06,-70.53,-32.34,101.4,2.6,md,guc
2000-06-05,13:06:02,-70.15,-33.04,106.3,2.6,md,guc
2000-06-05,16:51:26,-71.64,-32.62,7.2,3.7,md,guc
2000-06-05,21:55:32,-71.73,-32.78,15.9,3.4,md,guc
2000-06-05,22:31:27,-70.82,-33.48,71.2,3.6,md,guc
2000-06-06,00:15:47,-72.48,-33.68,4.6,4.0,mb,us
2000-06-06,05:16:55,-70.03,-31.95,137.4,3.8,md,guc
2000-06-06,21:53:08,-68.58,-33.06,10.0,3.9,md,guc
2000-06-07,09:53:03,-70.56,-35.06,15.3,3.9,md,guc
2000-06-07,22:40:46,-66.61,-23.53,178.9,3.6,mb,us
2000-06-08,01:30:26,-70.78,-34.48,100.9,3.4,md,guc
2000-06-08,04:51:49,-68.92,-20.46,92.8,4.3,mb,us
2000-06-08,20:56:17,-72.02,-30.42,25.4,4.6,md,guc
2000-06-08,21:17:51,-70.4,-33.02,5.4,3.1,md,guc
2000-06-09,11:42:29,-69.96,-33.45,7.2,3.8,md,guc
2000-06-10,05:39:11,-63.42,-26.9,570.8,3.8,mb,us
2000-06-10,14:09:18,-79.64,-6.69,33.0,4.6,mb,us
2000-06-10,20:02:53,-112.43,-29.17,10.0,5.2,ms,us
2000-06-11,03:54:52,-70.47,-34.44,124.5,2.9,md,guc
2000-06-11,04:38:56,-71.83,-34.83,40.0,4.1,mb,us
2000-06-11,06:20:22,-68.93,-31.2,150.0,3.9,md,guc
2000-06-11,12:52:02,-68.42,-31.32,10.0,3.6,md,guc
2000-06-12,07:40:54,-103.44,-35.98,10.0,4.5,mb,us
2000-06-12,14:47:59,-66.44,-22.96,241.9,4.7,mb,us
2000-06-13,03:07:30,-69.87,-31.82,100.0,3.9,md,guc
2000-06-13,10:30:09,-71.84,-32.7,6.8,3.9,md,guc
2000-06-13,16:19:47,-70.28,-33.64,100.0,3.5,md,guc
2000-06-13,21:37:26,-71.6,-32.29,7.0,3.6,md,guc
2000-06-14,03:19:18,-66.75,-24.03,196.5,5.9,mwc,hrv
2000-06-14,10:03:07,-68.7,-24.1,104.9,4.9,mb,us
2000-06-14,11:25:25,-66.77,-19.48,275.4,4.1,mb,us
2000-06-14,14:51:17,-75.36,-15.32,33.0,4.2,mb,us
2000-06-14,15:19:37,-85.59,-41.36,10.0,4.6,mb,us
2000-06-14,19:17:58,-71.68,-32.53,14.7,3.7,md,guc
2000-06-15,03:34:27,-69.91,-32.23,139.2,2.7,md,guc
2000-06-15,04:35:40,-71.11,-17.99,33.0,4.3,mb,us
2000-06-15,07:36:04,-66.63,-23.75,200.0,4.0,mb,us
2000-06-15,07:39:17,-67.72,-23.61,150.0,4.3,mb,us
2000-06-15,17:34:38,-66.71,-21.38,224.2,3.7,mb,us
2000-06-15,17:52:38,-76.95,-13.55,33.0,3.9,mb,us
2000-06-15,18:10:29,-71.48,-32.54,14.8,3.5,md,guc
2000-06-16,07:55:35,-70.09,-33.88,120.2,6.4,mwc,hrv
2000-06-16,08:06:15,-70.4,-33.94,108.3,2.6,md,guc
2000-06-16,08:17:54,-72.06,-33.49,47.5,3.9,md,guc
2000-06-16,09:14:09,-70.36,-33.91,109.1,2.6,md,guc
2000-06-16,09:27:49,-70.33,-33.88,111.1,2.2,md,guc
2000-06-16,10:46:26,-70.42,-33.94,109.4,3.3,md,guc
2000-06-16,10:58:31,-75.78,-14.39,33.0,4.4,mb,us
2000-06-16,17:35:23,-70.43,-33.89,111.0,2.5,md,guc
2000-06-16,20:14:18,-70.4,-33.9,110.3,2.5,md,guc
2000-06-17,00:45:21,-70.35,-33.9,109.7,3.1,md,guc
2000-06-17,01:53:18,-70.44,-33.9,109.2,2.8,md,guc
2000-06-17,02:03:54,-70.85,-33.45,70.7,2.1,md,guc
2000-06-17,02:35:39,-67.9,-23.18,116.8,4.0,mb,us
2000-06-17,04:15:56,-70.24,-32.92,111.4,2.6,md,guc
2000-06-17,04:40:49,-70.41,-33.89,112.9,2.3,md,guc
2000-06-17,05:59:24,-70.55,-32.97,88.9,3.0,md,guc
2000-06-17,08:14:46,-70.41,-33.88,109.3,3.3,md,guc
2000-06-17,09:49:29,-70.28,-33.01,98.0,2.3,md,guc
2000-06-17,10:32:49,-70.43,-33.94,113.0,2.5,md,guc
2000-06-17,13:15:32,-66.62,-23.91,212.7,4.3,mb,us
2000-06-17,20:22:08,-70.85,-33.01,76.3,2.8,md,guc
2000-06-17,20:43:19,-69.06,-32.17,0.2,4.1,md,guc
2000-06-18,05:10:40,-70.42,-32.93,92.6,2.6,md,guc
2000-06-18,15:28:04,-71.75,-32.77,14.3,4.0,md,guc
2000-06-18,18:58:04,-68.86,-19.92,33.0,3.9,mb,us
2000-06-19,03:32:55,-67.81,-29.34,115.2,4.7,mb,us
2000-06-19,07:26:14,-70.25,-33.9,110.3,2.8,md,guc
2000-06-20,00:33:31,-70.18,-33.42,110.0,2.5,md,guc
2000-06-21,00:43:27,-70.35,-33.9,111.1,2.6,md,guc
2000-06-21,01:31:34,-70.83,-32.69,85.4,2.6,md,guc
2000-06-21,07:11:37,-75.44,-45.79,33.0,4.5,mb,us
2000-06-21,12:06:35,-71.75,-32.61,14.9,3.8,md,guc
2000-06-21,14:17:57,-70.67,-26.46,33.0,4.9,mb,us
2000-06-21,15:43:08,-70.65,-34.34,108.7,2.6,md,guc
2000-06-21,22:42:40,-70.46,-34.15,104.5,2.2,md,guc
2000-06-22,04:20:17,-71.74,-32.56,15.0,3.8,md,guc
2000-06-22,12:14:09,-66.5,-21.36,223.9,4.5,mb,us
2000-06-23,05:59:03,-70.19,-32.92,112.9,3.8,md,guc
2000-06-23,07:43:47,-72.08,-33.09,6.2,3.7,md,guc
2000-06-23,15:04:50,-70.42,-33.61,95.4,3.0,md,guc
2000-06-23,21:46:39,-71.96,-32.59,23.4,3.6,md,guc
2000-06-24,00:11:23,-72.62,-35.34,23.8,3.7,md,guc
2000-06-24,04:28:27,-72.01,-33.78,30.4,3.5,md,guc
2000-06-24,17:25:44,-66.94,-24.19,194.6,4.2,mb,us
2000-06-24,23:00:07,-71.25,-33.33,48.8,3.8,md,guc
2000-06-25,11:49:20,-94.75,-37.46,10.0,4.6,mb,us
2000-06-26,02:39:17,-74.28,-8.04,143.7,3.4,mb,us
2000-06-26,04:22:29,-71.56,-32.77,47.6,3.5,md,guc
2000-06-26,05:20:23,-93.36,-38.38,10.0,4.6,mb,us
2000-06-26,07:12:33,-71.87,-32.2,13.8,4.1,md,guc
2000-06-26,07:14:43,-71.79,-32.23,11.9,4.0,md,guc
2000-06-26,07:50:16,-71.81,-32.19,14.8,3.9,md,guc
2000-06-27,07:38:34,-69.46,-17.36,90.2,4.3,mb,us
2000-06-27,08:48:57,-65.96,-22.82,258.0,4.5,mb,us
2000-06-27,18:51:01,-70.31,-35.13,14.1,4.2,md,guc
2000-06-28,02:45:53,-115.26,-24.48,10.0,4.7,mb,us
2000-06-28,04:26:22,-72.24,-33.25,14.6,3.3,md,guc
2000-06-28,15:49:14,-71.97,-32.11,21.5,4.7,md,guc
2000-06-28,22:03:03,-71.44,-32.44,46.1,3.3,md,guc
2000-06-29,00:19:26,-73.33,-16.35,60.2,4.3,mb,us
2000-06-29,05:12:21,-72.74,-35.25,14.3,3.8,md,guc
2000-06-29,05:27:11,-72.63,-35.38,14.6,4.2,md,guc
2000-06-29,06:18:02,-71.66,-32.59,49.2,4.3,mb,us
2000-06-29,16:48:20,-70.72,-35.42,11.6,3.7,md,guc
2000-06-29,17:14:48,-71.57,-32.53,15.0,3.9,md,guc
2000-06-29,23:20:57,-71.53,-30.23,51.0,4.3,md,guc
2000-06-30,01:51:22,-71.55,-32.0,40.3,4.0,md,guc
2000-06-30,03:42:14,-72.08,-32.17,36.1,4.0,md,guc
2000-06-30,14:12:34,-68.48,-22.01,133.7,4.3,mb,us
2000-07-01,21:23:59,-69.8,-31.72,130.0,3.5,md,guc
2000-07-01,23:33:59,-71.97,-32.11,28.9,4.1,md,guc
2000-07-02,07:52:46,-71.27,-32.63,93.8,3.0,md,guc
2000-07-02,18:38:09,-70.25,-33.7,121.7,2.6,md,guc
2000-07-02,20:25:17,-70.19,-34.3,6.9,4.0,md,guc
2000-07-02,21:46:29,-70.31,-34.45,10.0,4.4,md,guc
2000-07-03,04:22:00,-71.32,-33.41,45.3,4.2,md,guc
2000-07-03,11:50:57,-67.45,-18.98,200.0,4.0,mb,us
2000-07-03,13:20:01,-72.17,-32.32,15.4,4.3,md,guc
2000-07-03,15:46:01,-70.55,-34.15,100.3,2.8,md,guc
2000-07-03,16:20:52,-71.34,-33.49,42.5,3.1,md,guc
2000-07-03,16:23:56,-72.1,-32.17,21.6,3.9,md,guc
2000-07-04,05:19:51,-70.27,-34.25,2.9,3.7,md,guc
2000-07-04,12:00:54,-70.19,-34.34,14.7,3.7,md,guc
2000-07-04,19:18:58,-71.9,-31.86,33.0,4.0,md,guc
2000-07-05,02:12:26,-71.87,-33.46,2.2,3.7,md,guc
2000-07-05,03:57:27,-70.88,-32.77,69.5,3.0,md,guc
2000-07-05,06:44:01,-70.25,-31.93,151.6,3.9,md,guc
2000-07-05,08:13:44,-70.4,-33.91,112.0,2.9,md,guc
2000-07-05,09:44:29,-71.8,-30.78,33.0,4.4,mb,us
2000-07-05,11:27:24,-71.73,-30.74,33.0,4.4,md,guc
2000-07-05,15:22:29,-66.56,-21.64,233.8,4.8,mb,us
2000-07-05,18:14:24,-71.39,-30.64,55.3,4.0,md,guc
2000-07-05,18:57:37,-73.86,-15.2,86.1,4.3,mb,us
2000-07-07,05:26:43,-66.61,-28.01,174.0,5.3,mwc,hrv
2000-07-07,06:22:09,-70.44,-32.96,100.3,2.8,md,guc
2000-07-07,21:45:38,-66.83,-24.11,197.8,4.3,mb,us
2000-07-08,19:55:01,-70.57,-20.45,61.1,4.4,mb,us
2000-07-09,17:59:38,-71.28,-29.14,62.6,4.5,mb,us
2000-07-09,21:07:07,-74.8,-8.62,133.7,4.2,mb,us
2000-07-11,06:43:31,-70.87,-20.67,33.0,4.3,mb,us
2000-07-12,06:13:25,-72.12,-34.03,50.3,4.3,mb,us
2000-07-12,08:35:09,-69.52,-17.62,109.5,4.0,mb,us
2000-07-12,09:35:32,-71.74,-30.81,30.9,4.8,mb,us
2000-07-12,21:41:37,-70.0,-31.41,123.1,4.6,mb,us
2000-07-12,21:55:34,-116.16,-17.82,10.0,4.8,mb,us
2000-07-13,02:19:29,-68.94,-19.98,115.3,4.1,mb,us
2000-07-13,05:25:19,-71.66,-16.75,38.1,5.2,mwc,hrv
2000-07-13,06:25:18,-71.96,-34.29,39.7,4.8,mb,us
2000-07-13,11:32:55,-70.42,-33.7,11.0,3.8,md,guc
2000-07-13,19:15:43,-72.76,-32.29,41.8,3.8,md,guc
2000-07-14,04:20:45,-71.54,-32.69,27.6,3.5,md,guc
2000-07-14,07:25:51,-73.71,-15.65,70.9,4.7,mb,us
2000-07-15,10:28:52,-70.5,-33.8,88.9,3.5,md,guc
2000-07-16,20:46:43,-68.53,-21.37,144.0,4.4,mb,us
2000-07-16,23:30:55,-69.9,-32.04,150.0,3.9,md,guc
2000-07-17,19:45:11,-68.39,-22.46,137.9,4.2,mb,us
2000-07-18,05:52:44,-71.81,-32.83,10.2,3.7,md,guc
2000-07-18,09:05:27,-71.95,-33.53,45.2,4.1,md,guc
2000-07-18,18:41:01,-111.96,-24.8,10.0,4.6,mb,us
2000-07-19,03:00:00,-112.17,-24.39,10.0,4.4,mb,us
2000-07-19,04:07:12,-71.89,-30.99,17.9,4.1,md,guc
2000-07-19,04:18:49,-71.88,-30.91,39.0,4.2,md,guc
2000-07-19,08:14:32,-72.32,-33.0,4.8,3.7,md,guc
2000-07-19,11:29:40,-71.49,-32.61,51.7,3.7,md,guc
2000-07-20,01:31:30,-71.87,-32.67,28.7,3.6,md,guc
2000-07-20,04:59:08,-71.77,-31.08,16.5,4.3,md,guc
2000-07-20,08:33:30,-71.56,-30.5,65.4,4.0,md,guc
2000-07-20,10:05:45,-71.78,-32.21,26.7,3.8,md,guc
2000-07-20,17:51:07,-66.13,-22.7,260.8,4.6,mb,us
2000-07-21,18:15:31,-79.92,-10.34,33.0,4.6,mb,us
2000-07-22,09:09:06,-72.09,-31.09,33.0,4.7,mb,us
2000-07-22,13:18:10,-71.5,-31.92,37.8,4.3,md,guc
2000-07-22,19:18:35,-96.48,-37.27,10.0,4.4,ms,us
2000-07-23,02:36:53,-69.0,-20.48,116.4,3.7,mb,us
2000-07-23,04:36:06,-108.85,-36.08,10.0,4.5,mb,us
2000-07-23,04:43:03,-67.72,-20.68,173.3,4.5,mb,us
2000-07-23,19:15:35,-65.82,-60.39,33.0,4.7,mb,us
2000-07-23,21:54:51,-68.12,-21.33,141.8,4.5,mb,us
2000-07-25,06:54:22,-106.95,-34.96,10.0,4.4,mb,us
2000-07-25,09:05:41,-66.66,-23.42,199.6,4.0,mb,us
2000-07-25,12:46:14,-70.57,-33.34,98.3,2.2,md,guc
2000-07-25,16:36:52,-70.69,-33.87,79.8,2.9,md,guc
2000-07-25,16:50:42,-75.59,-15.56,33.0,4.2,mb,us
2000-07-26,01:31:50,-67.2,-29.54,50.3,4.4,mb,us
2000-07-26,03:14:04,-71.86,-32.64,27.0,4.0,md,guc
2000-07-26,07:10:26,-71.33,-31.98,80.8,3.2,md,guc
2000-07-26,08:14:00,-68.33,-21.79,146.6,4.4,mb,us
2000-07-26,20:08:57,-68.47,-32.84,145.8,3.5,md,guc
2000-07-26,21:59:22,-112.11,-24.51,10.0,4.3,mb,us
2000-07-27,01:33:40,-65.37,-58.79,33.0,4.0,mb,us
2000-07-27,03:18:36,-73.52,-37.24,30.7,5.0,mb,us
2000-07-27,03:24:30,-72.81,-37.09,33.0,4.3,mb,us
2000-07-27,08:31:27,-68.54,-23.62,109.0,5.3,mwc,hrv
2000-07-28,20:38:17,-70.07,-32.7,122.4,3.6,md,guc
2000-07-29,09:22:51,-71.98,-31.58,28.0,4.1,md,guc
2000-07-29,11:29:57,-67.05,-24.22,184.4,4.0,mb,us
2000-07-29,16:52:50,-91.21,-41.24,10.0,4.5,mb,us
2000-07-29,16:55:51,-91.33,-41.18,10.0,4.4,mb,us
2000-07-29,17:05:17,-91.21,-41.24,10.0,4.8,mb,us
2000-07-29,18:06:39,-101.98,-35.83,10.0,4.8,mb,us
2000-07-30,03:53:23,-70.83,-34.95,116.1,3.8,md,guc
2000-07-30,09:12:03,-93.16,-38.47,10.0,4.3,mb,us
2000-07-30,18:43:44,-71.39,-30.36,73.3,4.7,mb,us
2000-07-30,22:04:44,-67.08,-20.91,228.7,4.1,mb,us
2000-07-31,16:50:14,-71.12,-15.54,179.0,3.8,mb,us
2000-08-01,04:39:58,-66.92,-31.74,131.1,4.5,mb,us
2000-08-01,21:40:31,-68.36,-29.26,68.1,4.1,md,guc
2000-08-02,01:49:25,-71.36,-32.92,48.7,3.3,md,guc
2000-08-02,02:03:37,-75.41,-8.54,33.0,4.0,mb,us
2000-08-02,05:52:15,-70.74,-31.9,101.1,3.4,mb,us
2000-08-02,13:44:36,-71.84,-32.48,31.2,3.6,md,guc
2000-08-02,18:36:14,-71.19,-32.06,42.9,3.3,md,guc
2000-08-02,19:17:24,-71.76,-29.88,51.5,4.1,md,guc
2000-08-02,22:16:02,-71.68,-16.7,91.2,4.4,mb,us
2000-08-03,03:43:09,-69.06,-31.86,238.3,3.9,md,guc
2000-08-03,04:13:11,-67.12,-21.0,208.4,4.3,mb,us
2000-08-03,08:42:57,-73.88,-37.14,33.0,3.8,mb,us
2000-08-03,13:45:13,-73.06,-14.98,107.8,4.2,mb,us
2000-08-03,18:02:21,-71.36,-31.92,39.0,3.5,md,guc
2000-08-03,19:22:11,-71.97,-17.68,33.0,5.8,mwc,hrv
2000-08-03,19:25:56,-71.74,-17.6,33.0,5.2,mb,us
2000-08-03,20:12:06,-65.0,-27.46,31.5,4.8,mb,us
2000-08-03,22:21:45,-71.91,-17.59,71.8,4.8,mb,us
2000-08-04,03:29:37,-71.88,-32.45,10.8,3.7,md,guc
2000-08-04,10:06:04,-71.71,-17.64,90.5,3.6,mb,us
2000-08-04,18:27:02,-72.21,-17.66,33.0,4.2,mb,us
2000-08-05,04:29:06,-70.53,-33.47,97.5,3.2,md,guc
2000-08-05,06:13:33,-112.03,-24.38,10.0,5.3,mwc,hrv
2000-08-05,06:19:50,-72.12,-17.59,29.7,4.4,mb,us
2000-08-05,13:03:16,-70.36,-34.34,123.8,2.8,md,guc
2000-08-05,15:16:23,-68.48,-34.13,47.5,4.5,mb,us
2000-08-05,19:08:19,-70.29,-32.71,98.5,3.3,md,guc
2000-08-05,19:25:59,-77.8,-5.27,33.0,4.6,mb,us
2000-08-05,22:37:58,-71.51,-30.33,45.3,4.0,md,guc
2000-08-06,05:15:41,-77.83,-5.25,33.0,4.9,mb,us
2000-08-06,15:12:25,-71.17,-35.06,99.7,3.8,mb,us
2000-08-06,15:35:48,-71.71,-34.57,44.4,3.8,md,guc
2000-08-06,20:18:49,-112.28,-24.53,10.0,4.5,mb,us
2000-08-06,20:55:18,-112.0,-24.39,10.0,4.7,mb,us
2000-08-08,06:17:27,-70.82,-32.74,74.7,3.9,md,guc
2000-08-08,17:14:20,-67.66,-31.63,33.0,4.4,mb,us
2000-08-08,21:45:51,-72.12,-34.74,51.2,4.0,md,guc
2000-08-08,21:54:59,-66.98,-24.05,200.1,4.1,mb,us
2000-08-08,22:31:26,-70.28,-31.14,150.0,3.6,md,guc
2000-08-09,02:31:47,-70.36,-33.2,102.2,2.7,md,guc
2000-08-09,04:38:56,-66.68,-24.08,209.8,4.1,mb,us
2000-08-09,04:51:32,-71.02,-16.36,150.0,3.2,mb,us
2000-08-09,05:33:50,-71.88,-36.74,92.5,3.6,md,guc
2000-08-09,06:29:32,-70.31,-33.09,117.6,3.5,md,guc
2000-08-09,08:25:18,-72.17,-15.56,33.0,4.2,mb,us
2000-08-09,08:49:00,-70.61,-32.75,47.2,3.6,md,guc
2000-08-09,11:02:10,-71.44,-35.69,85.0,2.9,md,guc
2000-08-09,15:07:59,-71.93,-30.64,17.5,4.5,md,guc
2000-08-09,15:38:22,-68.29,-31.19,100.0,3.9,md,guc
2000-08-09,19:36:41,-71.66,-32.65,6.9,4.0,md,guc
2000-08-09,20:11:59,-71.56,-30.05,44.2,4.3,md,guc
2000-08-09,23:13:22,-69.83,-32.24,147.7,2.9,md,guc
2000-08-10,01:07:54,-70.91,-36.33,195.0,2.6,md,guc
2000-08-10,04:34:01,-70.63,-34.48,117.2,3.2,md,guc
2000-08-10,15:46:06,-69.93,-31.84,148.4,3.0,md,guc
2000-08-11,14:30:54,-71.89,-34.5,37.0,3.7,md,guc
2000-08-11,16:52:29,-70.65,-8.5,648.0,4.2,mb,us
2000-08-11,17:31:13,-70.47,-18.18,58.4,5.2,mwc,hrv
2000-08-12,02:47:44,-73.14,-11.3,28.1,4.5,mb,us
2000-08-12,05:02:09,-69.89,-31.37,171.0,3.6,md,guc
2000-08-12,16:22:51,-71.82,-32.69,8.8,4.4,md,guc
2000-08-12,17:23:04,-68.78,-32.93,145.7,3.9,md,guc
2000-08-13,04:19:02,-77.76,-5.17,33.0,5.1,mb,us
2000-08-13,05:36:53,-66.91,-27.96,150.0,4.1,mb,us
2000-08-13,06:12:15,-66.98,-24.29,174.6,3.7,mb,us
2000-08-13,09:38:55,-68.69,-22.04,113.0,4.1,mb,us
2000-08-13,12:33:37,-72.16,-35.16,57.9,3.6,md,guc
2000-08-13,20:45:10,-72.6,-36.34,47.6,4.0,md,guc
2000-08-14,05:04:02,-69.16,-30.84,200.0,3.9,md,guc
2000-08-14,13:06:11,-68.42,-22.54,114.4,3.6,mb,us
2000-08-14,19:46:56,-71.06,-35.3,108.1,3.6,md,guc
2000-08-15,04:39:27,-70.97,-33.58,65.9,2.2,md,guc
2000-08-15,11:03:44,-71.52,-32.46,15.6,3.4,md,guc
2000-08-15,14:40:30,-67.49,-28.74,138.8,4.2,mb,us
2000-08-16,12:13:07,-71.49,-32.03,47.6,3.8,md,guc
2000-08-16,22:04:20,-70.71,-33.46,90.4,3.3,md,guc
2000-08-16,23:38:54,-70.33,-31.93,129.0,3.7,md,guc
2000-08-17,05:25:13,-70.89,-32.55,72.7,3.2,md,guc
2000-08-17,09:55:58,-72.12,-31.65,19.4,4.3,md,guc
2000-08-18,00:38:21,-71.41,-28.49,23.7,4.4,md,guc
2000-08-18,02:38:18,-71.85,-30.63,47.3,4.5,mb,us
2000-08-18,03:10:07,-71.65,-30.48,106.3,4.3,md,guc
2000-08-18,05:14:05,-70.35,-31.71,137.8,4.1,md,guc
2000-08-18,08:39:57,-69.88,-31.82,137.3,3.1,md,guc
2000-08-18,10:21:22,-71.9,-32.48,23.7,4.0,md,guc
2000-08-18,13:21:03,-70.13,-19.17,69.5,5.2,mwc,hrv
2000-08-18,15:23:14,-70.17,-31.6,154.5,3.9,md,guc
2000-08-18,16:57:10,-72.78,-30.31,33.0,4.7,mb,us
2000-08-19,00:50:50,-80.86,-5.11,33.0,4.1,mb,us
2000-08-19,02:10:01,-70.39,-33.4,104.2,2.8,md,guc
2000-08-19,08:25:24,-71.76,-32.71,9.9,3.7,md,guc
2000-08-19,12:50:51,-71.74,-32.72,8.2,3.8,md,guc
2000-08-19,20:58:47,-70.26,-33.92,115.3,4.2,mb,us
2000-08-20,01:32:58,-68.65,-34.27,36.6,4.5,md,guc
2000-08-20,21:18:00,-70.26,-32.07,113.6,3.6,md,guc
2000-08-21,04:19:57,-71.82,-33.04,38.1,3.1,md,guc
2000-08-21,15:35:22,-71.04,-32.45,80.9,3.9,md,guc
2000-08-21,19:34:23,-71.14,-32.13,70.8,2.6,md,guc
2000-08-21,20:59:10,-70.8,-34.73,109.1,3.1,md,guc
2000-08-22,00:42:46,-71.51,-30.87,33.0,3.9,md,guc
2000-08-22,08:31:42,-69.25,-31.87,53.4,4.2,mb,us
2000-08-22,08:34:59,-69.36,-31.71,10.0,4.3,md,guc
2000-08-22,08:55:21,-69.23,-31.87,33.0,4.0,mb,us
2000-08-22,11:17:48,-71.91,-17.55,61.6,4.6,mb,us
2000-08-22,23:52:22,-75.01,-40.27,33.0,4.0,mb,us
2000-08-23,01:21:55,-71.26,-34.02,58.4,3.6,md,guc
2000-08-23,08:52:37,-71.86,-32.36,6.3,4.2,md,guc
2000-08-23,13:56:09,-71.51,-30.92,44.4,4.0,md,guc
2000-08-23,15:07:46,-71.07,-34.55,91.6,3.5,md,guc
2000-08-23,16:15:32,-68.28,-22.63,118.2,5.5,mwc,hrv
2000-08-23,19:50:59,-75.01,-9.71,33.0,4.1,mb,us
2000-08-24,05:27:24,-70.4,-33.38,101.3,2.3,md,guc
2000-08-24,23:36:10,-72.29,-30.53,24.9,4.5,md,guc
2000-08-25,13:05:17,-69.9,-33.72,1.6,3.7,md,guc
2000-08-26,06:17:22,-63.65,-22.2,526.1,4.5,mb,us
2000-08-26,06:18:23,-69.64,-31.52,224.4,4.4,md,guc
2000-08-26,12:21:05,-71.89,-31.15,32.0,4.0,md,guc
2000-08-26,17:22:34,-71.39,-31.54,20.2,3.8,md,guc
2000-08-27,05:59:01,-71.68,-32.6,4.9,3.8,md,guc
2000-08-27,12:06:01,-70.01,-33.13,114.0,3.0,md,guc
2000-08-27,15:43:34,-70.4,-32.25,5.6,3.6,md,guc
2000-08-27,22:16:07,-70.69,-34.44,97.5,3.3,md,guc
2000-08-28,02:54:26,-70.28,-32.78,111.3,2.6,md,guc
2000-08-28,10:20:19,-83.46,-42.67,10.0,5.0,mb,us
2000-08-28,15:50:05,-70.61,-33.78,81.3,3.4,md,guc
2000-08-29,03:03:24,-70.95,-34.58,85.2,3.3,md,guc
2000-08-29,06:32:52,-68.84,-22.78,104.4,4.4,mb,us
2000-08-29,13:03:54,-71.77,-32.7,22.0,4.1,md,guc
2000-08-29,18:31:56,-71.81,-31.92,6.6,4.0,md,guc
2000-08-29,18:57:14,-67.62,-27.58,135.2,5.0,mb,us
2000-08-30,04:04:00,-71.73,-32.4,40.1,3.9,md,guc
2000-08-30,15:15:51,-66.95,-24.16,191.3,4.5,mb,us
2000-08-30,18:19:11,-71.95,-34.69,12.0,3.8,md,guc
2000-08-30,23:57:10,-71.6,-32.35,40.9,4.0,md,guc
2000-08-31,04:11:18,-107.42,-34.98,10.0,4.5,mb,us
2000-08-31,07:36:52,-70.36,-33.9,118.6,3.4,md,guc
2000-08-31,09:04:10,-72.58,-34.8,19.0,4.0,md,guc
2000-08-31,09:19:26,-70.87,-34.32,92.3,2.9,md,guc
2000-08-31,19:48:15,-71.49,-30.52,57.2,3.9,md,guc
2000-09-01,00:07:12,-100.75,-36.14,10.0,5.4,mwc,hrv
2000-09-01,02:06:54,-68.68,-19.6,163.8,4.0,mb,us
2000-09-01,20:31:27,-70.19,-33.19,110.1,3.3,md,guc
2000-09-02,04:05:12,-78.23,-5.95,100.0,4.4,mb,us
2000-09-02,15:20:43,-71.89,-32.68,14.4,3.7,md,guc
2000-09-02,19:02:43,-70.36,-34.33,114.9,3.1,md,guc
2000-09-02,21:09:28,-71.87,-32.31,18.6,4.2,md,guc
2000-09-02,21:13:59,-71.8,-32.37,24.6,4.0,md,guc
2000-09-03,01:24:52,-71.1,-32.74,53.8,3.7,md,guc
2000-09-03,02:18:59,-66.7,-23.92,206.9,4.3,mb,us
2000-09-03,07:04:17,-77.45,-5.45,44.4,4.4,mb,us
2000-09-03,07:42:58,-70.71,-33.67,86.4,2.6,md,guc
2000-09-03,21:38:21,-107.92,-34.96,10.0,4.5,mb,us
2000-09-03,21:49:40,-70.33,-33.35,106.6,3.4,md,guc
2000-09-04,06:52:34,-71.6,-32.84,28.7,3.8,md,guc
2000-09-05,05:20:37,-70.16,-33.36,9.4,4.3,md,guc
2000-09-05,08:52:22,-70.36,-33.91,121.4,3.9,md,guc
2000-09-06,00:31:19,-66.32,-21.21,240.7,4.1,mb,us
2000-09-06,03:21:41,-70.37,-32.91,104.9,3.5,md,guc
2000-09-06,16:21:27,-71.93,-32.29,19.7,4.2,md,guc
2000-09-06,16:52:58,-70.6,-34.29,101.3,3.4,md,guc
2000-09-06,19:25:21,-71.93,-32.31,17.6,4.2,md,guc
2000-09-07,06:38:51,-71.52,-32.53,59.2,3.2,md,guc
2000-09-07,10:01:35,-70.47,-33.43,98.9,3.4,md,guc
2000-09-07,12:49:47,-69.23,-31.29,145.2,4.1,md,guc
2000-09-07,13:16:19,-69.9,-32.38,136.2,3.4,md,guc
2000-09-07,13:44:36,-70.07,-34.37,126.2,3.4,md,guc
2000-09-07,14:50:24,-71.53,-32.55,37.1,3.8,md,guc
2000-09-07,23:44:54,-70.77,-31.76,108.8,3.9,md,guc
2000-09-08,01:06:25,-70.91,-27.31,42.9,4.6,ms,us
2000-09-08,07:47:37,-68.42,-20.89,131.8,4.8,mb,us
2000-09-08,10:26:23,-80.85,-4.48,33.0,4.7,mb,us
2000-09-09,02:16:21,-71.1,-35.02,99.9,3.1,md,guc
2000-09-09,06:17:28,-71.99,-32.06,13.2,4.7,md,guc
2000-09-09,07:16:49,-71.93,-32.1,11.3,4.2,mb,us
2000-09-09,11:15:20,-70.69,-17.09,112.5,4.6,mb,us
2000-09-09,12:18:10,-103.06,-35.88,10.0,5.9,mwc,hrv
2000-09-09,19:11:31,-70.18,-34.34,6.2,3.3,md,guc
2000-09-09,22:12:42,-71.52,-32.26,65.0,4.1,md,guc
2000-09-09,23:54:59,-71.69,-32.64,14.8,3.6,md,guc
2000-09-10,07:17:56,-66.52,-23.77,214.2,3.8,mb,us
2000-09-10,15:23:42,-71.57,-34.11,47.6,3.1,md,guc
2000-09-11,04:24:43,-71.21,-35.21,92.4,3.1,md,guc
2000-09-11,06:01:03,-71.43,-34.02,42.6,3.4,md,guc
2000-09-11,12:46:39,-71.53,-34.13,42.3,3.6,md,guc
2000-09-12,13:56:59,-67.69,-31.34,33.0,4.3,md,guc
2000-09-12,17:11:48,-69.38,-31.59,100.0,4.1,md,guc
2000-09-12,17:30:27,-71.05,-32.9,62.1,3.4,md,guc
2000-09-13,00:13:53,-66.76,-23.94,205.4,4.3,mb,us
2000-09-13,02:13:45,-105.6,-34.84,10.0,4.5,mb,us
2000-09-13,07:39:06,-71.78,-32.18,25.1,4.0,md,guc
2000-09-13,08:40:57,-72.41,-34.01,30.5,4.2,md,guc
2000-09-13,08:47:51,-74.41,-7.85,146.3,4.3,mb,us
2000-09-13,23:11:05,-72.41,-34.02,24.1,4.4,md,guc
2000-09-13,23:54:28,-71.76,-32.31,22.9,4.4,md,guc
2000-09-14,00:09:34,-72.32,-34.01,11.0,3.8,md,guc
2000-09-14,06:12:27,-70.4,-33.94,115.0,3.1,md,guc
2000-09-14,13:25:26,-72.3,-34.01,8.9,4.0,md,guc
2000-09-14,14:51:23,-69.59,-16.54,184.9,3.9,mb,us
2000-09-14,19:07:50,-72.41,-34.02,12.0,3.7,md,guc
2000-09-14,20:47:37,-71.84,-32.61,36.4,3.9,md,guc
2000-09-15,00:28:57,-71.19,-32.79,53.1,3.8,md,guc
2000-09-15,19:56:49,-91.86,-40.31,10.0,4.7,mb,us
2000-09-17,08:30:59,-70.72,-34.51,110.4,3.8,md,guc
2000-09-17,13:05:53,-100.06,-36.27,10.0,4.3,mb,us
2000-09-17,14:02:53,-100.05,-36.19,10.0,4.5,mb,us
2000-09-17,15:21:38,-71.14,-31.82,89.7,3.4,md,guc
2000-09-18,01:23:20,-70.58,-32.06,107.8,4.0,md,guc
2000-09-18,05:37:12,-74.52,-7.82,151.9,4.6,mb,us
2000-09-19,14:08:10,-69.47,-18.06,128.6,4.4,mb,us
2000-09-19,15:17:21,-68.77,-33.07,33.0,4.2,md,guc
2000-09-19,21:35:49,-74.56,-15.46,71.3,4.2,mb,us
2000-09-20,01:26:35,-72.24,-30.28,16.5,4.8,mb,us
2000-09-20,12:42:30,-72.31,-31.69,19.3,4.3,md,guc
2000-09-20,16:37:01,-69.53,-31.37,153.1,3.9,md,guc
2000-09-20,21:32:46,-72.1,-31.63,7.2,4.2,md,guc
2000-09-20,21:45:04,-67.11,-24.33,174.0,4.1,mb,us
2000-09-20,22:37:22,-71.86,-39.02,213.1,3.7,md,guc
2000-09-21,14:08:50,-71.04,-32.79,70.7,3.2,md,guc
2000-09-21,22:59:35,-70.23,-33.33,104.8,2.7,md,guc
2000-09-22,07:26:43,-67.0,-31.62,131.7,4.1,md,guc
2000-09-22,07:55:32,-66.29,-22.82,255.7,4.5,mb,us
2000-09-22,16:15:29,-70.81,-32.74,83.9,2.9,md,guc
2000-09-22,16:38:07,-71.23,-35.29,110.3,2.9,md,guc
2000-09-23,02:31:55,-76.63,-5.15,33.0,4.6,mb,us
2000-09-23,19:45:46,-68.83,-18.2,130.1,4.6,mb,us
2000-09-23,23:44:23,-70.32,-33.93,118.3,3.2,md,guc
2000-09-24,00:17:27,-69.76,-34.85,5.0,3.8,md,guc
2000-09-24,08:41:40,-68.45,-19.58,152.1,3.9,mb,us
2000-09-24,13:58:08,-71.81,-31.66,46.1,3.9,md,guc
2000-09-24,19:47:24,-71.73,-32.59,10.6,4.0,md,guc
2000-09-25,08:57:05,-71.55,-33.39,51.2,4.1,md,guc
2000-09-25,11:03:38,-71.1,-29.67,33.0,4.4,md,guc
2000-09-26,01:07:10,-71.76,-32.51,26.4,3.9,md,guc
2000-09-26,17:01:43,-70.8,-32.84,81.1,3.6,md,guc
2000-09-26,20:20:52,-70.78,-32.59,82.7,2.6,md,guc
2000-09-26,21:19:59,-70.54,-33.43,91.4,2.8,md,guc
2000-09-26,21:42:25,-72.21,-31.27,33.0,4.3,md,guc
2000-09-27,00:37:15,-71.16,-34.44,71.7,2.8,md,guc
2000-09-27,05:02:48,-73.06,-16.8,44.2,5.1,mb,us
2000-09-27,07:36:06,-112.3,-22.89,10.0,4.8,mb,us
2000-09-27,07:49:20,-71.14,-33.66,63.8,2.7,md,guc
2000-09-27,19:24:14,-71.33,-34.65,76.9,3.2,md,guc
2000-09-27,21:58:04,-72.01,-33.35,11.8,4.0,md,guc
2000-09-28,02:40:13,-69.21,-19.49,118.3,4.7,mb,us
2000-09-28,05:12:09,-66.9,-22.59,194.5,4.2,mb,us
2000-09-29,00:56:07,-68.94,-31.18,113.1,4.4,mb,us
2000-09-29,13:52:36,-70.48,-34.5,127.8,2.9,md,guc
2000-09-29,23:30:06,-72.17,-34.8,21.7,4.3,md,guc
2000-09-29,23:45:48,-69.88,-31.68,153.7,3.3,md,guc
2000-09-30,01:46:16,-67.93,-21.68,152.3,4.2,mb,us
2000-09-30,07:44:31,-70.24,-33.9,117.2,3.1,md,guc
2000-09-30,13:16:14,-109.78,-34.62,10.0,4.6,mb,us
2000-09-30,21:23:11,-70.12,-33.36,4.3,3.5,md,guc
2000-09-30,23:21:55,-70.22,-34.05,114.4,2.9,md,guc
2000-10-01,04:11:45,-68.46,-33.48,10.0,4.0,md,guc
2000-10-01,07:52:19,-108.14,-8.86,10.0,4.8,mb,us
2000-10-01,08:42:59,-109.49,-34.84,10.0,4.2,mb,us
2000-10-01,19:42:24,-69.2,-33.28,10.0,4.2,md,guc
2000-10-02,04:21:57,-70.41,-34.47,5.3,3.7,md,guc
2000-10-02,08:20:00,-70.41,-33.96,116.3,3.1,md,guc
2000-10-02,18:31:26,-70.32,-33.04,107.1,3.0,md,guc
2000-10-03,04:39:01,-70.14,-34.04,5.1,3.7,md,guc
2000-10-03,06:19:20,-71.79,-32.31,7.6,4.0,md,guc
2000-10-03,08:07:22,-70.8,-34.97,122.0,2.9,md,guc
2000-10-03,09:33:28,-71.65,-32.64,15.3,3.6,md,guc
2000-10-03,16:36:04,-68.44,-34.03,5.0,4.1,md,guc
2000-10-04,05:03:24,-71.01,-31.48,39.4,4.2,md,guc
2000-10-04,10:02:47,-71.78,-32.34,12.4,4.3,md,guc
2000-10-04,18:56:25,-70.4,-33.36,94.2,2.8,md,guc
2000-10-04,21:46:08,-80.22,-8.67,42.6,4.6,mb,us
2000-10-04,23:08:09,-70.21,-32.98,119.7,2.9,md,guc
2000-10-05,05:51:07,-72.17,-32.78,32.2,3.8,md,guc
2000-10-05,21:12:53,-66.84,-24.03,208.4,4.6,mb,us
2000-10-06,09:38:32,-71.27,-34.65,65.8,2.6,md,guc
2000-10-07,04:29:45,-115.52,-24.11,10.0,4.4,mb,us
2000-10-07,10:53:32,-67.5,-32.48,146.8,4.7,mb,us
2000-10-07,13:12:44,-73.67,-35.8,31.4,3.8,md,guc
2000-10-08,00:34:22,-71.72,-24.02,54.7,4.1,mb,us
2000-10-08,03:11:20,-71.14,-32.85,59.8,3.2,md,guc
2000-10-08,04:04:34,-71.29,-31.02,54.6,4.2,md,guc
2000-10-08,06:09:00,-72.04,-32.48,23.5,4.0,md,guc
2000-10-08,06:38:29,-71.5,-32.17,35.5,3.5,md,guc
2000-10-08,06:59:22,-70.26,-33.68,111.2,3.6,md,guc
2000-10-08,07:22:57,-70.54,-34.27,108.9,2.6,md,guc
2000-10-08,11:56:48,-71.42,-29.22,44.0,4.6,mb,us
2000-10-08,15:58:59,-69.69,-32.12,140.3,3.2,md,guc
2000-10-08,19:47:41,-72.3,-33.92,39.1,3.6,md,guc
2000-10-08,20:16:03,-71.41,-33.74,45.0,4.1,md,guc
2000-10-09,12:53:20,-67.71,-23.12,111.9,4.8,mb,us
2000-10-10,05:48:54,-69.68,-18.22,111.8,5.0,mb,us
2000-10-10,10:37:57,-71.79,-18.62,33.0,4.4,mb,us
2000-10-11,23:08:53,-80.46,-6.22,44.7,4.7,mb,us
2000-10-12,00:23:20,-70.65,-35.0,128.5,3.3,md,guc
2000-10-12,11:28:10,-70.76,-34.55,115.0,2.9,md,guc
2000-10-12,12:15:49,-69.03,-31.5,197.2,3.8,md,guc
2000-10-12,20:10:22,-70.06,-34.13,7.8,3.3,md,guc
2000-10-12,20:42:38,-70.79,-32.92,76.3,4.0,md,guc
2000-10-13,01:31:10,-69.7,-32.47,145.8,2.8,md,guc
2000-10-13,02:45:44,-70.67,-33.64,11.8,3.3,md,guc
2000-10-13,08:35:23,-71.42,-32.34,40.7,3.6,md,guc
2000-10-14,22:08:30,-70.15,-34.04,6.5,3.2,md,guc
2000-10-15,02:25:50,-71.01,-32.08,87.4,2.9,md,guc
2000-10-15,04:04:43,-68.34,-21.62,136.1,4.0,mb,us
2000-10-15,05:03:52,-71.72,-31.87,32.3,4.1,md,guc
2000-10-15,06:33:20,-70.52,-33.39,94.2,3.6,md,guc
2000-10-15,09:49:25,-69.67,-31.54,140.2,3.4,md,guc
2000-10-15,11:53:47,-71.48,-32.64,7.6,3.5,md,guc
2000-10-16,11:29:10,-71.23,-35.23,104.0,3.0,md,guc
2000-10-16,13:41:49,-70.44,-34.16,110.2,2.9,md,guc
2000-10-16,18:48:36,-71.06,-33.59,66.7,3.0,md,guc
2000-10-16,20:02:10,-71.69,-32.05,47.6,3.7,md,guc
2000-10-16,23:39:54,-70.11,-34.01,1.0,3.7,md,guc
2000-10-17,14:24:32,-71.79,-32.08,15.1,4.1,md,guc
2000-10-17,21:52:22,-70.34,-33.99,91.1,2.8,md,guc
2000-10-18,02:26:37,-69.84,-30.79,150.0,3.7,md,guc
2000-10-18,03:35:59,-70.9,-35.38,113.1,2.6,md,guc
2000-10-18,05:09:26,-72.65,-34.33,10.0,3.6,md,guc
2000-10-18,08:38:07,-71.27,-34.14,64.3,2.9,md,guc
2000-10-18,11:00:37,-71.76,-30.86,10.5,4.0,md,guc
2000-10-18,11:43:42,-71.94,-32.52,8.0,3.6,md,guc
2000-10-18,16:37:41,-68.24,-19.28,152.5,5.4,mwc,hrv
2000-10-18,20:33:34,-71.5,-34.47,62.4,3.0,md,guc
2000-10-19,08:11:02,-70.81,-34.97,117.5,3.1,md,guc
2000-10-19,08:42:37,-71.76,-32.61,15.0,3.3,md,guc
2000-10-19,21:45:07,-71.09,-28.32,70.6,4.5,md,guc
2000-10-20,01:23:44,-71.2,-28.37,32.8,4.2,md,guc
2000-10-20,07:45:06,-71.88,-31.7,4.6,3.8,md,guc
2000-10-20,20:24:29,-71.41,-35.65,98.0,3.4,md,guc
2000-10-21,00:33:41,-70.78,-34.09,77.8,2.5,md,guc
2000-10-21,22:20:16,-71.97,-30.73,3.0,4.0,md,guc
2000-10-21,23:01:40,-70.4,-33.91,120.0,3.3,md,guc
2000-10-22,03:30:55,-71.54,-27.79,10.0,4.5,md,guc
2000-10-22,09:03:08,-71.99,-33.4,10.8,4.0,md,guc
2000-10-23,00:30:58,-70.47,-32.84,97.9,3.1,md,guc
2000-10-23,02:38:28,-72.34,-34.73,21.2,3.7,md,guc
2000-10-23,08:43:10,-70.48,-36.69,200.0,4.0,md,guc
2000-10-23,18:24:14,-70.72,-33.26,102.2,2.4,md,guc
2000-10-23,20:13:40,-71.75,-31.48,32.3,3.9,md,guc
2000-10-24,00:00:40,-70.46,-34.25,118.8,3.6,md,guc
2000-10-24,01:19:37,-72.88,-39.35,33.0,4.2,md,guc
2000-10-24,02:36:16,-72.98,-31.76,19.6,4.4,mb,us
2000-10-24,11:09:14,-72.68,-15.22,106.8,5.4,mwc,hrv
2000-10-24,18:50:20,-81.44,-7.43,33.0,4.6,mb,us
2000-10-24,19:16:19,-71.68,-36.02,81.2,3.5,md,guc
2000-10-24,23:18:07,-71.63,-32.5,0.9,4.0,md,guc
2000-10-25,05:26:39,-109.65,-34.6,10.0,6.0,mwc,hrv
2000-10-25,05:32:24,-109.53,-34.58,10.0,4.9,mb,us
2000-10-25,11:00:39,-69.39,-31.79,170.7,3.2,md,guc
2000-10-25,19:00:17,-109.46,-34.68,10.0,6.1,mwc,hrv
2000-10-25,19:40:52,-68.94,-32.54,17.0,3.8,md,guc
2000-10-25,22:03:05,-71.22,-32.9,55.5,2.5,md,guc
2000-10-25,22:40:34,-72.12,-31.53,47.0,3.6,md,guc
2000-10-26,11:56:52,-70.09,-33.99,4.3,3.4,md,guc
2000-10-26,14:08:37,-109.37,-34.57,10.0,5.5,mwc,hrv
2000-10-26,18:32:02,-70.43,-34.01,4.7,3.5,md,guc
2000-10-26,20:31:38,-70.29,-33.9,116.0,2.8,md,guc
2000-10-27,10:11:07,-70.63,-33.62,24.0,3.0,md,guc
2000-10-27,12:33:16,-71.35,-30.64,44.8,4.0,md,guc
2000-10-27,17:17:02,-72.26,-33.47,36.1,4.0,md,guc
2000-10-28,04:53:03,-69.11,-32.48,10.0,4.3,md,guc
2000-10-28,07:12:18,-70.15,-32.15,115.5,2.6,md,guc
2000-10-28,08:16:59,-109.84,-34.58,10.0,4.9,mb,us
2000-10-28,11:06:27,-70.75,-32.83,77.7,3.3,md,guc
2000-10-28,22:26:41,-71.86,-31.7,25.2,4.6,md,guc
2000-10-29,01:15:35,-69.26,-31.48,150.0,3.6,md,guc
2000-10-29,07:08:38,-68.78,-31.27,100.0,3.9,md,guc
2000-10-29,13:32:40,-67.02,-29.03,150.0,4.3,md,guc
2000-10-29,19:05:10,-71.07,-32.71,54.7,4.0,md,guc
2000-10-30,05:46:18,-72.06,-32.32,0.0,3.8,md,guc
2000-10-30,15:17:00,-70.39,-33.04,101.3,3.1,md,guc
2000-10-31,05:26:14,-70.13,-32.84,102.3,3.4,md,guc
2000-10-31,05:28:51,-68.37,-31.21,113.6,3.9,md,guc
2000-10-31,18:31:44,-71.58,-32.64,7.6,3.5,md,guc
2000-11-01,04:27:46,-74.42,-7.95,150.9,5.9,mwc,hrv
2000-11-01,07:16:47,-66.82,-23.97,201.9,4.4,mb,us
2000-11-01,08:15:21,-69.52,-31.5,173.4,3.6,md,guc
2000-11-01,15:21:12,-72.07,-33.18,6.1,3.5,md,guc
2000-11-02,04:39:00,-71.37,-34.5,59.1,3.6,md,guc
2000-11-03,00:47:40,-70.75,-31.39,193.5,3.2,md,guc
2000-11-03,01:45:52,-71.84,-30.71,19.0,4.5,md,guc
2000-11-03,03:00:06,-83.45,-42.63,10.0,4.9,mb,us
2000-11-03,04:07:34,-71.76,-31.03,47.0,4.0,md,guc
2000-11-03,04:19:12,-53.34,-54.04,10.0,4.7,mb,us
2000-11-03,06:21:34,-69.98,-32.67,105.0,4.5,mb,us
2000-11-03,07:34:35,-72.19,-31.32,41.6,3.9,md,guc
2000-11-03,07:42:02,-80.22,-8.44,33.0,4.7,mb,us
2000-11-03,22:08:37,-72.12,-31.35,47.0,4.0,md,guc
2000-11-04,02:48:56,-70.44,-34.74,128.7,3.7,md,guc
2000-11-04,17:45:32,-72.69,-35.59,2.9,4.1,md,guc
2000-11-04,18:34:59,-69.44,-31.72,187.9,3.9,md,guc
2000-11-05,00:26:41,-71.44,-32.72,30.8,3.6,md,guc
2000-11-05,01:51:29,-71.96,-34.7,15.0,3.5,md,guc
2000-11-05,02:28:51,-71.37,-32.46,38.6,3.6,md,guc
2000-11-05,03:17:22,-70.86,-34.76,99.1,3.8,md,guc
2000-11-05,03:47:54,-71.46,-36.14,136.2,3.7,md,guc
2000-11-05,12:21:37,-70.25,-31.73,129.8,3.5,md,guc
2000-11-05,21:47:47,-71.81,-32.44,31.5,4.0,md,guc
2000-11-06,03:58:40,-70.26,-33.68,117.6,3.2,md,guc
2000-11-06,17:51:31,-71.17,-32.72,9.8,3.5,md,guc
2000-11-06,17:56:14,-72.21,-33.81,42.6,4.3,md,guc
2000-11-06,18:04:09,-70.87,-34.74,95.5,3.2,md,guc
2000-11-07,12:08:27,-67.21,-21.89,182.6,4.4,mb,us
2000-11-07,20:23:36,-71.01,-33.22,71.2,3.2,md,guc
2000-11-08,01:42:03,-71.68,-32.68,28.5,3.7,md,guc
2000-11-08,05:47:03,-72.66,-34.82,5.0,4.0,md,guc
2000-11-08,07:47:36,-71.67,-32.62,25.1,3.7,md,guc
2000-11-08,21:47:37,-70.33,-34.04,5.4,3.5,md,guc
2000-11-09,04:14:27,-70.07,-32.59,124.9,4.0,md,guc
2000-11-09,04:40:14,-70.24,-33.59,104.3,3.5,md,guc
2000-11-09,14:04:23,-71.48,-32.0,0.6,3.7,md,guc
2000-11-09,23:58:02,-70.37,-34.51,103.2,2.5,md,guc
2000-11-11,09:05:41,-71.48,-34.8,7.7,4.0,md,guc
2000-11-12,00:51:57,-68.66,-30.31,49.2,4.5,md,guc
2000-11-12,07:42:38,-70.6,-33.6,89.5,2.6,md,guc
2000-11-12,11:50:57,-72.18,-36.05,47.0,3.8,md,guc
2000-11-12,17:28:47,-71.38,-30.38,43.7,3.9,md,guc
2000-11-12,19:27:07,-70.13,-32.77,109.1,2.7,md,guc
2000-11-12,22:06:24,-70.13,-35.17,18.6,4.1,md,guc
2000-11-13,03:24:00,-74.63,-36.58,32.4,4.3,md,guc
2000-11-13,06:30:22,-71.03,-32.01,59.6,3.0,md,guc
2000-11-13,06:46:11,-79.93,-8.18,33.0,5.8,mwc,hrv
2000-11-13,11:24:00,-70.8,-18.36,33.0,4.4,mb,us
2000-11-13,11:28:04,-69.46,-31.78,150.0,3.9,md,guc
2000-11-13,12:29:13,-71.88,-32.47,13.3,3.4,md,guc
2000-11-14,02:58:28,-70.29,-33.96,115.2,2.4,md,guc
2000-11-14,11:26:09,-108.1,-8.96,10.0,4.4,mb,us
2000-11-14,12:17:31,-70.24,-32.23,0.0,3.9,md,guc
2000-11-14,12:31:57,-71.48,-31.11,44.8,3.9,md,guc
2000-11-14,18:20:18,-72.18,-34.0,33.0,4.4,md,guc
2000-11-14,19:02:21,-70.92,-33.28,69.4,2.8,md,guc
2000-11-15,03:49:53,-71.06,-31.27,181.5,3.3,md,guc
2000-11-15,20:51:15,-71.63,-32.48,33.5,4.5,md,guc
2000-11-18,04:18:33,-69.6,-31.71,140.0,3.5,md,guc
2000-11-18,04:45:36,-71.22,-32.79,64.5,2.5,md,guc
2000-11-19,05:27:02,-71.17,-32.11,44.0,4.0,md,guc
2000-11-19,07:41:54,-71.34,-33.03,56.8,2.4,md,guc
2000-11-19,11:19:10,-70.67,-33.98,85.0,2.3,md,guc
2000-11-19,17:17:39,-71.54,-34.01,42.6,3.2,md,guc
2000-11-19,18:09:32,-70.69,-33.89,84.1,3.1,md,guc
2000-11-20,00:40:21,-68.35,-31.93,100.0,3.7,md,guc
2000-11-20,02:26:41,-70.24,-33.0,95.8,2.4,md,guc
2000-11-20,03:08:44,-70.99,-34.56,78.5,2.7,md,guc
2000-11-20,07:36:36,-71.63,-36.54,127.5,3.3,md,guc
2000-11-20,13:29:23,-79.89,-8.33,33.0,4.7,mb,us
2000-11-20,15:15:43,-70.35,-31.59,141.9,4.1,md,guc
2000-11-20,18:17:00,-72.36,-34.68,20.3,3.8,md,guc
2000-11-21,06:21:59,-70.6,-32.75,41.9,3.7,md,guc
2000-11-22,02:34:16,-71.19,-35.42,96.7,3.3,md,guc
2000-11-22,17:38:08,-68.92,-32.74,1.3,4.7,md,guc
2000-11-22,21:47:44,-71.47,-32.36,110.1,2.8,md,guc
2000-11-23,01:05:41,-67.92,-30.62,228.2,3.8,md,guc
2000-11-23,02:03:00,-71.85,-32.37,20.2,4.0,md,guc
2000-11-23,04:13:00,-71.61,-32.34,43.6,3.6,md,guc
2000-11-23,05:42:40,-71.2,-36.12,142.9,3.0,md,guc
2000-11-23,05:54:59,-71.75,-32.55,11.6,4.4,md,guc
2000-11-23,06:50:15,-71.78,-32.56,15.0,3.6,md,guc
2000-11-23,11:36:46,-66.8,-24.0,191.3,4.2,mb,us
2000-11-23,14:38:13,-69.76,-31.98,123.4,3.1,md,guc
2000-11-23,22:21:40,-71.7,-32.32,27.6,3.4,md,guc
2000-11-23,22:42:49,-71.83,-31.35,5.8,4.2,md,guc
2000-11-23,23:32:40,-71.76,-32.38,15.0,3.7,md,guc
2000-11-24,05:58:27,-70.17,-34.35,5.0,3.6,md,guc
2000-11-24,06:02:37,-71.86,-32.54,38.0,3.4,md,guc
2000-11-24,07:25:06,-71.47,-31.61,23.1,3.7,md,guc
2000-11-24,12:32:45,-71.24,-35.58,127.0,3.3,md,guc
2000-11-25,01:27:21,-71.66,-32.65,6.5,3.4,md,guc
2000-11-25,05:27:28,-71.51,-32.0,37.4,3.7,md,guc
2000-11-25,07:16:52,-72.09,-33.04,11.9,3.8,md,guc
2000-11-25,17:00:38,-70.85,-34.15,80.4,2.4,md,guc
2000-11-26,00:02:03,-70.16,-32.91,107.3,3.1,md,guc
2000-11-26,02:38:46,-71.67,-31.7,34.8,4.9,mb,us
2000-11-26,03:28:21,-70.17,-31.58,134.2,3.2,md,guc
2000-11-26,06:45:16,-69.97,-33.17,108.7,2.5,md,guc
2000-11-26,07:17:33,-71.2,-35.06,94.9,3.1,md,guc
2000-11-26,07:54:00,-71.17,-35.37,115.0,3.8,md,guc
2000-11-26,10:52:29,-71.1,-32.24,65.5,2.8,md,guc
2000-11-26,11:42:32,-71.81,-33.69,43.3,4.6,mb,us
2000-11-26,12:20:11,-70.3,-33.87,119.9,3.1,md,guc
2000-11-26,23:09:27,-72.06,-33.24,9.8,3.5,md,guc
2000-11-26,23:27:54,-71.98,-31.15,33.0,4.4,mb,us
2000-11-27,06:49:18,-71.26,-33.23,63.9,2.8,md,guc
2000-11-27,08:09:22,-74.84,-8.18,33.0,4.0,mb,us
2000-11-27,08:55:00,-69.67,-32.88,117.5,3.1,md,guc
2000-11-27,10:54:30,-70.15,-24.66,58.3,5.2,mwc,hrv
2000-11-27,14:20:38,-70.82,-33.68,76.0,3.1,md,guc
2000-11-27,18:02:23,-71.24,-32.4,70.6,2.9,md,guc
2000-11-27,23:10:23,-71.37,-31.46,33.7,4.0,md,guc
2000-11-28,03:03:30,-70.24,-33.88,117.2,2.4,md,guc
2000-11-28,03:17:38,-66.55,-21.64,220.7,4.0,mb,us
2000-11-28,08:46:40,-71.79,-33.68,43.1,3.6,md,guc
2000-11-29,03:16:24,-71.13,-34.31,66.1,2.8,md,guc
2000-11-29,05:16:07,-77.02,-45.47,33.0,4.7,mb,us
2000-11-29,10:03:18,-71.29,-34.99,72.8,2.7,md,guc
2000-11-29,10:25:13,-70.89,-24.87,58.2,6.3,mwc,hrv
2000-11-29,13:26:42,-68.29,-21.67,129.5,4.0,mb,us
2000-11-29,15:21:13,-70.22,-33.48,112.4,3.9,md,guc
2000-11-29,22:26:57,-69.94,-32.02,142.2,3.7,md,guc
2000-11-30,03:23:22,-70.29,-34.71,0.0,3.6,md,guc
2000-11-30,05:23:46,-77.88,-10.47,100.0,4.3,mb,us
2000-11-30,07:29:30,-69.68,-32.1,135.2,3.6,md,guc
2000-11-30,08:36:41,-66.75,-28.98,57.7,4.8,mb,us
2000-11-30,13:00:01,-68.85,-30.0,47.6,4.0,md,guc
2000-11-30,13:47:36,-68.71,-31.76,191.1,4.0,md,guc
2000-11-30,14:32:05,-71.77,-31.9,15.0,3.9,md,guc
2000-11-30,19:04:34,-71.79,-31.99,6.5,4.0,md,guc
2000-12-01,02:42:34,-71.26,-36.08,143.9,3.6,md,guc
2000-12-01,09:02:02,-71.51,-26.7,33.0,4.5,md,guc
2000-12-01,14:37:33,-68.26,-33.4,0.0,4.1,md,guc
2000-12-02,09:05:43,-65.51,-57.56,33.0,4.9,mb,us
2000-12-02,18:26:40,-71.42,-33.14,6.8,3.6,md,guc
2000-12-02,23:20:37,-71.64,-32.75,5.9,4.4,md,guc
2000-12-03,14:39:52,-69.72,-31.53,127.9,3.0,md,guc
2000-12-03,17:23:40,-68.34,-31.42,100.0,4.1,md,guc
2000-12-04,00:47:47,-69.86,-31.74,139.5,3.2,md,guc
2000-12-04,03:44:30,-71.3,-33.37,64.1,2.9,md,guc
2000-12-04,07:54:40,-68.25,-21.61,130.4,4.2,mb,us
2000-12-05,05:15:21,-72.02,-33.9,3.8,3.3,md,guc
2000-12-05,13:10:15,-71.33,-35.09,65.2,3.1,md,guc
2000-12-06,06:47:44,-78.32,-10.9,41.3,5.2,mwc,hrv
2000-12-06,16:08:40,-71.39,-32.62,10.8,4.0,md,guc
2000-12-06,19:38:10,-71.62,-31.55,0.5,4.2,md,guc
2000-12-07,05:07:30,-71.69,-32.64,1.8,3.9,md,guc
2000-12-07,06:34:57,-71.72,-32.47,39.7,4.6,mb,us
2000-12-07,08:36:50,-71.31,-32.46,46.3,3.7,md,guc
2000-12-07,08:58:16,-70.27,-34.92,144.4,3.1,md,guc
2000-12-07,09:36:04,-71.62,-32.52,3.2,3.8,md,guc
2000-12-07,11:44:05,-71.8,-32.47,15.0,3.6,md,guc
2000-12-09,02:38:32,-71.84,-31.58,0.0,4.2,md,guc
2000-12-09,04:23:57,-71.95,-31.39,14.9,3.8,md,guc
2000-12-09,05:05:35,-69.82,-32.56,97.7,2.5,md,guc
2000-12-09,11:06:00,-71.64,-34.73,48.7,3.3,md,guc
2000-12-09,12:36:59,-114.0,-27.17,10.0,4.5,mb,us
2000-12-09,22:49:48,-98.76,-36.39,10.0,5.8,mwc,hrv
2000-12-10,05:17:26,-115.59,-19.56,10.0,4.9,mb,us
2000-12-10,06:43:42,-70.84,-32.01,93.4,3.0,md,guc
2000-12-10,11:55:37,-71.82,-32.48,15.1,3.4,md,guc
2000-12-10,14:37:01,-69.54,-31.44,100.0,3.2,md,guc
2000-12-10,21:50:21,-71.66,-32.1,0.0,3.3,md,guc
2000-12-11,02:11:28,-71.33,-34.3,64.0,2.7,md,guc
2000-12-11,07:15:38,-72.76,-34.84,0.8,3.8,md,guc
2000-12-11,17:38:49,-71.93,-32.09,15.3,3.5,md,guc
2000-12-11,19:21:39,-71.77,-28.78,10.0,4.1,md,guc
2000-12-12,01:14:14,-71.17,-30.87,10.0,4.0,md,guc
2000-12-12,02:26:35,-70.2,-17.15,124.8,4.5,mb,us
2000-12-12,02:35:49,-72.7,-29.43,33.0,4.0,md,guc
2000-12-12,03:12:11,-75.46,-7.72,33.0,4.5,mb,us
2000-12-12,06:47:38,-90.78,-41.06,10.0,4.9,mb,us
2000-12-12,07:13:18,-107.52,-26.6,10.0,4.4,mb,us
2000-12-12,08:17:13,-67.83,-31.64,33.0,4.0,md,guc
2000-12-12,10:04:07,-70.29,-31.69,142.2,3.4,md,guc
2000-12-12,18:53:49,-70.88,-34.72,100.6,3.6,md,guc
2000-12-12,20:56:55,-70.36,-31.22,33.0,4.0,md,guc
2000-12-12,21:36:00,-70.04,-34.08,4.1,3.5,md,guc
2000-12-13,01:15:24,-70.49,-33.73,90.3,3.0,md,guc
2000-12-13,07:42:37,-69.73,-18.32,119.2,4.5,mb,us
2000-12-13,18:52:28,-70.01,-34.06,2.0,3.1,md,guc
2000-12-13,23:39:29,-71.8,-32.68,15.0,4.1,md,guc
2000-12-14,01:28:28,-71.13,-32.31,60.5,2.7,md,guc
2000-12-14,05:22:00,-68.76,-32.54,20.0,3.5,md,guc
2000-12-14,07:17:35,-71.64,-32.12,51.1,3.8,md,guc
2000-12-14,18:29:18,-71.56,-32.41,50.0,4.1,md,guc
2000-12-15,00:59:37,-70.6,-32.75,41.8,3.4,md,guc
2000-12-15,01:05:50,-70.51,-34.24,91.9,2.5,md,guc
2000-12-15,12:47:10,-69.74,-21.56,74.7,5.1,mb,us
2000-12-15,14:29:55,-70.27,-33.71,109.9,3.1,md,guc
2000-12-15,17:08:51,-71.42,-33.75,50.5,3.7,md,guc
2000-12-16,10:38:22,-69.79,-33.26,2.9,3.4,md,guc
2000-12-16,11:05:28,-113.34,-26.82,10.0,5.5,mwc,hrv
2000-12-17,08:42:52,-71.54,-32.01,34.5,3.9,md,guc
2000-12-17,11:21:44,-72.07,-32.56,36.1,4.0,md,guc
2000-12-18,03:56:54,-70.33,-34.04,103.9,2.3,md,guc
2000-12-18,10:54:05,-66.77,-21.44,221.7,3.7,mb,us
2000-12-18,12:33:07,-68.56,-30.08,10.0,4.3,md,guc
2000-12-19,05:55:50,-71.07,-31.88,91.9,2.9,md,guc
2000-12-19,09:09:14,-70.2,-33.05,116.4,3.2,md,guc
2000-12-19,14:10:36,-71.65,-28.8,100.0,4.3,md,guc
2000-12-20,00:40:26,-72.34,-34.7,15.0,3.8,md,guc
2000-12-20,01:51:51,-70.77,-34.24,83.4,2.6,md,guc
2000-12-20,02:42:54,-70.36,-32.9,100.2,3.0,md,guc
2000-12-20,09:08:54,-107.5,-26.76,10.0,4.4,mb,us
2000-12-20,11:23:54,-74.66,-39.01,11.0,6.5,mwc,hrv
2000-12-20,11:48:09,-71.19,-34.97,80.3,3.3,md,guc
2000-12-20,13:01:05,-75.34,-39.21,18.1,4.3,md,guc
2000-12-20,13:28:40,-66.36,-22.82,222.6,5.3,mb,us
2000-12-20,19:47:06,-71.73,-23.56,33.0,4.4,mb,us
2000-12-20,20:53:45,-66.67,-23.19,210.8,4.1,mb,us
2000-12-20,22:13:01,-71.46,-33.99,42.7,3.9,md,guc
2000-12-21,06:13:13,-68.94,-29.47,53.6,4.5,mb,us
2000-12-21,13:47:23,-72.94,-30.34,47.0,4.3,md,guc
2000-12-22,09:34:20,-72.05,-34.26,36.5,3.5,md,guc
2000-12-22,11:05:46,-71.27,-32.74,53.4,4.9,mb,us
2000-12-22,11:45:18,-71.05,-35.69,18.5,3.5,md,guc
2000-12-22,16:18:16,-69.36,-31.51,181.8,3.7,md,guc
2000-12-22,16:30:00,-107.15,-26.41,10.0,5.2,mwc,hrv
2000-12-22,21:58:03,-71.29,-31.77,0.0,3.8,md,guc
2000-12-23,00:47:22,-81.83,-44.46,10.0,4.5,mb,us
2000-12-23,04:05:17,-72.95,-16.11,105.9,4.0,mb,us
2000-12-23,04:29:11,-107.42,-26.6,10.0,4.8,mb,us
2000-12-23,06:18:10,-70.14,-31.85,118.8,3.1,md,guc
2000-12-23,09:11:16,-71.38,-31.94,72.5,3.5,md,guc
2000-12-23,09:41:31,-69.91,-32.05,154.3,3.1,md,guc
2000-12-23,21:06:38,-68.26,-31.82,109.1,4.6,mb,us
2000-12-24,01:26:07,-70.13,-33.85,1.8,3.7,md,guc
2000-12-24,04:33:36,-66.62,-24.05,217.6,4.4,mb,us
2000-12-24,14:53:35,-70.76,-33.35,71.0,2.1,md,guc
2000-12-25,00:49:28,-68.13,-31.63,33.0,4.1,mb,us
2000-12-25,03:54:13,-70.39,-33.13,105.0,2.6,md,guc
2000-12-25,04:07:58,-80.28,-4.44,63.6,4.7,mb,us
2000-12-25,18:27:08,-72.5,-34.81,22.0,4.3,md,guc
2000-12-25,22:52:51,-69.8,-31.59,140.4,3.4,md,guc
2000-12-26,10:41:03,-66.69,-24.07,198.0,4.8,mb,us
2000-12-26,16:25:20,-71.57,-32.08,42.3,3.4,md,guc
2000-12-27,05:36:49,-70.23,-32.04,124.9,2.9,md,guc
2000-12-27,08:56:28,-72.34,-34.62,33.0,4.2,md,guc
2000-12-27,10:19:15,-69.66,-20.23,33.0,4.3,mb,us
2000-12-27,18:14:26,-72.25,-34.72,0.0,3.5,md,guc
2000-12-28,00:35:51,-69.62,-19.22,102.3,3.6,mb,us
2000-12-28,01:29:33,-71.6,-16.09,130.0,3.7,mb,us
2000-12-28,03:23:33,-70.76,-32.72,84.9,3.5,md,guc
2000-12-28,11:50:10,-70.38,-34.08,109.7,3.2,md,guc
2000-12-28,22:33:06,-71.51,-35.91,129.4,3.9,md,guc
2000-12-28,23:52:21,-70.88,-34.83,109.8,3.5,md,guc
2000-12-29,01:48:08,-71.62,-30.02,23.1,4.0,mb,us
2000-12-29,08:58:39,-68.68,-34.0,33.0,3.8,md,guc
2000-12-29,11:21:10,-66.72,-22.96,220.0,3.9,mb,us
2000-12-29,12:28:43,-71.04,-32.14,86.0,3.6,md,guc
2000-12-29,20:38:35,-73.4,-34.41,0.0,3.8,md,guc
2000-12-29,23:06:20,-71.1,-35.3,87.1,3.8,md,guc
2000-12-30,01:26:31,-70.43,-35.52,186.9,2.9,md,guc
2000-12-30,02:49:56,-71.33,-32.08,19.3,4.0,md,guc
2000-12-30,06:12:23,-70.59,-34.09,6.9,3.7,md,guc
2000-12-30,11:08:46,-68.98,-32.54,160.0,3.0,md,guc
2000-12-30,14:14:25,-72.16,-34.77,6.2,3.7,md,guc
2000-12-30,14:32:56,-72.05,-30.02,47.4,4.3,md,guc
2000-12-30,15:00:52,-70.22,-32.52,117.2,2.9,md,guc
2000-12-30,19:46:30,-71.71,-32.63,15.0,3.5,md,guc
2000-12-30,22:17:34,-70.77,-33.98,84.2,2.3,md,guc
2000-12-31,04:09:06,-70.73,-33.3,78.1,2.5,md,guc
2000-12-31,12:05:06,-79.65,-44.73,33.0,4.5,mb,us
2000-12-31,15:54:14,-70.12,-33.4,6.2,3.1,md,guc
2000-12-31,23:43:00,-107.26,-26.55,10.0,5.4,mwc,hrv
2001-01-01,10:45:16,-70.65,-34.02,97.9,2.4,md,guc
2001-01-01,15:13:23,-71.6,-32.81,61.8,3.5,md,guc
2001-01-01,21:29:37,-71.54,-32.0,82.0,5.1,mb,us
2001-01-01,23:35:57,-72.51,-34.69,27.3,3.8,md,guc
2001-01-01,23:42:18,-70.76,-33.42,79.7,2.2,md,guc
2001-01-02,08:02:57,-69.91,-31.8,142.0,3.8,md,guc
2001-01-02,10:31:09,-70.25,-33.55,107.2,2.8,md,guc
2001-01-02,14:03:51,-70.19,-32.6,107.7,3.3,md,guc
2001-01-03,03:43:20,-70.24,-33.5,115.2,2.9,md,guc
2001-01-03,06:18:59,-70.91,-35.67,153.4,3.3,md,guc
2001-01-03,06:19:09,-74.55,-8.33,110.8,4.7,mb,us
2001-01-03,11:42:03,-69.34,-31.42,113.7,4.5,mb,us
2001-01-03,12:27:59,-72.23,-33.5,33.0,4.6,mb,us
2001-01-04,13:41:09,-71.76,-32.1,0.0,3.7,md,guc
2001-01-04,14:22:43,-71.83,-32.06,8.8,3.7,md,guc
2001-01-04,16:10:54,-70.32,-32.04,116.8,3.7,md,guc
2001-01-05,09:44:48,-70.16,-33.12,114.4,3.2,md,guc
2001-01-05,19:39:56,-71.48,-32.65,15.1,3.6,md,guc
2001-01-06,00:40:50,-71.69,-33.62,56.5,3.3,md,guc
2001-01-06,02:00:11,-72.05,-32.95,49.9,4.5,md,guc
2001-01-06,05:11:10,-71.78,-40.51,138.6,4.2,md,guc
2001-01-06,05:33:41,-69.03,-32.76,157.8,2.9,md,guc
2001-01-06,15:18:41,-69.12,-32.27,17.0,3.8,md,guc
2001-01-06,16:54:44,-71.71,-34.96,52.4,3.6,md,guc
2001-01-06,18:04:18,-68.03,-32.24,257.4,3.6,md,guc
2001-01-07,02:35:34,-68.29,-21.29,150.0,4.4,mb,us
2001-01-07,02:52:47,-70.34,-34.53,137.1,4.1,md,guc
2001-01-07,03:14:05,-71.55,-37.1,5.0,4.0,md,guc
2001-01-07,08:23:34,-71.38,-32.48,39.8,3.7,md,guc
2001-01-07,10:18:20,-72.23,-33.44,10.0,5.9,mwc,hrv
2001-01-07,10:26:09,-72.24,-33.48,10.0,4.9,mb,us
2001-01-07,11:47:28,-72.23,-33.47,4.2,3.7,md,guc
2001-01-07,11:52:09,-72.19,-33.48,10.0,4.7,mb,us
2001-01-07,12:52:46,-72.23,-33.51,3.5,4.0,md,guc
2001-01-07,16:08:07,-72.4,-33.49,7.9,4.5,md,guc
2001-01-07,16:34:49,-72.28,-33.49,4.8,4.3,md,guc
2001-01-07,16:44:30,-72.27,-33.47,3.6,4.4,md,guc
2001-01-07,17:06:53,-72.25,-33.51,0.5,3.7,md,guc
2001-01-07,17:50:52,-72.25,-33.48,2.7,3.8,md,guc
2001-01-07,18:02:20,-72.29,-33.5,0.6,4.2,md,guc
2001-01-07,18:08:46,-72.26,-33.47,3.5,4.1,md,guc
2001-01-07,18:17:18,-72.31,-33.49,2.4,4.1,md,guc
2001-01-07,20:07:01,-72.2,-33.52,5.3,3.7,md,guc
2001-01-07,20:59:30,-70.84,-34.86,116.4,3.9,md,guc
2001-01-07,23:41:07,-72.15,-33.4,6.0,4.1,md,guc
2001-01-08,02:15:56,-70.86,-33.07,74.4,2.8,md,guc
2001-01-08,08:07:05,-72.02,-33.56,9.4,3.6,md,guc
2001-01-08,22:42:41,-72.22,-33.46,33.0,4.7,mb,us
2001-01-09,04:56:10,-72.26,-33.54,1.3,3.6,md,guc
2001-01-09,05:26:00,-72.31,-33.53,0.0,3.6,md,guc
2001-01-09,12:44:19,-69.84,-31.66,169.8,3.9,md,guc
2001-01-09,16:12:33,-71.6,-32.35,16.1,3.7,md,guc
2001-01-09,18:07:38,-70.16,-31.86,136.3,3.6,md,guc
2001-01-09,20:03:57,-72.29,-33.51,2.7,3.5,md,guc
2001-01-09,20:12:16,-71.2,-32.8,64.6,4.1,md,guc
2001-01-09,20:36:41,-72.26,-33.51,0.5,3.8,md,guc
2001-01-09,22:09:59,-72.3,-33.51,0.0,3.6,md,guc
2001-01-09,22:30:34,-72.4,-33.49,6.9,4.1,md,guc
2001-01-10,02:05:10,-72.29,-33.52,0.0,3.5,md,guc
2001-01-10,08:21:57,-72.29,-33.51,1.1,3.7,md,guc
2001-01-10,11:29:24,-70.94,-29.97,78.1,3.5,md,guc
2001-01-10,12:59:11,-72.31,-33.49,1.8,3.8,md,guc
2001-01-10,18:16:59,-71.33,-29.95,82.2,3.6,md,guc
2001-01-11,01:07:58,-70.36,-33.59,105.8,3.0,md,guc
2001-01-11,04:55:36,-70.37,-33.18,94.7,2.7,md,guc
2001-01-11,05:01:22,-71.3,-32.81,42.1,3.5,md,guc
2001-01-11,12:37:47,-72.25,-33.44,2.9,3.6,md,guc
2001-01-11,12:49:02,-72.17,-33.42,4.8,4.3,md,guc
2001-01-11,13:01:33,-72.28,-33.47,15.0,4.3,md,guc
2001-01-11,16:03:41,-68.59,-31.14,108.1,3.5,md,guc
2001-01-11,16:13:02,-69.89,-31.48,135.0,3.1,md,guc
2001-01-11,18:40:12,-70.64,-34.05,99.0,3.1,md,guc
2001-01-11,19:36:15,-71.59,-31.42,47.2,3.8,md,guc
2001-01-11,21:37:01,-70.45,-33.86,9.0,3.5,md,guc
2001-01-11,21:38:33,-70.44,-33.86,9.2,3.4,md,guc
2001-01-11,22:41:42,-71.93,-32.45,24.6,3.7,md,guc
2001-01-12,10:47:40,-74.81,-15.58,39.1,5.7,mwc,hrv
2001-01-12,22:54:47,-70.49,-33.74,111.7,3.3,md,guc
2001-01-13,14:41:57,-71.62,-32.56,20.4,4.0,md,guc
2001-01-13,14:47:40,-71.58,-32.59,6.0,3.9,md,guc
2001-01-13,22:50:19,-70.16,-32.99,112.0,3.1,md,guc
2001-01-14,03:32:53,-71.2,-27.99,33.0,4.8,mb,us
2001-01-14,11:27:22,-70.16,-32.76,108.3,3.1,md,guc
2001-01-14,20:41:41,-66.69,-23.5,215.6,3.6,mb,us
2001-01-15,11:53:28,-75.08,-15.8,33.0,5.4,mwc,hrv
2001-01-15,17:32:26,-70.14,-34.07,8.2,3.7,md,guc
2001-01-15,20:23:07,-70.47,-33.15,95.7,2.6,md,guc
2001-01-15,20:39:39,-68.52,-21.23,100.3,3.8,mb,us
2001-01-15,23:54:52,-70.32,-34.45,3.4,3.6,md,guc
2001-01-16,01:52:29,-68.36,-21.98,123.8,4.6,mb,us
2001-01-16,02:32:01,-72.52,-34.71,20.8,3.7,md,guc
2001-01-16,02:47:34,-70.21,-33.84,115.1,3.3,md,guc
2001-01-16,05:26:30,-70.81,-32.38,70.0,3.8,md,guc
2001-01-16,15:45:07,-72.44,-33.37,35.8,3.8,md,guc
2001-01-16,16:42:12,-71.83,-31.61,0.0,4.2,md,guc
2001-01-17,07:57:11,-69.95,-31.8,144.2,3.5,md,guc
2001-01-17,08:46:04,-68.57,-33.28,0.0,3.8,md,guc
2001-01-17,09:42:16,-72.1,-33.33,15.3,3.3,md,guc
2001-01-17,09:45:20,-72.01,-33.34,10.8,3.4,md,guc
2001-01-17,10:02:48,-70.86,-32.89,73.3,2.9,md,guc
2001-01-17,11:30:08,-71.51,-32.01,4.3,4.2,md,guc
2001-01-17,12:53:41,-71.46,-32.04,0.0,4.2,md,guc
2001-01-18,03:00:46,-70.73,-34.03,86.5,2.8,md,guc
2001-01-18,07:51:10,-71.85,-31.63,24.1,4.1,md,guc
2001-01-18,08:19:56,-71.63,-31.6,0.0,3.5,md,guc
2001-01-18,08:49:26,-72.46,-34.62,20.9,4.4,md,guc
2001-01-18,15:18:48,-71.59,-29.22,32.5,5.2,mb,us
2001-01-18,21:46:06,-71.82,-33.57,27.8,3.5,md,guc
2001-01-19,09:25:44,-70.53,-33.95,13.3,3.4,md,guc
2001-01-19,16:46:34,-70.9,-32.42,91.3,3.0,md,guc
2001-01-19,20:37:18,-70.26,-33.17,11.6,3.1,md,guc
2001-01-20,03:46:56,-72.0,-33.3,36.8,4.4,md,guc
2001-01-20,12:11:32,-70.76,-33.02,74.8,2.8,md,guc
2001-01-20,13:27:17,-71.36,-34.22,15.0,3.3,md,guc
2001-01-20,17:39:17,-68.85,-31.65,162.5,3.9,md,guc
2001-01-20,18:56:57,-71.42,-34.01,56.9,2.8,md,guc
2001-01-21,03:44:44,-75.73,-12.75,94.9,4.3,mb,us
2001-01-21,03:57:29,-70.7,-34.13,114.1,4.1,md,guc
2001-01-21,05:25:11,-71.92,-29.26,5.0,4.4,md,guc
2001-01-21,19:01:52,-70.02,-33.05,145.8,2.4,md,guc
2001-01-21,21:47:48,-70.72,-34.81,118.4,3.1,md,guc
2001-01-22,13:00:30,-71.61,-32.59,24.0,4.0,md,guc
2001-01-22,13:27:54,-70.29,-31.43,10.8,3.9,md,guc
2001-01-22,21:00:09,-71.58,-32.62,0.0,3.5,md,guc
2001-01-23,01:54:54,-71.88,-32.53,15.0,3.7,md,guc
2001-01-23,09:30:56,-70.15,-32.69,111.7,4.0,md,guc
2001-01-23,17:55:30,-70.15,-33.52,107.5,2.9,md,guc
2001-01-24,03:11:21,-69.94,-31.58,152.7,3.4,md,guc
2001-01-24,04:31:44,-71.81,-31.68,3.1,4.0,md,guc
2001-01-24,05:21:10,-70.01,-33.52,8.1,3.7,md,guc
2001-01-24,08:08:37,-65.96,-22.42,264.0,4.7,mb,us
2001-01-24,08:38:24,-68.45,-33.33,0.0,3.8,md,guc
2001-01-24,10:37:28,-71.17,-33.14,24.7,3.5,md,guc
2001-01-24,10:49:59,-68.87,-33.39,0.0,3.3,md,guc
2001-01-24,18:37:02,-71.48,-32.66,8.5,3.5,md,guc
2001-01-24,20:28:51,-71.35,-31.03,7.4,3.8,md,guc
2001-01-24,21:41:21,-72.56,-30.81,31.8,4.2,md,guc
2001-01-24,22:45:21,-72.2,-33.39,2.7,4.2,md,guc
2001-01-25,01:40:37,-72.09,-33.84,4.6,4.1,md,guc
2001-01-25,04:15:08,-72.65,-33.8,0.0,3.9,md,guc
2001-01-25,14:01:20,-70.36,-33.61,11.1,3.2,md,guc
2001-01-25,19:46:41,-67.97,-31.8,214.1,3.2,md,guc
2001-01-25,23:15:14,-70.67,-33.13,92.1,2.6,md,guc
2001-01-25,23:27:25,-71.78,-32.78,15.4,3.5,md,guc
2001-01-26,00:57:27,-71.44,-35.65,106.3,3.3,md,guc
2001-01-26,03:27:37,-71.62,-32.67,5.5,3.7,md,guc
2001-01-26,05:19:33,-71.62,-32.68,5.8,3.6,md,guc
2001-01-26,06:42:38,-70.48,-34.48,116.5,3.1,md,guc
2001-01-26,07:58:49,-71.33,-33.99,40.7,3.8,md,guc
2001-01-26,14:28:09,-70.15,-34.03,0.0,3.3,md,guc
2001-01-27,02:10:11,-70.62,-32.9,6.1,4.1,md,guc
2001-01-27,03:18:04,-66.67,-28.06,188.9,4.1,mb,us
2001-01-27,03:56:01,-70.67,-35.62,14.9,3.6,md,guc
2001-01-27,04:10:12,-70.95,-34.21,94.7,2.7,md,guc
2001-01-27,05:33:21,-71.34,-32.24,43.6,3.6,md,guc
2001-01-27,11:59:42,-68.86,-31.4,0.0,3.8,md,guc
2001-01-27,12:08:08,-67.72,-31.8,162.0,4.1,md,guc
2001-01-27,12:33:50,-71.29,-33.44,52.8,3.4,md,guc
2001-01-27,19:25:22,-66.53,-23.99,204.0,4.8,mb,us
2001-01-28,02:08:03,-71.86,-33.29,30.5,3.5,md,guc
2001-01-28,05:00:45,-70.52,-31.73,123.2,3.9,md,guc
2001-01-28,11:29:53,-71.84,-33.38,35.8,3.4,md,guc
2001-01-28,12:43:54,-66.83,-24.16,200.0,4.1,mb,us
2001-01-28,21:04:48,-70.27,-33.15,4.8,3.5,md,guc
2001-01-29,05:39:28,-72.57,-34.61,28.1,3.4,md,guc
2001-01-29,08:03:31,-69.17,-31.3,180.2,3.3,md,guc
2001-01-29,12:16:01,-70.6,-35.4,0.0,3.8,md,guc
2001-01-29,12:35:22,-70.63,-34.44,11.2,3.6,md,guc
2001-01-29,15:06:25,-70.4,-32.02,125.3,3.1,md,guc
2001-01-29,15:26:03,-115.4,-24.05,10.0,5.4,mwc,hrv
2001-01-29,21:21:40,-70.93,-32.11,45.5,3.4,md,guc
2001-01-29,22:56:36,-71.05,-33.92,77.4,3.5,md,guc
2001-01-30,00:51:16,-71.48,-35.61,117.2,3.4,md,guc
2001-01-30,02:36:38,-74.54,-14.43,101.6,3.6,mb,us
2001-01-30,14:10:20,-72.77,-35.0,0.0,4.1,md,guc
2001-01-30,14:30:34,-72.67,-35.14,4.8,3.8,md,guc
2001-01-30,16:54:10,-71.47,-33.3,65.2,3.2,md,guc
2001-01-31,03:55:43,-70.09,-31.73,144.1,3.9,md,guc
2001-01-31,04:22:26,-66.87,-24.17,198.5,4.5,mb,us
2001-01-31,11:24:34,-70.44,-33.59,95.9,3.4,md,guc
2001-01-31,12:55:39,-67.5,-31.88,120.2,3.4,md,guc
2001-01-31,13:38:59,-71.18,-32.72,59.6,2.8,md,guc
2001-01-31,14:53:28,-68.85,-19.2,150.0,4.2,mb,us
2001-01-31,20:43:59,-70.25,-33.14,6.6,3.3,md,guc
2001-01-31,21:14:12,-70.54,-34.4,116.3,3.5,md,guc
2001-02-01,03:14:57,-70.28,-33.25,114.0,3.0,md,guc
2001-02-01,05:07:42,-71.21,-36.42,10.0,4.9,mb,us
2001-02-01,06:39:57,-69.63,-31.5,156.0,3.3,md,guc
2001-02-01,08:32:11,-68.96,-24.92,103.9,4.3,mb,us
2001-02-01,11:53:06,-69.6,-31.03,175.0,3.6,md,guc
2001-02-01,17:30:33,-70.28,-33.03,107.1,4.6,mb,us
2001-02-01,22:16:19,-68.79,-31.45,104.7,5.2,mb,us
2001-02-01,22:26:34,-71.19,-36.36,1.5,3.8,md,guc
2001-02-02,01:02:32,-71.86,-32.29,1.6,3.8,md,guc
2001-02-02,01:52:19,-76.18,-5.97,117.3,4.1,mb,us
2001-02-02,02:29:43,-71.6,-32.24,25.0,3.9,md,guc
2001-02-02,06:31:14,-71.28,-36.32,3.3,3.9,md,guc
2001-02-02,12:28:52,-69.29,-31.47,205.4,3.4,md,guc
2001-02-02,14:07:38,-72.71,-34.55,30.5,3.7,md,guc
2001-02-02,22:47:21,-73.95,-10.93,113.4,4.5,mb,us
2001-02-03,05:07:31,-69.39,-17.42,153.7,3.4,mb,us
2001-02-03,07:54:37,-70.98,-33.44,68.3,3.0,md,guc
2001-02-03,08:17:41,-71.76,-32.56,17.0,3.8,md,guc
2001-02-03,08:52:19,-72.28,-34.52,34.5,3.2,md,guc
2001-02-03,18:12:15,-71.4,-32.35,42.3,3.4,md,guc
2001-02-03,19:54:38,-70.42,-32.96,109.9,2.7,md,guc
2001-02-03,23:01:03,-72.84,-32.41,18.9,4.0,md,guc
2001-02-04,09:04:16,-70.62,-25.6,33.0,4.2,mb,us
2001-02-04,09:15:13,-70.16,-33.96,112.2,2.8,md,guc
2001-02-04,14:15:42,-66.74,-22.93,209.4,3.9,mb,us
2001-02-04,14:17:28,-68.67,-33.39,3.0,3.8,md,guc
2001-02-05,00:48:30,-71.45,-32.48,3.3,3.8,md,guc
2001-02-05,02:06:11,-74.32,-8.62,152.1,4.3,mb,us
2001-02-05,05:30:00,-71.74,-31.65,27.6,4.0,md,guc
2001-02-05,13:54:47,-70.78,-33.07,77.6,3.2,md,guc
2001-02-05,18:07:36,-71.73,-33.1,22.5,3.6,md,guc
2001-02-05,20:50:18,-71.43,-35.34,95.1,4.1,md,guc
2001-02-05,21:13:31,-71.45,-32.47,2.7,3.7,md,guc
2001-02-06,04:05:45,-71.77,-32.38,2.7,3.6,md,guc
2001-02-06,04:24:38,-74.75,-38.91,26.9,4.9,mb,us
2001-02-06,06:04:26,-72.01,-33.64,31.3,3.3,md,guc
2001-02-06,09:28:52,-76.72,-6.49,33.0,4.0,mb,us
2001-02-06,11:36:44,-69.06,-20.6,105.2,3.7,mb,us
2001-02-06,19:24:27,-70.42,-32.46,9.5,3.6,md,guc
2001-02-06,20:18:40,-69.5,-33.46,2.8,4.1,md,guc
2001-02-06,22:09:23,-71.27,-31.86,50.1,3.6,md,guc
2001-02-06,23:17:45,-72.46,-33.56,0.0,3.5,md,guc
2001-02-07,01:47:07,-71.78,-36.98,10.9,4.2,md,guc
2001-02-07,08:37:24,-71.82,-32.39,15.4,3.5,md,guc
2001-02-07,10:15:12,-70.36,-34.05,8.9,3.4,md,guc
2001-02-07,11:30:12,-70.48,-32.44,9.6,3.9,md,guc
2001-02-07,12:01:32,-70.44,-32.46,11.6,3.6,md,guc
2001-02-07,18:09:18,-73.18,-33.93,16.2,3.7,md,guc
2001-02-07,20:40:59,-71.49,-31.98,39.8,3.5,md,guc
2001-02-08,00:05:29,-70.15,-33.98,5.3,3.0,md,guc
2001-02-08,06:38:50,-70.51,-33.2,94.2,2.8,md,guc
2001-02-08,07:35:11,-78.9,-10.76,33.0,4.7,mb,us
2001-02-08,07:39:00,-78.89,-10.75,33.0,4.9,mb,us
2001-02-09,01:11:51,-67.81,-31.09,24.2,4.5,md,guc
2001-02-09,02:21:12,-70.59,-28.4,59.8,4.7,mb,us
2001-02-09,05:21:19,-70.04,-34.14,2.6,4.0,md,guc
2001-02-09,07:56:54,-70.69,-35.48,10.5,3.7,md,guc
2001-02-09,10:38:04,-70.32,-34.35,6.2,3.0,md,guc
2001-02-09,18:03:56,-70.4,-32.68,11.9,3.6,md,guc
2001-02-09,18:42:09,-70.98,-32.13,71.3,3.1,md,guc
2001-02-09,19:14:46,-70.91,-32.98,73.0,2.8,md,guc
2001-02-09,20:25:20,-70.16,-33.34,119.2,2.4,md,guc
2001-02-10,01:11:32,-71.02,-34.14,70.5,2.9,md,guc
2001-02-10,09:20:10,-72.1,-33.1,15.0,3.6,md,guc
2001-02-10,10:24:06,-74.77,-38.68,9.5,4.8,mb,us
2001-02-10,15:22:47,-71.41,-33.77,1.3,3.5,md,guc
2001-02-10,17:27:04,-71.56,-31.53,69.3,3.7,md,guc
2001-02-10,20:47:19,-71.59,-32.66,6.2,3.4,md,guc
2001-02-10,22:21:49,-74.33,-8.44,166.4,4.3,mb,us
2001-02-11,01:48:56,-71.91,-31.86,27.1,3.8,md,guc
2001-02-11,01:55:45,-70.16,-31.56,136.5,3.4,md,guc
2001-02-11,04:02:10,-96.76,-35.85,10.0,4.6,mb,us
2001-02-11,04:40:48,-71.76,-32.88,38.7,3.6,md,guc
2001-02-11,05:24:06,-69.43,-31.44,100.0,3.8,md,guc
2001-02-11,07:02:03,-68.89,-31.15,100.0,3.8,md,guc
2001-02-11,09:15:26,-70.72,-33.51,77.8,2.2,md,guc
2001-02-11,09:16:44,-70.94,-34.22,93.7,2.4,md,guc
2001-02-11,09:48:54,-70.84,-32.86,77.7,2.4,md,guc
2001-02-12,08:16:06,-69.38,-31.56,100.0,3.3,md,guc
2001-02-13,17:28:57,-70.58,-32.72,42.7,3.5,md,guc
2001-02-14,00:48:27,-67.03,-17.96,281.3,3.9,mb,us
2001-02-14,05:39:23,-71.22,-33.31,59.9,2.4,md,guc
2001-02-14,13:33:55,-69.33,-31.37,125.3,3.6,md,guc
2001-02-14,13:45:13,-72.51,-34.67,20.1,3.8,md,guc
2001-02-14,14:15:57,-68.91,-31.67,33.0,4.0,md,guc
2001-02-14,14:38:01,-71.42,-32.39,44.8,3.9,md,guc
2001-02-15,03:20:04,-71.67,-32.58,4.2,3.1,md,guc
2001-02-15,15:09:52,-71.84,-35.88,82.4,3.4,md,guc
2001-02-16,01:56:52,-70.82,-33.84,78.9,2.5,md,guc
2001-02-16,07:25:02,-70.84,-33.02,74.7,2.7,md,guc
2001-02-16,13:08:20,-68.31,-33.28,16.0,3.3,md,guc
2001-02-16,13:19:46,-70.47,-15.34,210.1,5.5,mwc,hrv
2001-02-16,18:08:52,-71.66,-31.86,29.4,3.7,md,guc
2001-02-16,20:59:58,-70.39,-34.29,113.5,3.4,md,guc
2001-02-16,21:10:37,-71.27,-31.0,61.8,3.8,md,guc
2001-02-16,21:35:17,-70.64,-32.29,95.0,2.4,md,guc
2001-02-16,23:56:07,-69.26,-17.75,134.6,4.2,mb,us
2001-02-17,01:15:00,-70.23,-33.73,118.6,2.4,md,guc
2001-02-17,02:34:38,-71.68,-32.53,15.0,3.6,md,guc
2001-02-17,04:05:21,-75.39,-7.9,33.0,4.3,mb,us
2001-02-17,05:21:51,-70.7,-35.47,8.6,3.8,md,guc
2001-02-17,05:37:29,-67.67,-21.91,72.5,4.5,mb,us
2001-02-17,12:27:27,-71.78,-32.21,34.5,3.4,md,guc
2001-02-17,13:29:20,-70.24,-33.18,7.7,3.3,md,guc
2001-02-17,14:15:46,-68.7,-31.52,100.0,3.7,md,guc
2001-02-17,16:13:35,-70.23,-31.65,135.8,2.9,md,guc
2001-02-18,11:56:38,-71.02,-33.21,67.3,3.2,md,guc
2001-02-18,16:54:44,-71.81,-31.8,25.4,4.1,md,guc
2001-02-18,17:12:36,-70.59,-33.2,88.2,2.3,md,guc
2001-02-19,02:11:22,-70.21,-33.6,106.3,2.9,md,guc
2001-02-19,03:30:10,-71.62,-32.64,5.9,3.7,md,guc
2001-02-19,04:56:52,-70.82,-34.1,82.2,3.1,md,guc
2001-02-19,05:14:54,-75.11,-15.58,33.0,4.5,mb,us
2001-02-19,06:07:11,-71.92,-34.26,31.7,3.7,md,guc
2001-02-19,11:36:33,-70.68,-33.52,85.0,2.5,md,guc
2001-02-19,11:56:31,-75.13,-15.54,33.0,4.7,mb,us
2001-02-19,14:20:16,-70.25,-33.16,3.4,3.6,md,guc
2001-02-19,14:31:55,-79.28,-45.1,10.0,5.8,mwc,hrv
2001-02-19,22:25:18,-70.64,-35.39,0.0,3.9,md,guc
2001-02-20,01:29:42,-71.71,-33.43,32.9,3.3,md,guc
2001-02-20,06:31:00,-71.5,-32.66,15.2,3.4,md,guc
2001-02-20,08:53:43,-71.56,-27.9,33.0,4.7,mb,us
2001-02-20,13:48:14,-70.99,-31.99,90.9,3.0,md,guc
2001-02-20,19:44:43,-71.4,-32.53,67.9,3.0,md,guc
2001-02-21,02:21:08,-70.25,-33.97,119.7,2.6,md,guc
2001-02-21,04:10:56,-68.86,-31.11,33.0,3.8,md,guc
2001-02-21,10:05:55,-70.25,-34.31,129.1,3.3,md,guc
2001-02-21,15:20:21,-74.51,-11.28,33.0,5.7,mwc,hrv
2001-02-21,17:28:47,-71.77,-30.86,45.7,4.8,mb,us
2001-02-21,22:04:19,-70.22,-32.55,101.0,2.8,md,guc
2001-02-22,05:55:43,-70.21,-34.19,113.6,2.7,md,guc
2001-02-22,07:00:52,-71.64,-32.06,64.9,3.4,md,guc
2001-02-22,07:49:48,-70.15,-32.49,116.2,2.6,md,guc
2001-02-22,07:55:52,-71.46,-27.82,29.6,5.6,mwc,hrv
2001-02-22,11:46:08,-75.28,-10.7,130.3,4.2,mb,us
2001-02-22,12:16:26,-71.42,-35.6,100.2,3.1,md,guc
2001-02-22,12:43:07,-68.81,-23.88,33.0,4.3,mb,us
2001-02-22,13:34:42,-67.62,-28.44,153.8,3.9,md,guc
2001-02-22,13:55:43,-74.71,-10.68,33.0,4.2,mb,us
2001-02-22,17:01:25,-71.55,-33.67,45.2,3.4,md,guc
2001-02-22,20:06:22,-72.95,-16.69,49.3,5.4,mwc,hrv
2001-02-22,21:09:09,-70.36,-33.45,100.1,2.5,md,guc
2001-02-22,21:18:55,-69.87,-31.47,188.0,3.3,md,guc
2001-02-23,02:19:12,-67.95,-23.3,123.9,4.9,mb,us
2001-02-23,14:55:10,-70.27,-33.18,9.5,3.1,md,guc
2001-02-23,16:29:15,-70.38,-34.43,113.9,2.2,md,guc
2001-02-23,22:15:06,-70.95,-35.07,86.1,3.5,md,guc
2001-02-24,02:32:58,-70.06,-32.13,106.3,3.1,md,guc
2001-02-24,17:58:37,-68.69,-20.18,115.9,5.3,mb,us
2001-02-25,04:48:08,-70.4,-33.92,99.2,4.2,md,guc
2001-02-25,09:09:25,-72.18,-32.94,15.7,3.3,md,guc
2001-02-25,13:10:43,-70.25,-33.16,1.9,3.4,md,guc
2001-02-26,01:35:45,-71.29,-33.08,15.1,3.4,md,guc
2001-02-26,03:31:48,-70.38,-33.93,96.2,3.1,md,guc
2001-02-26,08:38:27,-71.86,-27.81,33.0,4.7,md,guc
2001-02-26,10:23:16,-70.25,-32.74,101.7,3.5,md,guc
2001-02-26,11:44:08,-70.1,-34.48,1.1,3.5,md,guc
2001-02-26,15:32:40,-70.23,-33.16,2.3,3.2,md,guc
2001-02-26,16:53:16,-71.61,-27.83,10.0,4.2,md,guc
2001-02-27,02:13:00,-71.32,-27.9,33.0,5.2,mwc,hrv
2001-02-27,03:49:18,-71.27,-27.3,33.0,4.6,mb,us
2001-02-27,08:18:24,-71.42,-32.31,43.8,3.7,md,guc
2001-02-27,12:03:06,-68.5,-31.23,100.0,3.7,md,guc
2001-02-27,16:18:36,-70.58,-33.48,88.0,2.8,md,guc
2001-02-27,17:50:10,-70.48,-33.27,91.0,2.7,md,guc
2001-02-27,22:07:28,-70.08,-32.79,120.6,3.8,md,guc
2001-02-27,23:30:02,-75.43,-14.08,68.9,5.0,mwc,hrv
2001-02-28,02:57:41,-81.5,-6.99,33.0,4.8,mb,us
2001-02-28,07:23:50,-71.64,-32.65,11.0,3.8,md,guc
2001-02-28,07:39:26,-70.8,-32.72,72.5,3.4,md,guc
2001-02-28,07:41:37,-70.13,-31.77,133.1,3.8,md,guc
2001-02-28,08:21:55,-71.26,-27.32,25.3,4.4,md,guc
2001-02-28,11:47:29,-71.16,-27.93,0.4,4.2,md,guc
2001-02-28,12:24:00,-71.34,-27.94,12.2,4.2,md,guc
2001-02-28,14:48:19,-69.58,-31.49,152.8,3.2,md,guc
2001-02-28,19:33:43,-70.36,-32.24,111.7,2.8,md,guc
2001-03-01,04:39:35,-69.58,-31.56,170.0,3.5,md,guc
2001-03-01,07:16:25,-71.75,-32.98,53.2,4.3,md,guc
2001-03-01,12:39:46,-70.68,-34.43,85.4,2.6,md,guc
2001-03-01,16:05:27,-66.61,-24.0,219.0,4.6,mb,us
2001-03-01,16:49:52,-72.16,-32.01,31.0,3.6,md,guc
2001-03-02,10:55:46,-71.59,-30.84,41.0,3.6,md,guc
2001-03-02,14:20:38,-70.24,-33.17,7.0,3.5,md,guc
2001-03-02,17:42:53,-69.52,-31.64,131.4,4.1,md,guc
2001-03-02,19:44:39,-71.03,-34.49,93.2,2.7,md,guc
2001-03-02,22:12:30,-71.32,-32.33,41.5,3.8,md,guc
2001-03-02,23:33:18,-70.39,-32.39,99.3,3.3,md,guc
2001-03-03,01:17:29,-70.99,-31.22,94.8,3.5,md,guc
2001-03-03,01:21:35,-75.39,-39.02,98.3,3.9,md,guc
2001-03-03,04:48:37,-70.61,-33.61,83.5,3.4,md,guc
2001-03-03,05:15:05,-74.75,-38.79,33.0,4.7,mb,us
2001-03-03,11:58:13,-74.56,-38.77,33.0,5.9,mwc,hrv
2001-03-03,14:51:09,-74.85,-38.99,33.0,4.7,mb,us
2001-03-04,01:00:55,-71.09,-35.09,107.0,3.4,md,guc
2001-03-04,07:51:01,-67.17,-21.15,200.0,4.3,mb,us
2001-03-04,09:17:31,-68.62,-20.53,79.6,3.6,mb,us
2001-03-04,16:09:08,-71.45,-28.79,9.5,4.4,md,guc
2001-03-04,20:17:24,-71.5,-27.28,18.9,4.5,mb,us
2001-03-04,23:23:33,-70.28,-33.29,104.7,2.8,md,guc
2001-03-05,02:04:15,-70.66,-33.48,85.6,2.9,md,guc
2001-03-05,02:57:56,-70.2,-34.69,137.8,2.8,md,guc
2001-03-05,05:01:18,-69.22,-25.47,33.0,4.1,mb,us
2001-03-05,15:31:54,-70.56,-33.73,97.2,2.6,md,guc
2001-03-05,21:47:49,-70.72,-33.93,85.9,3.4,md,guc
2001-03-06,01:26:29,-70.9,-34.13,85.9,2.6,md,guc
2001-03-06,15:07:54,-71.91,-33.6,13.3,3.3,md,guc
2001-03-06,20:57:27,-71.46,-31.54,33.8,4.0,md,guc
2001-03-06,21:42:18,-71.41,-33.79,45.7,3.3,md,guc
2001-03-07,01:33:40,-71.43,-33.8,46.7,3.0,md,guc
2001-03-07,02:51:08,-70.64,-31.6,108.4,3.5,md,guc
2001-03-07,03:28:25,-72.06,-33.59,45.9,5.3,mb,us
2001-03-07,10:22:38,-71.44,-33.8,47.2,3.5,md,guc
2001-03-07,11:19:27,-66.73,-23.26,185.9,4.0,mb,us
2001-03-07,13:32:37,-70.39,-33.79,105.0,3.5,md,guc
2001-03-08,08:30:34,-69.31,-31.55,197.1,4.1,md,guc
2001-03-08,09:51:30,-71.81,-32.57,27.6,3.6,md,guc
2001-03-08,12:04:03,-71.09,-35.11,99.5,3.9,md,guc
2001-03-08,14:17:36,-70.27,-33.17,6.3,3.6,md,guc
2001-03-08,21:45:03,-66.69,-27.7,149.7,4.1,md,guc
2001-03-09,17:52:50,-67.38,-22.23,152.5,4.1,mb,us
2001-03-10,06:59:21,-70.64,-32.55,87.7,2.7,md,guc
2001-03-13,02:43:36,-70.14,-33.9,1.3,2.5,md,guc
2001-03-13,10:46:57,-71.48,-30.85,36.7,3.9,md,guc
2001-03-13,19:08:35,-70.54,-34.5,122.6,3.1,md,guc
2001-03-14,00:12:04,-66.88,-23.92,150.0,4.3,mb,us
2001-03-14,00:35:59,-69.17,-28.51,100.6,4.3,mb,us
2001-03-14,08:51:46,-71.11,-30.91,87.5,3.6,md,guc
2001-03-15,01:29:26,-69.75,-32.44,127.3,3.1,md,guc
2001-03-15,04:27:34,-72.02,-33.61,7.6,3.5,md,guc
2001-03-15,06:29:02,-72.06,-33.58,29.0,3.6,md,guc
2001-03-15,08:10:53,-76.63,-5.74,33.0,5.0,mb,us
2001-03-15,10:50:33,-69.8,-19.34,120.6,4.9,mb,us
2001-03-15,11:06:20,-69.56,-34.82,33.0,4.8,mb,us
2001-03-15,11:36:00,-76.34,-5.72,33.0,4.4,mb,us
2001-03-15,13:02:42,-71.49,-32.32,37.0,6.0,mwb,us
2001-03-15,13:19:19,-71.62,-32.47,44.8,3.5,md,guc
2001-03-15,13:32:35,-71.61,-32.38,38.3,4.0,md,guc
2001-03-15,15:06:50,-71.58,-32.48,41.7,4.2,md,guc
2001-03-15,16:53:12,-71.61,-32.45,43.8,3.7,md,guc
2001-03-15,19:26:00,-67.02,-19.1,256.7,4.2,mb,us
2001-03-15,21:02:37,-71.08,-35.04,99.7,3.5,md,guc
2001-03-16,04:36:09,-68.74,-20.41,115.0,5.8,mwb,us
2001-03-16,09:14:17,-76.54,-5.7,33.0,4.7,mb,us
2001-03-16,09:50:27,-71.62,-32.44,43.7,3.5,md,guc
2001-03-16,11:15:30,-72.33,-33.86,9.0,4.2,md,guc
2001-03-16,15:17:35,-71.65,-32.4,37.9,3.3,md,guc
2001-03-17,01:44:54,-75.65,-9.15,33.0,4.2,mb,us
2001-03-17,03:10:21,-71.6,-32.39,41.5,4.3,md,guc
2001-03-17,03:22:03,-76.42,-5.74,33.0,4.6,mb,us
2001-03-17,07:02:38,-71.86,-29.95,20.4,4.3,md,guc
2001-03-17,17:13:43,-72.01,-33.51,10.3,3.7,md,guc
2001-03-17,20:30:05,-70.9,-34.22,74.7,3.1,md,guc
2001-03-18,02:10:27,-71.61,-32.42,43.0,3.7,md,guc
2001-03-18,07:05:25,-66.84,-24.54,200.0,4.3,mb,us
2001-03-18,09:45:27,-71.08,-34.56,77.6,3.4,md,guc
2001-03-18,12:14:12,-72.39,-33.44,23.0,4.1,md,guc
2001-03-18,14:50:04,-72.05,-30.54,8.9,4.0,md,guc
2001-03-18,15:55:15,-71.61,-32.45,43.2,4.0,md,guc
2001-03-18,23:55:36,-72.08,-33.91,33.0,4.5,md,guc
2001-03-19,05:45:26,-68.71,-22.16,100.0,4.8,mb,us
2001-03-19,06:19:32,-71.23,-33.28,62.6,3.2,md,guc
2001-03-19,09:30:51,-67.01,-21.86,204.8,4.5,mb,us
2001-03-19,10:29:00,-70.67,-32.01,92.1,2.3,md,guc
2001-03-19,14:12:24,-70.66,-33.68,86.1,2.6,md,guc
2001-03-19,14:43:49,-71.67,-32.41,42.7,3.5,md,guc
2001-03-19,15:29:14,-70.44,-32.64,100.7,2.8,md,guc
2001-03-19,16:15:39,-69.34,-31.26,100.0,3.9,md,guc
2001-03-19,22:32:22,-70.84,-37.39,33.0,4.8,mb,us
2001-03-20,03:51:38,-69.92,-32.73,106.6,2.8,md,guc
2001-03-20,04:00:42,-71.78,-32.26,3.7,3.7,md,guc
2001-03-20,05:58:29,-70.02,-32.02,126.8,3.0,md,guc
2001-03-20,11:09:39,-70.07,-28.79,96.7,4.6,mb,us
2001-03-20,14:06:34,-71.34,-32.57,38.4,3.7,md,guc
2001-03-21,12:01:40,-69.61,-31.3,210.4,3.9,md,guc
2001-03-21,19:47:51,-67.53,-21.32,200.0,4.0,mb,us
2001-03-22,02:59:59,-70.62,-32.89,15.0,3.5,md,guc
2001-03-22,04:33:43,-68.11,-31.59,272.9,3.9,md,guc
2001-03-22,08:06:14,-71.38,-35.33,94.5,3.1,md,guc
2001-03-22,09:17:43,-72.88,-16.62,54.5,4.3,mb,us
2001-03-22,14:13:38,-70.7,-35.43,10.0,3.6,md,guc
2001-03-22,18:01:53,-72.68,-16.96,46.3,4.6,mb,us
2001-03-22,20:26:57,-72.76,-34.64,79.9,2.7,md,guc
2001-03-22,22:09:34,-73.08,-33.51,24.5,3.9,md,guc
2001-03-23,09:17:50,-72.08,-31.71,26.1,4.2,md,guc
2001-03-24,08:14:21,-69.6,-35.11,12.1,3.6,md,guc
2001-03-24,09:42:17,-69.9,-31.71,142.7,3.6,md,guc
2001-03-25,03:54:40,-71.6,-32.36,41.5,3.9,md,guc
2001-03-25,10:24:47,-69.74,-16.42,197.5,3.3,mb,us
2001-03-25,10:54:34,-72.07,-34.27,35.8,3.9,md,guc
2001-03-25,11:23:26,-70.07,-34.24,8.0,3.7,md,guc
2001-03-25,11:25:47,-70.07,-34.19,7.5,3.7,md,guc
2001-03-25,13:47:44,-70.46,-33.76,100.1,2.9,md,guc
2001-03-25,14:35:56,-71.14,-9.64,602.4,3.9,mb,us
2001-03-25,16:14:05,-71.15,-9.62,600.0,4.2,mb,us
2001-03-25,16:44:10,-69.23,-31.88,132.5,3.4,md,guc
2001-03-25,21:29:09,-71.74,-32.14,38.9,3.6,md,guc
2001-03-26,00:40:15,-71.95,-34.06,20.8,4.2,md,guc
2001-03-26,00:45:06,-71.67,-32.12,7.1,3.8,md,guc
2001-03-26,01:09:50,-71.68,-31.87,55.7,3.6,md,guc
2001-03-26,03:26:26,-71.79,-31.13,33.0,4.7,md,guc
2001-03-26,04:37:05,-76.7,-13.21,33.0,3.6,mb,us
2001-03-26,11:46:03,-70.8,-33.96,82.8,2.7,md,guc
2001-03-26,18:27:43,-71.14,-32.79,55.3,2.4,md,guc
2001-03-26,22:01:29,-70.21,-33.71,111.1,2.9,md,guc
2001-03-27,09:34:58,-71.78,-34.73,36.3,3.7,md,guc
2001-03-27,14:06:51,-70.36,-33.22,4.6,3.3,md,guc
2001-03-28,10:00:31,-72.08,-31.45,38.3,4.2,md,guc
2001-03-28,19:35:40,-70.84,-33.79,78.4,2.4,md,guc
2001-03-28,22:11:23,-119.48,-54.6,10.0,4.7,mb,us
2001-03-29,18:57:26,-114.72,-26.45,10.0,4.6,mb,us
2001-03-29,22:24:05,-69.52,-17.58,135.7,4.2,mb,us
2001-03-30,02:08:55,-71.73,-30.62,21.6,4.0,md,guc
2001-03-30,07:31:02,-109.02,-34.73,10.0,5.5,mwc,hrv
2001-03-30,08:52:20,-70.27,-33.17,96.1,2.7,md,guc
2001-03-31,05:26:02,-71.68,-30.84,8.5,4.3,md,guc
2001-03-31,06:27:26,-69.69,-18.31,96.4,4.3,mb,us
2001-03-31,06:51:07,-66.79,-21.38,225.3,4.0,mb,us
2001-03-31,06:54:16,-68.33,-29.4,104.0,5.4,mwc,hrv
2001-03-31,08:15:06,-71.72,-32.59,14.3,3.3,md,guc
2001-03-31,09:09:50,-71.79,-30.67,33.7,4.2,md,guc
2001-03-31,12:19:53,-71.6,-32.43,42.7,3.7,md,guc
2001-04-01,00:00:26,-68.8,-31.02,150.0,3.9,md,guc
2001-04-01,06:53:29,-70.25,-32.4,110.3,3.4,md,guc
2001-04-01,10:13:15,-69.48,-31.26,180.5,3.7,md,guc
2001-04-01,11:47:04,-68.77,-20.15,114.0,4.3,mb,us
2001-04-01,16:57:58,-69.54,-32.52,119.8,3.0,md,guc
2001-04-01,19:00:17,-111.34,-35.06,10.0,4.8,mb,us
2001-04-01,20:28:04,-70.53,-33.44,101.2,4.0,md,guc
2001-04-01,21:00:55,-68.97,-19.99,108.6,3.7,mb,us
2001-04-01,21:08:26,-111.4,-35.16,10.0,4.6,mb,us
2001-04-02,06:53:03,-69.54,-32.01,156.9,3.4,md,guc
2001-04-02,07:07:03,-71.86,-34.73,36.6,3.5,md,guc
2001-04-02,15:37:56,-69.62,-31.4,178.4,3.2,md,guc
2001-04-02,17:33:36,-68.4,-22.33,108.5,4.5,mb,us
2001-04-03,00:59:03,-69.29,-31.09,164.2,3.4,md,guc
2001-04-03,01:42:15,-69.35,-31.32,184.1,4.1,md,guc
2001-04-03,01:46:26,-70.65,-24.31,45.2,5.0,mb,us
2001-04-03,04:02:17,-70.51,-32.75,93.8,3.3,md,guc
2001-04-03,08:57:09,-70.71,-33.74,88.3,2.6,md,guc
2001-04-03,09:55:39,-71.01,-32.19,87.2,2.9,md,guc
2001-04-03,13:25:32,-71.11,-33.87,58.5,2.6,md,guc
2001-04-03,13:51:30,-92.04,-41.03,10.0,4.8,mb,us
2001-04-03,22:23:40,-71.59,-33.44,45.6,3.4,md,guc
2001-04-03,23:16:01,-66.73,-27.88,173.2,4.8,mb,us
2001-04-04,06:45:28,-68.2,-19.02,33.0,4.8,mb,us
2001-04-04,07:38:21,-70.35,-32.28,8.7,3.7,md,guc
2001-04-04,09:30:58,-72.62,-34.05,15.0,3.8,md,guc
2001-04-04,17:59:30,-73.82,-7.07,33.0,4.4,mb,us
2001-04-04,22:52:15,-69.3,-19.46,89.2,4.1,mb,us
2001-04-05,00:38:07,-71.62,-32.45,43.8,3.7,md,guc
2001-04-05,04:28:21,-65.75,-57.6,33.0,4.4,mb,us
2001-04-05,05:16:56,-70.29,-34.44,108.8,4.9,mb,us
2001-04-05,05:50:00,-71.09,-33.13,66.2,4.0,md,guc
2001-04-05,09:34:36,-70.43,-34.39,114.7,3.1,md,guc
2001-04-06,18:24:44,-111.31,-13.32,10.0,4.8,mb,us
2001-04-07,07:30:15,-75.22,-15.63,33.0,4.1,mb,us
2001-04-07,07:31:44,-71.52,-31.98,41.6,3.3,md,guc
2001-04-07,08:06:10,-69.58,-31.55,33.0,3.2,md,guc
2001-04-07,10:48:37,-66.6,-21.26,214.1,3.7,mb,us
2001-04-07,16:50:00,-69.34,-31.68,175.0,3.3,md,guc
2001-04-07,23:45:39,-75.37,-10.58,33.0,5.1,mb,us
2001-04-08,03:01:17,-76.73,-13.43,44.4,3.8,mb,us
2001-04-08,03:51:49,-111.06,-32.21,10.0,4.8,mb,us
2001-04-08,05:40:52,-66.87,-24.03,200.0,3.7,mb,us
2001-04-08,06:00:31,-68.05,-21.55,100.0,3.9,mb,us
2001-04-08,10:03:08,-70.35,-33.33,98.7,2.9,md,guc
2001-04-08,11:23:09,-68.1,-32.84,10.0,3.9,md,guc
2001-04-08,15:30:38,-66.61,-23.95,202.1,4.1,mb,us
2001-04-08,19:47:56,-66.51,-23.74,203.3,4.7,mb,us
2001-04-08,21:00:38,-72.37,-34.4,8.9,3.7,md,guc
2001-04-08,23:33:11,-74.27,-8.47,151.8,4.9,mb,us
2001-04-09,00:57:22,-71.9,-34.25,38.1,3.6,md,guc
2001-04-09,06:41:14,-68.57,-33.28,12.0,3.4,md,guc
2001-04-09,08:52:09,-73.05,-32.89,21.4,3.6,md,guc
2001-04-09,09:00:57,-73.11,-32.67,11.0,6.7,mwc,hrv
2001-04-09,09:22:33,-73.18,-32.8,10.0,4.6,mb,us
2001-04-09,09:58:46,-73.01,-32.62,23.6,4.0,md,guc
2001-04-09,10:06:47,-73.07,-32.58,10.0,4.6,mb,us
2001-04-09,10:22:40,-73.1,-32.8,20.3,3.7,md,guc
2001-04-09,10:41:46,-73.11,-32.84,15.7,3.7,md,guc
2001-04-09,10:46:30,-72.93,-32.48,16.1,4.2,md,guc
2001-04-09,11:15:45,-73.14,-32.73,17.1,3.9,md,guc
2001-04-09,11:29:02,-72.98,-32.67,16.8,3.7,md,guc
2001-04-09,11:50:36,-73.11,-32.76,18.3,3.4,md,guc
2001-04-09,12:01:57,-73.07,-32.73,20.2,3.5,md,guc
2001-04-09,12:18:06,-73.04,-32.64,18.1,3.6,md,guc
2001-04-09,12:25:53,-73.12,-32.64,16.9,3.4,md,guc
2001-04-09,13:05:45,-73.05,-32.74,10.0,4.4,mb,us
2001-04-09,13:14:07,-73.12,-32.59,10.0,4.1,md,guc
2001-04-09,13:30:43,-71.47,-32.66,7.5,3.3,md,guc
2001-04-09,13:40:48,-73.04,-32.78,20.5,4.0,md,guc
2001-04-09,13:44:37,-73.03,-32.76,21.6,4.0,md,guc
2001-04-09,13:51:12,-71.38,-28.83,10.0,4.4,mb,us
2001-04-09,14:06:22,-73.09,-32.74,21.5,3.4,md,guc
2001-04-09,14:24:40,-73.02,-32.72,17.4,3.7,md,guc
2001-04-09,14:27:07,-73.0,-32.58,16.9,3.7,md,guc
2001-04-09,14:31:46,-73.01,-32.7,16.6,3.9,md,guc
2001-04-09,14:47:02,-73.04,-32.65,19.0,3.4,md,guc
2001-04-09,19:04:21,-70.16,-32.49,118.6,4.4,mb,us
2001-04-09,19:58:49,-73.04,-32.54,18.6,3.7,md,guc
2001-04-09,20:27:18,-71.66,-32.39,19.7,3.8,md,guc
2001-04-09,21:04:25,-73.06,-32.66,10.1,3.7,md,guc
2001-04-09,21:29:14,-73.06,-32.61,18.5,3.8,md,guc
2001-04-09,22:51:14,-73.02,-32.76,20.1,3.8,md,guc
2001-04-09,23:42:35,-73.12,-32.91,18.3,3.5,md,guc
2001-04-10,01:47:12,-73.04,-32.72,25.1,3.5,md,guc
2001-04-10,03:37:23,-73.04,-32.74,21.4,3.5,md,guc
2001-04-10,04:37:32,-66.67,-23.96,200.0,3.8,mb,us
2001-04-10,05:19:47,-73.06,-32.76,19.6,3.9,md,guc
2001-04-10,05:33:01,-73.09,-32.78,21.7,3.7,md,guc
2001-04-10,06:17:29,-73.0,-32.68,17.2,3.9,md,guc
2001-04-10,10:27:34,-73.02,-32.69,21.6,3.8,md,guc
2001-04-10,11:18:02,-73.08,-32.64,23.1,3.8,md,guc
2001-04-10,11:27:57,-72.98,-32.52,22.3,4.0,md,guc
2001-04-10,11:57:05,-72.73,-32.89,0.0,4.1,md,guc
2001-04-10,12:04:46,-73.08,-32.67,21.3,3.8,md,guc
2001-04-10,13:11:44,-73.02,-32.81,19.2,4.0,md,guc
2001-04-10,13:32:11,-73.11,-32.73,21.0,3.8,md,guc
2001-04-10,13:47:16,-73.13,-32.74,14.1,3.8,md,guc
2001-04-10,13:49:26,-72.89,-32.64,26.8,4.1,md,guc
2001-04-10,14:51:02,-72.97,-32.73,27.4,4.2,md,guc
2001-04-10,15:27:16,-73.02,-32.68,21.6,4.1,md,guc
2001-04-10,15:41:08,-73.0,-32.81,18.5,3.5,md,guc
2001-04-10,17:20:22,-73.19,-32.73,27.6,3.7,md,guc
2001-04-10,17:35:36,-73.24,-32.84,15.0,3.8,md,guc
2001-04-10,17:51:11,-73.03,-32.8,33.1,4.0,md,guc
2001-04-10,18:33:54,-70.11,-33.67,110.3,2.3,md,guc
2001-04-10,18:43:19,-73.08,-32.75,20.4,3.8,md,guc
2001-04-10,22:47:38,-72.99,-32.61,19.9,3.7,md,guc
2001-04-10,22:54:35,-71.53,-37.56,136.9,3.8,md,guc
2001-04-10,23:23:32,-73.03,-32.75,17.7,3.7,md,guc
2001-04-11,00:42:10,-73.13,-32.69,15.0,4.0,md,guc
2001-04-11,02:33:18,-73.03,-32.87,21.3,4.0,md,guc
2001-04-11,03:28:15,-73.26,-32.7,47.0,3.6,md,guc
2001-04-11,03:31:24,-73.0,-32.76,21.6,3.9,md,guc
2001-04-11,03:56:07,-73.13,-32.8,25.7,4.1,md,guc
2001-04-11,04:05:27,-73.12,-32.72,14.0,3.7,md,guc
2001-04-11,04:07:09,-73.03,-32.75,20.2,3.9,md,guc
2001-04-11,08:04:58,-73.14,-32.77,30.8,4.1,md,guc
2001-04-11,08:11:52,-73.1,-32.94,17.6,3.8,md,guc
2001-04-11,09:04:51,-73.09,-32.65,16.0,3.7,md,guc
2001-04-11,09:57:24,-72.14,-33.8,38.1,3.6,md,guc
2001-04-11,10:42:50,-72.94,-32.65,23.5,4.0,md,guc
2001-04-11,11:51:41,-72.97,-32.81,21.7,4.1,md,guc
2001-04-11,12:09:59,-73.08,-32.6,18.3,4.0,md,guc
2001-04-11,14:26:23,-73.06,-32.7,22.1,3.7,md,guc
2001-04-11,17:31:06,-72.95,-32.51,22.1,3.8,md,guc
2001-04-11,18:46:58,-73.02,-32.79,22.8,3.9,md,guc
2001-04-11,20:32:37,-70.09,-34.16,3.0,3.4,md,guc
2001-04-11,20:39:39,-73.06,-32.87,22.1,3.9,md,guc
2001-04-11,20:52:36,-72.92,-32.64,19.7,3.8,md,guc
2001-04-12,00:38:45,-71.31,-8.8,594.1,4.2,mb,us
2001-04-12,01:40:54,-73.04,-32.63,24.1,3.4,md,guc
2001-04-12,04:57:37,-72.58,-29.13,10.0,4.6,mb,us
2001-04-12,05:46:39,-72.94,-32.58,20.3,3.7,md,guc
2001-04-12,12:18:47,-71.0,-32.1,61.1,3.3,md,guc
2001-04-12,18:45:50,-73.04,-33.67,20.9,4.2,md,guc
2001-04-12,18:52:08,-73.07,-32.7,19.6,3.7,md,guc
2001-04-12,21:19:05,-72.95,-32.65,20.8,3.9,md,guc
2001-04-12,22:18:24,-79.12,-8.22,33.0,4.3,mb,us
2001-04-12,22:38:54,-73.24,-32.84,10.0,4.5,md,guc
2001-04-13,01:01:16,-68.37,-31.27,116.6,3.6,md,guc
2001-04-13,04:20:15,-73.86,-36.64,14.3,4.1,md,guc
2001-04-13,05:08:32,-70.8,-33.76,75.8,3.4,md,guc
2001-04-13,06:53:36,-73.0,-32.74,21.5,4.0,md,guc
2001-04-13,14:37:46,-73.22,-32.76,26.5,4.0,md,guc
2001-04-13,14:53:54,-73.17,-32.82,13.3,4.0,md,guc
2001-04-13,17:49:35,-73.01,-32.75,20.1,3.8,md,guc
2001-04-13,18:17:34,-73.04,-32.77,16.1,3.8,md,guc
2001-04-13,19:16:50,-73.1,-32.94,18.6,3.9,md,guc
2001-04-13,19:43:45,-71.82,-32.49,14.4,3.7,md,guc
2001-04-13,21:10:11,-73.12,-32.74,18.0,4.0,md,guc
2001-04-14,00:02:16,-71.08,-33.89,69.7,2.7,md,guc
2001-04-14,00:34:05,-65.69,-23.23,198.1,3.8,mb,us
2001-04-14,03:43:56,-73.04,-32.74,20.0,3.8,md,guc
2001-04-14,04:05:39,-73.15,-32.73,29.8,3.4,md,guc
2001-04-14,04:52:14,-73.14,-32.76,16.1,4.0,md,guc
2001-04-14,06:20:13,-70.86,-33.5,73.5,2.9,md,guc
2001-04-14,06:53:14,-69.79,-32.07,141.5,3.4,md,guc
2001-04-14,07:37:32,-73.06,-32.79,36.3,4.2,md,guc
2001-04-14,10:53:18,-70.06,-31.88,132.3,3.8,md,guc
2001-04-14,17:19:22,-71.49,-32.97,52.5,3.8,md,guc
2001-04-15,00:53:42,-74.67,-9.62,130.9,4.5,mb,us
2001-04-15,08:15:38,-73.06,-32.6,23.1,4.1,md,guc
2001-04-15,18:04:44,-70.08,-33.98,1.5,3.7,md,guc
2001-04-15,18:35:22,-70.07,-33.99,2.0,3.4,md,guc
2001-04-16,00:08:30,-73.1,-32.65,18.3,3.5,md,guc
2001-04-16,00:56:16,-71.5,-32.43,14.1,4.1,md,guc
2001-04-16,01:00:52,-76.71,-12.65,60.0,4.3,mb,us
2001-04-16,02:43:40,-72.05,-36.36,84.9,4.2,md,guc
2001-04-16,03:08:42,-71.95,-31.85,8.0,4.2,md,guc
2001-04-16,03:21:02,-71.89,-31.84,6.8,3.8,md,guc
2001-04-16,06:42:24,-71.52,-30.98,16.3,4.0,md,guc
2001-04-16,11:03:00,-73.0,-32.64,23.4,3.8,md,guc
2001-04-16,12:04:51,-69.05,-32.9,7.5,4.4,md,guc
2001-04-16,18:09:48,-70.83,-35.49,122.4,3.1,md,guc
2001-04-16,18:51:51,-73.09,-32.67,27.3,4.0,md,guc
2001-04-16,19:21:12,-73.04,-32.83,18.6,3.9,md,guc
2001-04-16,22:25:42,-71.4,-32.05,43.7,3.8,md,guc
2001-04-17,00:16:47,-73.04,-32.54,33.3,3.6,md,guc
2001-04-17,00:36:01,-73.04,-32.91,23.4,3.8,md,guc
2001-04-17,01:42:11,-70.48,-20.78,33.0,5.6,mwc,hrv
2001-04-17,02:24:17,-70.88,-34.74,101.1,2.9,md,guc
2001-04-17,03:11:34,-70.97,-34.37,79.0,3.1,md,guc
2001-04-17,06:16:12,-71.48,-30.58,0.0,3.9,md,guc
2001-04-17,06:49:15,-71.75,-32.44,15.2,3.5,md,guc
2001-04-17,09:02:17,-73.15,-32.69,18.4,3.9,md,guc
2001-04-17,09:40:26,-73.14,-32.78,17.5,3.9,md,guc
2001-04-17,10:57:58,-71.61,-32.32,36.2,4.2,md,guc
2001-04-17,11:40:16,-70.42,-33.18,97.9,3.0,md,guc
2001-04-17,19:24:46,-70.32,-31.25,148.4,3.5,md,guc
2001-04-18,00:33:27,-72.17,-34.03,8.5,3.4,md,guc
2001-04-18,01:32:55,-73.36,-37.17,0.0,4.6,mb,us
2001-04-18,01:36:56,-66.23,-22.81,245.3,4.5,mb,us
2001-04-18,02:07:21,-113.33,-21.36,10.0,5.3,mwc,hrv
2001-04-18,03:02:02,-72.99,-32.64,19.9,3.8,md,guc
2001-04-18,05:31:31,-68.82,-33.35,15.0,3.5,md,guc
2001-04-18,09:29:07,-68.2,-33.42,272.4,3.9,md,guc
2001-04-19,02:32:19,-66.5,-23.82,217.8,4.4,mb,us
2001-04-19,03:48:30,-68.07,-21.78,157.5,3.6,mb,us
2001-04-19,04:35:22,-70.7,-34.62,111.0,3.4,md,guc
2001-04-19,05:44:07,-73.16,-32.92,21.4,4.0,md,guc
2001-04-19,07:47:44,-69.46,-18.83,94.1,4.3,mb,us
2001-04-19,09:40:32,-72.99,-32.83,32.8,3.9,md,guc
2001-04-19,10:40:04,-70.04,-28.67,101.0,4.4,mb,us
2001-04-19,11:31:52,-72.92,-32.56,18.8,3.9,md,guc
2001-04-19,12:02:28,-71.66,-32.0,34.5,4.3,md,guc
2001-04-19,13:27:35,-73.08,-32.72,18.0,3.5,md,guc
2001-04-19,19:32:17,-73.07,-32.7,26.0,3.8,md,guc
2001-04-19,19:58:01,-71.54,-32.64,10.8,4.1,md,guc
2001-04-19,20:40:53,-67.74,-28.23,266.3,3.8,md,guc
2001-04-19,23:26:57,-73.06,-32.86,17.6,4.1,md,guc
2001-04-20,02:32:29,-73.39,-32.9,10.0,4.3,md,guc
2001-04-20,03:18:27,-70.84,-25.34,33.0,4.6,mb,us
2001-04-20,03:40:52,-72.9,-32.36,18.2,3.8,md,guc
2001-04-20,08:22:57,-71.02,-31.92,85.8,3.5,md,guc
2001-04-20,08:37:37,-70.47,-33.94,12.0,3.0,md,guc
2001-04-20,10:37:05,-70.07,-18.87,69.6,4.8,mb,us
2001-04-20,11:44:36,-82.26,-43.77,10.0,4.6,mb,us
2001-04-20,12:19:37,-70.82,-33.93,85.0,3.6,md,guc
2001-04-20,14:29:41,-73.07,-32.61,16.2,3.6,md,guc
2001-04-20,19:28:56,-80.84,-4.45,33.0,4.5,mb,us
2001-04-20,19:53:50,-71.01,-35.09,93.3,3.6,md,guc
2001-04-20,23:37:24,-73.02,-32.56,23.6,4.1,md,guc
2001-04-21,07:57:27,-70.36,-34.01,108.4,3.1,md,guc
2001-04-21,08:51:37,-72.33,-34.66,15.0,3.9,md,guc
2001-04-21,10:47:49,-73.11,-32.6,23.5,3.8,md,guc
2001-04-21,13:09:19,-76.66,-13.55,38.8,5.6,mwc,hrv
2001-04-21,14:43:04,-70.25,-34.5,4.5,3.3,md,guc
2001-04-21,18:15:47,-67.52,-29.1,127.8,5.8,mwb,us
2001-04-22,01:11:15,-68.4,-22.16,122.6,4.2,mb,us
2001-04-22,03:02:52,-72.91,-32.6,21.2,4.0,md,guc
2001-04-22,07:02:12,-73.03,-32.77,16.0,4.1,md,guc
2001-04-22,07:08:03,-71.07,-32.65,42.4,3.9,md,guc
2001-04-22,12:33:54,-71.97,-35.82,106.7,4.0,md,guc
2001-04-22,18:29:49,-73.03,-32.71,25.3,3.9,md,guc
2001-04-22,18:47:25,-71.79,-32.38,1.2,3.8,md,guc
2001-04-22,18:59:56,-71.32,-30.96,64.6,4.0,md,guc
2001-04-22,20:01:25,-70.4,-33.96,106.8,3.3,md,guc
2001-04-22,21:10:14,-73.0,-32.58,20.0,3.8,md,guc
2001-04-23,01:44:13,-68.82,-20.9,105.3,3.7,mb,us
2001-04-23,08:04:08,-113.16,-29.51,10.0,4.7,mb,us
2001-04-23,20:08:41,-70.34,-34.04,1.0,3.9,md,guc
2001-04-23,20:17:03,-70.35,-34.04,2.4,3.6,md,guc
2001-04-24,01:10:32,-71.66,-32.23,4.0,3.9,md,guc
2001-04-24,03:48:30,-72.92,-32.57,22.8,3.8,md,guc
2001-04-24,04:16:21,-113.09,-21.29,10.0,4.8,mb,us
2001-04-24,08:54:51,-66.72,-22.88,229.0,3.8,mb,us
2001-04-24,12:44:32,-70.34,-34.01,122.4,3.5,md,guc
2001-04-24,18:13:10,-73.05,-32.87,25.8,3.8,md,guc
2001-04-25,06:06:59,-73.05,-32.81,20.2,3.8,md,guc
2001-04-25,07:36:55,-69.8,-31.75,127.7,2.9,md,guc
2001-04-25,17:16:26,-71.45,-31.41,33.0,4.9,mb,us
2001-04-25,18:11:42,-70.2,-33.3,107.0,3.7,md,guc
2001-04-25,19:44:00,-70.54,-12.69,33.0,3.4,mb,us
2001-04-25,20:34:00,-66.91,-24.41,176.5,3.9,mb,us
2001-04-25,23:17:57,-71.43,-9.18,511.8,3.9,mb,us
2001-04-26,06:08:58,-73.03,-32.8,15.8,3.8,md,guc
2001-04-26,09:47:56,-69.46,-33.97,176.7,3.7,md,guc
2001-04-26,18:33:11,-71.69,-14.74,33.0,3.7,mb,us
2001-04-27,01:30:42,-71.59,-35.98,119.0,3.2,md,guc
2001-04-27,12:14:37,-71.14,-35.27,105.7,3.5,md,guc
2001-04-27,13:18:32,-70.05,-33.68,105.3,2.7,md,guc
2001-04-27,14:28:43,-70.78,-31.97,104.4,3.2,md,guc
2001-04-27,18:28:18,-71.15,-32.13,79.1,4.3,mb,us
2001-04-27,23:56:47,-71.45,-33.91,44.5,3.6,md,guc
2001-04-28,01:23:11,-70.25,-32.98,107.8,2.9,md,guc
2001-04-28,11:10:13,-64.76,-24.12,33.0,4.1,mb,us
2001-04-28,14:04:21,-66.84,-24.19,195.0,4.1,mb,us
2001-04-29,02:25:24,-70.55,-33.16,90.3,3.0,md,guc
2001-04-29,04:35:15,-69.09,-19.16,104.6,4.1,mb,us
2001-04-29,09:35:06,-70.11,-32.83,109.6,2.9,md,guc
2001-04-29,19:59:15,-70.2,-32.93,104.6,2.9,md,guc
2001-04-30,00:05:49,-72.92,-32.61,19.5,3.8,md,guc
2001-04-30,02:11:26,-71.59,-30.67,55.5,4.5,mb,us
2001-04-30,05:06:44,-71.76,-31.92,48.4,4.0,md,guc
2001-04-30,06:40:34,-68.42,-34.12,0.0,4.1,md,guc
2001-04-30,10:35:40,-71.87,-30.67,53.0,4.2,md,guc
2001-04-30,11:59:24,-72.9,-32.63,21.7,3.8,md,guc
2001-04-30,12:13:57,-73.14,-32.9,18.7,3.6,md,guc
2001-04-30,12:19:08,-72.68,-33.73,33.6,3.8,md,guc
2001-04-30,14:33:42,-66.55,-22.77,224.7,4.3,mb,us
2001-04-30,16:38:45,-73.04,-32.7,19.5,4.3,md,guc
2001-04-30,17:08:43,-73.01,-32.66,16.7,3.9,md,guc
2001-04-30,17:12:45,-73.03,-32.86,16.3,3.6,md,guc
2001-04-30,18:05:39,-70.43,-30.72,1.7,3.8,md,guc
2001-04-30,21:11:06,-71.13,-35.2,103.3,3.2,md,guc
2001-04-30,23:24:13,-73.07,-32.86,19.2,3.9,md,guc
2001-05-01,03:34:23,-73.14,-32.81,16.8,3.6,md,guc
2001-05-01,05:33:18,-73.27,-32.97,30.5,3.4,md,guc
2001-05-01,09:52:08,-72.0,-33.78,5.3,3.5,md,guc
2001-05-01,12:13:31,-73.14,-32.77,27.6,3.6,md,guc
2001-05-02,01:18:06,-70.83,-33.57,79.0,2.9,md,guc
2001-05-02,05:28:56,-70.48,-33.67,99.0,2.6,md,guc
2001-05-02,09:07:56,-71.95,-34.69,15.0,3.4,md,guc
2001-05-02,12:08:54,-67.18,-28.24,129.6,4.3,mb,us
2001-05-02,18:02:52,-71.66,-32.76,15.4,3.5,md,guc
2001-05-03,04:13:17,-72.98,-32.82,21.7,3.7,md,guc
2001-05-03,06:00:51,-71.82,-32.06,31.7,3.6,md,guc
2001-05-03,06:25:46,-72.94,-32.61,20.7,3.9,md,guc
2001-05-03,07:01:48,-66.68,-23.88,207.2,4.2,mb,us
2001-05-03,09:53:27,-71.14,-34.98,94.5,3.1,md,guc
2001-05-03,10:21:39,-69.7,-31.81,166.0,3.5,md,guc
2001-05-03,12:24:20,-71.48,-35.9,56.1,4.0,md,guc
2001-05-03,20:51:46,-72.71,-16.11,91.7,3.7,mb,us
2001-05-03,23:54:55,-69.31,-24.27,81.9,4.4,mb,us
2001-05-04,02:24:31,-71.59,-32.38,24.7,3.9,md,guc
2001-05-04,03:22:17,-70.66,-34.03,95.8,2.6,md,guc
2001-05-04,03:59:13,-70.55,-33.54,89.1,2.5,md,guc
2001-05-04,06:52:38,-70.04,-32.59,120.3,3.1,md,guc
2001-05-04,08:59:45,-73.16,-32.7,17.5,3.8,md,guc
2001-05-04,12:20:52,-71.65,-32.38,42.2,3.9,md,guc
2001-05-04,12:23:08,-66.54,-23.9,191.8,4.7,mb,us
2001-05-04,20:15:20,-69.91,-32.65,122.9,2.9,md,guc
2001-05-05,05:21:16,-111.88,-23.52,10.0,5.7,mwc,hrv
2001-05-05,08:55:23,-68.73,-20.61,83.9,4.3,mb,us
2001-05-05,12:30:28,-71.66,-35.98,105.1,3.4,md,guc
2001-05-05,12:37:37,-73.72,-17.99,10.0,4.7,mb,us
2001-05-05,15:26:57,-69.47,-16.78,197.2,4.8,mb,us
2001-05-05,17:19:11,-70.34,-32.86,102.3,3.0,md,guc
2001-05-05,19:31:59,-67.79,-31.78,218.9,3.7,md,guc
2001-05-06,00:12:14,-116.08,-24.46,10.0,5.6,mwc,hrv
2001-05-06,02:34:51,-70.42,-34.51,126.4,3.2,md,guc
2001-05-06,02:43:00,-71.65,-32.49,7.8,3.8,md,guc
2001-05-06,04:09:37,-70.74,-34.66,100.4,3.5,md,guc
2001-05-06,05:59:48,-70.9,-32.45,52.2,5.2,mwc,hrv
2001-05-06,06:28:32,-111.82,-23.1,10.0,4.6,mb,us
2001-05-06,07:10:38,-72.23,-30.41,10.0,4.7,mb,us
2001-05-06,10:17:01,-67.08,-24.2,157.9,4.1,mb,us
2001-05-06,10:22:17,-71.62,-32.54,0.5,3.5,md,guc
2001-05-06,10:31:31,-66.95,-24.3,174.3,3.8,mb,us
2001-05-06,11:19:55,-71.44,-32.27,43.0,3.8,md,guc
2001-05-06,14:02:57,-72.02,-36.11,76.7,4.3,md,guc
2001-05-07,01:58:54,-71.26,-33.93,61.0,2.4,md,guc
2001-05-07,03:41:28,-71.47,-34.17,74.2,2.6,md,guc
2001-05-07,04:15:05,-70.15,-33.49,112.6,4.0,md,guc
2001-05-07,05:18:23,-70.38,-33.99,107.6,2.8,md,guc
2001-05-07,05:40:07,-69.12,-32.98,3.2,4.7,md,guc
2001-05-07,07:56:49,-69.07,-20.28,92.6,4.0,mb,us
2001-05-07,08:26:32,-70.48,-34.13,10.6,3.4,md,guc
2001-05-07,08:53:10,-72.0,-33.78,7.4,3.9,md,guc
2001-05-07,11:36:14,-70.28,-34.13,118.7,3.9,md,guc
2001-05-07,15:09:30,-71.78,-33.91,41.3,3.4,md,guc
2001-05-07,16:41:08,-67.58,-22.81,163.9,4.0,mb,us
2001-05-07,21:35:00,-71.44,-30.73,9.5,4.0,md,guc
2001-05-08,02:29:01,-73.09,-32.78,24.1,3.8,md,guc
2001-05-08,06:15:30,-72.87,-32.55,16.2,3.9,md,guc
2001-05-08,09:00:14,-71.0,-27.95,71.7,4.6,mb,us
2001-05-08,18:41:55,-69.05,-17.5,142.4,5.0,mb,us
2001-05-09,00:38:12,-72.48,-9.76,33.0,4.2,mb,us
2001-05-09,02:30:31,-118.31,-53.13,10.0,5.3,mwc,hrv
2001-05-09,03:05:09,-71.86,-36.05,84.9,4.1,mb,us
2001-05-09,05:01:06,-71.39,-33.92,45.1,3.4,md,guc
2001-05-09,10:36:37,-77.98,-5.08,33.0,4.1,mb,us
2001-05-09,19:00:16,-72.13,-31.44,33.0,4.6,mb,us
2001-05-09,20:46:02,-74.29,-9.09,155.9,4.5,mb,us
2001-05-10,00:03:02,-67.95,-23.0,126.4,3.9,mb,us
2001-05-10,00:18:13,-72.54,-31.4,48.6,4.2,md,guc
2001-05-10,03:02:18,-63.37,-27.32,568.8,3.9,mb,us
2001-05-10,04:02:58,-72.22,-33.97,3.9,3.7,md,guc
2001-05-10,11:19:43,-71.55,-32.54,16.5,3.7,md,guc
2001-05-10,15:00:26,-67.96,-32.07,10.9,4.1,md,guc
2001-05-11,00:55:48,-71.86,-32.11,31.8,3.5,md,guc
2001-05-11,03:53:59,-70.78,-33.1,74.5,4.3,md,guc
2001-05-11,04:44:11,-70.44,-35.94,198.9,3.2,md,guc
2001-05-11,06:06:27,-108.06,-34.92,10.0,5.5,mwc,hrv
2001-05-11,16:16:26,-75.65,-5.65,33.0,3.7,mb,us
2001-05-11,17:09:51,-68.0,-31.49,139.5,3.5,md,guc
2001-05-11,19:19:39,-71.66,-32.37,15.0,3.6,md,guc
2001-05-12,06:50:05,-79.71,-8.67,33.0,4.4,mb,us
2001-05-12,08:22:16,-70.21,-32.51,104.1,3.0,md,guc
2001-05-12,10:07:46,-71.22,-33.54,63.6,3.4,md,guc
2001-05-12,14:07:29,-69.48,-31.24,159.2,3.6,md,guc
2001-05-12,14:24:58,-71.65,-32.42,8.9,4.0,md,guc
2001-05-12,21:07:15,-68.99,-20.74,108.7,3.9,mb,us
2001-05-12,22:08:48,-66.58,-27.73,183.7,4.1,mb,us
2001-05-12,22:18:39,-67.77,-21.46,33.0,3.6,mb,us
2001-05-13,03:12:59,-71.03,-34.38,82.3,3.6,md,guc
2001-05-13,09:54:49,-71.31,-36.22,156.4,3.9,md,guc
2001-05-13,14:07:23,-73.04,-32.73,22.3,4.1,md,guc
2001-05-14,02:55:31,-71.22,-35.72,105.8,4.0,md,guc
2001-05-14,04:36:04,-71.43,-31.57,15.0,3.8,md,guc
2001-05-14,05:18:59,-73.15,-32.86,15.0,3.8,md,guc
2001-05-14,05:44:10,-71.37,-33.2,43.3,3.7,md,guc
2001-05-14,06:09:34,-71.55,-30.99,22.8,4.0,md,guc
2001-05-14,14:05:48,-73.04,-32.74,23.6,3.5,md,guc
2001-05-14,20:01:31,-71.92,-33.76,11.4,3.9,md,guc
2001-05-14,23:31:55,-71.93,-32.83,11.7,4.1,md,guc
2001-05-15,01:39:01,-71.71,-31.88,66.5,4.0,md,guc
2001-05-15,06:17:35,-75.58,-15.46,33.0,4.2,mb,us
2001-05-15,08:53:46,-73.15,-32.87,18.4,3.7,md,guc
2001-05-15,14:19:26,-68.74,-31.27,100.0,3.5,md,guc
2001-05-15,23:53:18,-66.55,-28.06,176.5,5.6,mwc,hrv
2001-05-16,04:30:29,-69.81,-31.79,159.6,3.9,md,guc
2001-05-16,10:27:21,-74.4,-16.15,33.0,4.4,mb,us
2001-05-16,17:51:25,-71.35,-33.59,48.2,3.8,md,guc
2001-05-16,18:51:28,-74.59,-8.6,141.6,4.3,mb,us
2001-05-16,19:20:12,-71.43,-29.4,64.3,3.6,md,guc
2001-05-17,04:41:34,-73.3,-38.64,18.8,5.0,mb,us
2001-05-17,06:06:07,-70.03,-33.53,8.6,3.0,md,guc
2001-05-17,07:11:34,-71.27,-34.08,81.7,3.4,md,guc
2001-05-17,16:22:31,-71.6,-32.7,7.5,3.3,md,guc
2001-05-17,17:40:56,-71.88,-31.66,30.5,3.5,md,guc
2001-05-17,21:10:30,-70.04,-32.54,112.6,3.7,md,guc
2001-05-17,22:05:09,-112.85,-28.67,10.0,4.8,mb,us
2001-05-18,01:31:50,-69.91,-17.6,104.8,4.5,mb,us
2001-05-18,04:38:25,-67.45,-31.83,48.8,4.7,mb,us
2001-05-18,05:02:20,-71.61,-32.44,34.2,4.2,md,guc
2001-05-18,06:18:05,-69.98,-31.98,122.0,3.3,md,guc
2001-05-18,22:00:37,-70.51,-32.95,96.2,3.5,md,guc
2001-05-19,06:11:38,-71.72,-32.47,33.6,3.8,md,guc
2001-05-19,06:28:13,-71.69,-30.8,8.9,4.3,md,guc
2001-05-19,16:25:57,-71.7,-30.33,14.2,4.2,md,guc
2001-05-21,01:11:50,-70.49,-33.92,96.3,3.1,md,guc
2001-05-21,05:11:58,-70.16,-32.78,101.0,3.0,md,guc
2001-05-21,15:25:57,-67.76,-22.74,110.1,4.0,mb,us
2001-05-22,00:40:20,-66.82,-24.05,207.7,3.9,mb,us
2001-05-22,01:40:43,-68.44,-31.3,100.0,3.7,md,guc
2001-05-22,01:45:41,-80.72,-4.28,33.0,4.8,mb,us
2001-05-22,03:40:56,-73.3,-7.67,268.1,4.1,mb,us
2001-05-22,08:40:40,-73.19,-32.89,21.2,3.7,md,guc
2001-05-22,13:53:16,-73.14,-32.94,19.2,4.0,md,guc
2001-05-22,18:20:35,-72.98,-32.7,22.1,3.5,md,guc
2001-05-22,20:38:12,-70.63,-15.42,192.6,4.4,mb,us
2001-05-22,21:05:49,-71.27,-34.42,65.7,3.1,md,guc
2001-05-22,22:10:57,-68.25,-22.63,147.6,4.5,mb,us
2001-05-23,03:19:09,-66.88,-24.0,185.5,3.2,mb,us
2001-05-23,11:05:34,-70.09,-32.66,119.7,3.3,md,guc
2001-05-23,17:45:22,-73.02,-32.61,22.2,3.4,md,guc
2001-05-23,18:02:06,-114.26,-23.01,10.0,5.3,mwc,hrv
2001-05-23,22:02:06,-71.2,-32.0,80.6,3.2,md,guc
2001-05-24,00:33:08,-67.25,-20.35,204.3,5.3,mwc,hrv
2001-05-24,03:01:58,-71.96,-30.45,42.5,4.1,md,guc
2001-05-24,08:14:54,-73.1,-32.77,27.1,4.0,md,guc
2001-05-24,08:39:05,-69.15,-28.67,97.4,4.3,mb,us
2001-05-24,12:11:25,-71.67,-30.86,60.3,3.5,md,guc
2001-05-24,14:28:39,-72.26,-32.97,19.4,3.8,md,guc
2001-05-24,14:49:54,-69.88,-31.57,144.5,3.6,md,guc
2001-05-24,16:53:50,-71.59,-32.43,0.0,3.9,md,guc
2001-05-24,19:59:22,-73.14,-32.91,12.8,3.8,md,guc
2001-05-25,00:25:50,-71.02,-28.89,46.2,4.9,mb,us
2001-05-25,04:46:16,-53.88,-56.64,10.0,4.6,mb,us
2001-05-25,05:34:57,-71.73,-32.72,4.3,4.2,md,guc
2001-05-25,12:44:35,-69.02,-19.43,127.7,4.3,mb,us
2001-05-25,13:23:32,-81.66,-44.52,10.0,4.6,mb,us
2001-05-25,15:20:51,-86.01,-41.52,10.0,4.4,mb,us
2001-05-25,15:50:24,-70.32,-32.39,104.1,2.8,md,guc
2001-05-25,21:44:15,-69.39,-31.4,124.9,4.0,md,guc
2001-05-26,00:29:25,-70.29,-32.53,105.5,3.6,md,guc
2001-05-26,02:24:26,-70.18,-33.53,106.9,4.0,md,guc
2001-05-26,02:32:27,-70.6,-31.85,105.6,3.8,md,guc
2001-05-26,03:18:18,-67.5,-24.02,201.0,3.9,mb,us
2001-05-26,06:40:01,-69.86,-31.58,164.6,3.6,md,guc
2001-05-26,12:58:42,-80.4,-44.93,33.0,4.7,mb,us
2001-05-26,15:05:46,-70.22,-33.86,110.8,2.5,md,guc
2001-05-26,17:44:07,-75.49,-15.53,33.0,4.2,mb,us
2001-05-27,03:31:20,-71.76,-29.9,19.9,4.3,md,guc
2001-05-27,04:22:31,-97.84,-35.88,10.0,4.4,mb,us
2001-05-27,05:32:46,-74.3,-7.81,123.3,3.0,mb,us
2001-05-27,11:21:00,-74.02,-16.25,49.0,3.7,mb,us
2001-05-27,15:28:10,-71.82,-31.75,7.8,3.7,md,guc
2001-05-27,20:52:52,-70.3,-33.91,141.1,2.7,md,guc
2001-05-28,02:51:35,-71.78,-32.2,9.2,4.0,md,guc
2001-05-28,05:48:57,-70.11,-28.63,100.0,3.9,mb,us
2001-05-28,06:30:11,-70.84,-31.44,111.2,3.4,md,guc
2001-05-28,06:41:27,-74.05,-16.22,42.2,4.9,mb,us
2001-05-29,07:43:04,-69.73,-21.11,82.2,4.3,mb,us
2001-05-29,12:46:27,-74.17,-8.37,153.9,4.6,mb,us
2001-05-29,19:17:55,-71.7,-32.14,33.0,4.6,mb,us
2001-05-29,22:00:27,-70.54,-33.92,94.4,2.7,md,guc
2001-05-30,01:15:47,-66.9,-23.82,214.7,4.2,mb,us
2001-05-30,06:41:47,-68.67,-33.6,3.7,3.7,md,guc
2001-05-30,09:06:22,-70.28,-34.49,2.7,3.4,md,guc
2001-05-30,09:08:26,-71.9,-32.52,29.3,4.1,md,guc
2001-05-30,13:43:33,-73.1,-32.92,20.0,4.3,md,guc
2001-05-30,15:10:55,-70.94,-32.16,72.1,4.0,md,guc
2001-05-30,18:04:38,-70.78,-32.97,71.7,4.0,md,guc
2001-05-30,20:23:52,-70.63,-29.23,129.7,3.8,md,guc
2001-05-31,02:50:38,-71.4,-31.54,47.8,3.7,md,guc
2001-05-31,10:19:24,-109.28,-8.73,10.0,4.3,mb,us
2001-05-31,12:48:40,-109.25,-8.78,33.0,4.1,mb,us
2001-05-31,21:44:04,-69.83,-31.96,139.8,3.5,md,guc
2001-05-31,22:28:03,-70.07,-33.13,4.5,3.8,md,guc
2001-06-01,08:18:49,-71.54,-31.53,19.9,3.8,md,guc
2001-06-01,15:13:39,-72.07,-33.0,0.0,3.7,md,guc
2001-06-02,00:01:14,-109.24,-8.98,10.0,4.6,mb,us
2001-06-02,02:09:59,-72.21,-33.02,15.0,4.0,md,guc
2001-06-02,02:18:41,-72.2,-33.0,23.0,4.1,md,guc
2001-06-02,04:12:49,-69.97,-32.06,126.1,3.4,md,guc
2001-06-02,07:24:50,-70.93,-34.63,90.1,3.2,md,guc
2001-06-02,14:27:23,-109.76,-8.99,10.0,4.5,mb,us
2001-06-02,14:37:33,-70.39,-34.46,14.9,3.3,md,guc
2001-06-03,00:49:30,-72.25,-33.01,15.4,3.7,md,guc
2001-06-03,07:11:17,-73.0,-14.19,86.4,3.7,mb,us
2001-06-03,15:54:48,-73.14,-32.92,27.3,3.8,md,guc
2001-06-04,00:37:59,-71.69,-32.51,11.0,4.0,md,guc
2001-06-04,08:04:31,-71.68,-32.16,1.0,4.2,md,guc
2001-06-04,17:40:11,-69.3,-17.65,141.9,4.5,mb,us
2001-06-04,18:16:18,-69.91,-32.73,113.3,3.1,md,guc
2001-06-04,23:26:59,-66.68,-23.9,187.7,4.5,mb,us
2001-06-04,23:32:51,-70.98,-32.2,71.4,3.2,md,guc
2001-06-04,23:54:53,-70.0,-32.24,128.1,3.8,md,guc
2001-06-05,06:31:18,-71.62,-31.44,68.9,3.4,md,guc
2001-06-05,11:01:56,-71.61,-32.35,42.1,4.3,md,guc
2001-06-05,20:48:51,-70.54,-34.42,118.6,2.7,md,guc
2001-06-05,21:37:19,-70.31,-33.18,5.6,3.5,md,guc
2001-06-05,22:20:08,-71.4,-33.29,61.6,2.3,md,guc
2001-06-05,22:27:52,-71.81,-32.51,9.7,3.6,md,guc
2001-06-05,23:29:30,-71.23,-36.48,169.9,3.6,md,guc
2001-06-06,00:44:34,-69.47,-31.69,130.5,3.8,md,guc
2001-06-06,02:56:34,-71.66,-32.56,3.2,3.8,md,guc
2001-06-06,05:07:06,-71.71,-32.58,10.1,3.8,md,guc
2001-06-06,11:56:56,-70.12,-32.68,110.2,3.1,md,guc
2001-06-06,12:08:06,-109.42,-8.95,10.0,4.2,mb,us
2001-06-06,19:39:08,-74.23,-8.4,167.1,4.4,mb,us
2001-06-06,22:38:08,-70.1,-32.06,123.6,3.2,md,guc
2001-06-07,21:45:46,-68.21,-31.54,109.1,4.2,md,guc
2001-06-08,04:45:31,-69.94,-31.74,135.7,3.2,md,guc
2001-06-08,11:13:21,-72.22,-31.43,47.5,4.3,md,guc
2001-06-08,18:19:11,-71.73,-29.57,56.9,4.5,mb,us
2001-06-08,21:46:18,-71.09,-32.32,58.4,3.3,md,guc
2001-06-08,23:42:37,-72.28,-33.97,0.0,3.4,md,guc
2001-06-09,05:22:00,-70.33,-32.41,105.0,3.2,md,guc
2001-06-09,09:36:33,-68.55,-21.38,120.3,4.1,mb,us
2001-06-09,21:24:19,-71.34,-35.33,95.6,3.4,md,guc
2001-06-10,04:59:23,-71.1,-32.34,64.7,3.0,md,guc
2001-06-10,06:34:10,-71.72,-32.53,38.3,3.6,md,guc
2001-06-10,07:28:40,-71.18,-24.64,33.0,3.4,mb,us
2001-06-10,10:46:46,-71.66,-32.55,11.6,4.0,md,guc
2001-06-10,20:33:26,-66.6,-21.48,210.6,4.5,mb,us
2001-06-11,08:19:20,-70.53,-34.2,12.7,3.4,md,guc
2001-06-11,08:52:25,-68.98,-20.16,113.4,4.1,mb,us
2001-06-12,05:55:05,-73.2,-17.45,33.0,4.3,mb,us
2001-06-12,22:30:30,-70.13,-33.25,107.5,2.9,md,guc
2001-06-13,04:10:46,-66.5,-27.21,16.9,5.0,mwc,hrv
2001-06-14,05:10:55,-68.44,-22.01,106.1,4.3,mb,us
2001-06-14,08:33:16,-68.38,-28.43,97.8,4.1,md,guc
2001-06-14,10:59:34,-66.75,-24.11,182.4,4.3,mb,us
2001-06-14,12:37:29,-71.6,-30.85,7.4,4.1,md,guc
2001-06-14,16:58:04,-71.85,-32.27,0.0,4.0,md,guc
2001-06-15,03:14:33,-68.83,-31.97,194.1,3.3,md,guc
2001-06-15,11:57:18,-67.46,-24.02,143.3,4.4,mb,us
2001-06-15,13:01:44,-70.27,-33.98,111.6,2.5,md,guc
2001-06-15,13:16:01,-70.44,-18.26,53.7,4.9,mb,us
2001-06-15,13:16:10,-71.39,-33.99,47.6,3.4,md,guc
2001-06-16,08:56:39,-70.15,-33.49,112.0,2.8,md,guc
2001-06-16,13:53:26,-72.6,-33.92,0.0,3.7,md,guc
2001-06-16,22:50:37,-70.49,-34.52,118.8,2.9,md,guc
2001-06-16,23:08:57,-72.04,-33.48,9.5,3.4,md,guc
2001-06-16,23:22:19,-71.98,-33.41,12.7,4.0,md,guc
2001-06-17,02:31:11,-101.65,-35.66,10.0,4.8,mb,us
2001-06-17,04:51:11,-71.42,-32.35,43.3,3.9,md,guc
2001-06-17,05:31:50,-70.99,-34.09,70.8,4.2,md,guc
2001-06-17,14:07:04,-73.38,-15.72,90.2,3.9,mb,us
2001-06-17,15:22:37,-71.0,-35.07,99.8,3.2,md,guc
2001-06-17,20:11:01,-75.1,-9.25,136.0,4.0,mb,us
2001-06-17,22:28:33,-70.31,-33.11,105.1,3.2,md,guc
2001-06-18,09:20:11,-70.63,-32.92,5.0,4.0,md,guc
2001-06-18,19:56:56,-69.17,-24.29,88.8,5.8,mwc,hrv
2001-06-18,22:35:35,-71.14,-29.21,44.9,4.8,mb,us
2001-06-19,05:47:11,-72.74,-17.16,33.0,3.9,mb,us
2001-06-19,07:26:48,-71.68,-32.65,14.4,3.5,md,guc
2001-06-19,09:32:25,-67.88,-22.74,146.6,6.0,mwb,us
2001-06-20,07:49:56,-70.23,-33.05,100.6,2.5,md,guc
2001-06-20,09:59:22,-70.99,-34.41,75.0,4.1,md,guc
2001-06-20,10:45:28,-70.21,-32.02,134.7,4.0,md,guc
2001-06-20,11:53:39,-72.23,-30.4,15.0,4.2,md,guc
2001-06-20,11:56:40,-71.62,-31.28,0.5,4.2,md,guc
2001-06-20,22:57:10,-68.54,-33.28,33.0,4.4,mb,us
2001-06-21,08:56:44,-71.56,-32.74,27.8,3.7,md,guc
2001-06-21,18:08:11,-71.57,-35.35,54.4,4.1,md,guc
2001-06-21,19:15:25,-70.41,-33.73,10.5,3.8,md,guc
2001-06-22,02:15:33,-71.93,-32.41,1.9,4.1,md,guc
2001-06-22,03:10:35,-71.4,-31.39,33.0,3.5,md,guc
2001-06-22,10:02:38,-70.17,-33.08,105.5,2.7,md,guc
2001-06-22,12:05:37,-71.36,-34.27,62.3,2.7,md,guc
2001-06-22,23:05:11,-73.16,-32.84,31.4,4.9,mb,us
2001-06-23,16:10:30,-66.75,-28.08,164.1,4.4,mb,us
2001-06-23,20:33:14,-73.64,-16.26,33.0,8.4,mww,official
2001-06-23,20:54:52,-73.73,-16.57,33.0,5.4,mb,us
2001-06-23,20:56:07,-72.17,-17.4,33.0,5.8,mb,us
2001-06-23,21:03:48,-71.94,-17.69,33.0,4.7,mb,us
2001-06-23,21:05:39,-71.35,-17.84,33.0,5.8,mb,us
2001-06-23,21:12:37,-72.5,-17.16,33.0,4.4,mb,us
2001-06-23,21:16:15,-71.96,-17.32,33.0,5.1,mb,us
2001-06-23,21:19:11,-73.52,-17.05,33.0,5.2,mb,us
2001-06-23,21:22:09,-72.24,-17.28,33.0,5.4,mb,us
2001-06-23,21:24:47,-72.23,-17.98,33.0,4.9,mb,us
2001-06-23,21:27:36,-72.64,-17.18,33.0,6.1,mb,us
2001-06-23,21:34:07,-71.86,-16.74,33.0,4.8,mb,us
2001-06-23,21:35:23,-70.14,-17.32,33.0,4.9,mb,us
2001-06-23,21:38:50,-72.37,-17.11,33.0,5.3,mb,us
2001-06-23,21:41:34,-71.05,-17.72,33.0,5.0,mb,us
2001-06-23,21:48:09,-74.07,-16.6,33.0,4.5,mb,us
2001-06-23,21:53:29,-73.68,-17.07,33.0,4.5,mb,us
2001-06-23,21:54:54,-72.63,-17.2,33.0,5.1,mb,us
2001-06-23,21:59:27,-73.82,-16.76,33.0,5.4,mb,us
2001-06-23,22:15:07,-73.26,-16.94,33.0,4.7,mb,us
2001-06-23,22:19:37,-70.02,-32.5,127.2,3.9,md,guc
2001-06-23,22:24:40,-73.61,-16.64,33.0,5.7,mb,us
2001-06-23,22:30:48,-72.63,-16.82,33.0,4.0,mb,us
2001-06-23,22:32:37,-72.65,-17.6,33.0,5.5,mb,us
2001-06-23,22:39:20,-72.06,-17.42,33.0,4.5,mb,us
2001-06-23,22:44:40,-73.33,-17.22,33.0,4.1,mb,us
2001-06-23,22:46:48,-72.41,-17.3,33.0,4.2,mb,us
2001-06-23,22:59:35,-71.93,-17.57,33.0,4.2,mb,us
2001-06-23,23:10:01,-73.63,-16.77,33.0,5.9,mb,us
2001-06-23,23:39:33,-73.56,-16.57,33.0,4.2,mb,us
2001-06-23,23:44:56,-73.72,-16.75,33.0,5.4,mb,us
2001-06-23,23:49:14,-71.58,-17.85,33.0,5.6,mb,us
2001-06-24,00:00:05,-72.41,-17.59,33.0,4.5,mb,us
2001-06-24,00:01:59,-71.91,-17.74,33.0,4.1,mb,us
2001-06-24,00:02:19,-71.2,-17.8,33.0,4.6,mb,us
2001-06-24,00:11:14,-72.41,-17.46,28.2,5.1,mb,us
2001-06-24,00:14:42,-73.93,-16.55,30.7,5.2,mb,us
2001-06-24,00:19:57,-73.03,-17.46,33.0,4.1,mb,us
2001-06-24,00:20:59,-72.1,-17.02,33.0,4.3,mb,us
2001-06-24,00:23:56,-81.45,-4.57,34.7,4.5,mb,us
2001-06-24,00:25:21,-70.79,-35.3,1.5,3.7,md,guc
2001-06-24,00:38:14,-73.43,-17.09,31.1,4.9,mb,us
2001-06-24,00:41:52,-73.47,-17.02,32.5,4.8,mb,us
2001-06-24,00:49:33,-80.87,-3.97,30.5,5.1,mb,us
2001-06-24,01:11:22,-70.95,-18.24,88.7,4.0,mb,us
2001-06-24,01:11:57,-73.44,-17.02,33.1,4.3,mb,us
2001-06-24,01:12:52,-72.22,-17.55,33.0,4.4,mb,us
2001-06-24,01:14:35,-71.48,-17.77,30.5,4.9,mb,us
2001-06-24,01:22:53,-71.96,-17.58,33.0,5.5,ms,us
2001-06-24,01:42:47,-73.44,-17.07,28.4,4.9,mb,us
2001-06-24,01:48:32,-73.29,-17.27,33.0,5.3,mb,us
2001-06-24,01:55:02,-73.2,-17.21,29.6,4.6,mb,us
2001-06-24,02:01:14,-72.76,-17.22,32.5,5.0,mb,us
2001-06-24,02:10:08,-71.88,-17.47,33.0,4.4,mb,us
2001-06-24,02:11:16,-71.89,-17.72,33.0,4.7,mb,us
2001-06-24,02:11:35,-72.76,-17.25,33.0,5.2,mb,us
2001-06-24,02:20:32,-72.0,-17.62,33.0,5.0,mb,us
2001-06-24,02:29:47,-73.55,-17.06,33.0,4.9,mb,us
2001-06-24,02:30:25,-73.61,-17.01,33.0,4.9,mb,us
2001-06-24,02:31:06,-71.53,-17.74,33.0,5.6,ms,us
2001-06-24,02:46:12,-72.52,-16.92,33.0,4.9,mb,us
2001-06-24,02:54:41,-73.3,-17.3,33.0,4.1,mb,us
2001-06-24,03:04:07,-73.05,-16.98,33.0,5.0,mb,us
2001-06-24,03:13:20,-71.88,-17.5,33.0,4.9,mb,us
2001-06-24,03:15:22,-73.38,-17.04,33.0,4.8,mb,us
2001-06-24,03:20:24,-72.66,-17.56,33.0,3.9,mb,us
2001-06-24,03:23:23,-73.57,-17.09,34.5,4.6,mb,us
2001-06-24,03:59:48,-71.98,-15.53,33.0,4.7,mb,us
2001-06-24,04:00:12,-72.01,-17.38,33.0,4.2,mb,us
2001-06-24,04:02:59,-72.41,-17.47,33.0,5.2,ms,us
2001-06-24,04:10:17,-72.37,-17.57,33.0,4.9,mb,us
2001-06-24,04:18:35,-72.44,-17.4,33.0,4.9,mb,us
2001-06-24,04:34:16,-72.39,-17.54,33.0,4.3,mb,us
2001-06-24,04:48:10,-74.07,-16.62,30.7,4.3,mb,us
2001-06-24,04:56:15,-72.66,-17.19,33.0,3.9,mb,us
2001-06-24,05:03:46,-73.98,-16.7,33.0,4.8,mb,us
2001-06-24,05:05:09,-73.98,-16.75,33.0,4.5,mb,us
2001-06-24,05:05:17,-73.9,-16.87,33.0,4.6,mb,us
2001-06-24,05:15:51,-72.08,-17.6,33.0,4.7,mb,us
2001-06-24,05:19:41,-73.31,-17.29,33.0,4.4,mb,us
2001-06-24,05:24:18,-72.66,-17.4,33.0,4.6,mb,us
2001-06-24,05:28:34,-73.46,-16.99,33.0,4.0,mb,us
2001-06-24,05:29:26,-73.57,-17.0,33.0,5.1,mb,us
2001-06-24,05:38:04,-74.04,-16.63,33.0,4.7,mb,us
2001-06-24,05:43:14,-73.08,-16.79,33.0,3.8,mb,us
2001-06-24,05:45:31,-74.12,-16.7,30.8,4.0,mb,us
2001-06-24,05:56:35,-72.28,-17.31,30.7,4.8,mb,us
2001-06-24,06:01:37,-72.66,-17.51,33.0,5.0,mb,us
2001-06-24,06:05:44,-72.45,-17.57,33.2,4.7,mb,us
2001-06-24,06:08:25,-73.26,-16.51,33.0,5.0,mb,us
2001-06-24,06:27:43,-74.03,-16.62,33.0,4.7,mb,us
2001-06-24,07:06:01,-73.35,-17.39,33.0,4.1,mb,us
2001-06-24,07:10:52,-73.6,-17.54,33.0,3.9,mb,us
2001-06-24,07:18:00,-69.95,-17.41,33.0,3.8,mb,us
2001-06-24,07:29:04,-73.3,-17.23,35.1,4.6,mb,us
2001-06-24,07:53:16,-70.99,-17.51,33.0,4.1,mb,us
2001-06-24,07:57:55,-73.32,-17.75,33.0,4.0,mb,us
2001-06-24,08:00:41,-73.42,-17.15,33.0,4.5,mb,us
2001-06-24,08:08:44,-73.26,-17.36,33.0,4.4,mb,us
2001-06-24,08:10:56,-72.03,-17.68,33.0,5.0,mb,us
2001-06-24,08:11:39,-73.55,-17.04,33.6,5.1,mb,us
2001-06-24,08:25:12,-73.23,-17.51,33.0,4.1,mb,us
2001-06-24,08:41:28,-72.01,-17.31,31.7,4.7,mb,us
2001-06-24,08:48:28,-72.84,-17.03,32.9,4.7,mb,us
2001-06-24,10:37:03,-74.07,-16.74,33.0,4.6,mb,us
2001-06-24,10:45:31,-73.97,-16.24,33.0,4.8,mb,us
2001-06-24,10:50:47,-73.3,-17.31,33.0,4.1,mb,us
2001-06-24,10:52:56,-72.32,-17.4,36.7,4.7,mb,us
2001-06-24,11:19:49,-70.1,-32.41,112.4,2.9,md,guc
2001-06-24,11:40:47,-73.19,-17.21,33.0,3.8,mb,us
2001-06-24,11:43:23,-72.04,-17.42,33.0,4.6,mb,us
2001-06-24,12:04:28,-72.16,-17.4,33.0,4.7,mb,us
2001-06-24,12:14:33,-72.14,-17.06,34.6,4.3,mb,us
2001-06-24,12:28:59,-72.05,-17.67,33.0,5.0,mb,us
2001-06-24,12:34:04,-71.76,-17.66,33.0,4.2,mb,us
2001-06-24,12:41:16,-72.32,-17.38,33.0,4.9,mb,us
2001-06-24,12:51:26,-72.06,-16.75,33.0,3.9,mb,us
2001-06-24,13:31:22,-72.11,-17.26,34.2,5.1,mb,us
2001-06-24,13:33:25,-74.06,-16.66,33.0,5.1,mb,us
2001-06-24,13:36:17,-74.06,-16.64,33.0,4.6,mb,us
2001-06-24,13:51:10,-71.74,-15.88,33.0,4.0,mb,us
2001-06-24,13:57:11,-72.9,-17.42,28.8,4.9,mb,us
2001-06-24,14:06:44,-74.05,-16.74,33.0,4.2,mb,us
2001-06-24,14:13:45,-72.8,-17.16,33.0,4.8,mb,us
2001-06-24,14:32:43,-72.55,-17.27,30.3,5.4,mb,us
2001-06-24,15:10:54,-70.51,-17.03,33.0,4.2,mb,us
2001-06-24,15:13:16,-73.44,-17.01,28.1,4.9,mb,us
2001-06-24,15:30:15,-71.96,-17.42,31.0,5.0,mb,us
2001-06-24,15:49:22,-73.89,-16.64,28.7,4.6,mb,us
2001-06-24,16:01:29,-72.64,-18.06,33.0,3.7,mb,us
2001-06-24,16:15:03,-73.49,-16.78,33.0,5.0,mb,us
2001-06-24,16:38:59,-72.56,-17.41,33.0,4.2,mb,us
2001-06-24,16:40:44,-71.82,-32.56,27.4,3.9,md,guc
2001-06-24,17:33:08,-72.44,-33.73,36.9,3.4,md,guc
2001-06-24,17:37:51,-72.28,-17.44,38.8,5.1,mb,us
2001-06-24,17:41:53,-72.3,-17.52,39.0,4.7,mb,us
2001-06-24,17:45:08,-72.26,-17.82,27.4,4.9,mb,us
2001-06-24,18:01:56,-72.19,-32.29,5.0,4.1,md,guc
2001-06-24,19:10:11,-71.74,-17.09,33.0,3.6,mb,us
2001-06-24,19:31:06,-71.84,-17.45,33.0,4.7,mb,us
2001-06-24,19:51:45,-71.48,-32.04,38.3,3.7,md,guc
2001-06-24,20:40:58,-73.6,-17.02,33.1,4.6,mb,us
2001-06-24,20:50:04,-73.15,-17.54,33.0,3.9,mb,us
2001-06-24,20:52:33,-71.72,-16.96,33.0,4.1,mb,us
2001-06-24,21:44:55,-73.58,-16.71,33.0,4.0,mb,us
2001-06-24,22:28:41,-73.58,-17.0,32.9,4.7,mb,us
2001-06-24,22:49:28,-71.57,-18.04,35.2,4.9,mb,us
2001-06-24,22:53:42,-74.08,-16.8,27.2,4.9,mb,us
2001-06-24,23:01:51,-71.77,-32.55,33.0,4.4,mb,us
2001-06-24,23:04:09,-71.74,-32.62,1.7,3.8,md,guc
2001-06-24,23:26:17,-73.29,-16.89,30.4,5.0,mb,us
2001-06-24,23:33:09,-70.02,-16.84,61.0,4.4,mb,us
2001-06-25,00:06:33,-72.53,-17.44,33.0,4.6,mb,us
2001-06-25,00:52:18,-70.72,-35.5,33.5,3.6,md,guc
2001-06-25,01:44:46,-74.72,-16.13,33.0,4.5,mb,us
2001-06-25,02:45:37,-73.98,-16.76,33.0,4.7,mb,us
2001-06-25,03:26:46,-73.46,-17.07,33.0,4.8,mb,us
2001-06-25,03:48:58,-74.7,-15.98,33.0,5.4,mwc,hrv
2001-06-25,04:36:31,-71.75,-32.59,0.0,3.4,md,guc
2001-06-25,05:29:17,-71.86,-17.43,33.0,4.7,mb,us
2001-06-25,06:18:48,-73.88,-16.61,33.0,4.4,mb,us
2001-06-25,06:38:48,-73.79,-16.85,33.0,5.7,mwc,hrv
2001-06-25,06:45:56,-71.85,-32.54,27.3,4.0,md,guc
2001-06-25,06:56:55,-73.12,-32.73,20.2,3.3,md,guc
2001-06-25,06:58:11,-73.9,-17.03,33.0,3.8,mb,us
2001-06-25,07:03:18,-73.86,-16.62,33.0,5.2,mb,us
2001-06-25,07:44:37,-73.92,-16.69,33.0,4.6,mb,us
2001-06-25,07:57:36,-72.21,-17.3,33.0,4.3,mb,us
2001-06-25,09:09:59,-71.11,-17.72,47.0,4.9,mb,us
2001-06-25,09:57:01,-64.35,-21.74,33.0,5.1,mb,us
2001-06-25,11:54:47,-72.28,-17.44,33.0,4.4,mb,us
2001-06-25,12:16:31,-70.14,-17.2,33.0,4.1,mb,us
2001-06-25,13:59:31,-72.03,-17.51,33.0,4.3,mb,us
2001-06-25,15:34:46,-71.62,-17.55,33.0,4.5,mb,us
2001-06-25,16:38:02,-73.07,-35.34,5.0,4.4,md,guc
2001-06-25,17:52:46,-74.15,-16.32,33.0,4.0,mb,us
2001-06-25,19:43:44,-74.02,-16.8,33.0,4.7,mb,us
2001-06-25,19:44:48,-73.92,-16.63,33.0,4.9,mb,us
2001-06-25,19:58:13,-73.72,-16.52,33.0,5.0,mb,us
2001-06-25,20:19:14,-72.21,-17.74,33.0,4.3,mb,us
2001-06-25,22:14:10,-70.68,-17.57,73.7,5.5,mwc,hrv
2001-06-25,22:52:17,-73.39,-17.11,33.0,4.9,mb,us
2001-06-25,23:32:14,-72.36,-17.25,33.0,4.6,mb,us
2001-06-26,00:46:26,-72.27,-16.92,33.0,4.8,mb,us
2001-06-26,03:44:46,-70.2,-33.79,5.0,4.6,md,guc
2001-06-26,03:49:22,-70.99,-15.12,33.0,3.7,mb,us
2001-06-26,04:18:31,-71.65,-17.74,24.0,6.7,mwc,hrv
2001-06-26,04:48:12,-73.24,-17.33,33.0,3.7,mb,us
2001-06-26,05:22:21,-72.6,-16.24,33.0,4.3,mb,us
2001-06-26,05:41:11,-74.08,-16.65,33.0,4.9,mb,us
2001-06-26,05:57:50,-71.76,-32.56,6.5,3.5,md,guc
2001-06-26,06:32:50,-71.88,-17.35,33.0,4.8,mb,us
2001-06-26,07:04:18,-73.78,-16.69,33.0,4.2,mb,us
2001-06-26,07:14:43,-74.14,-16.83,33.0,4.3,mb,us
2001-06-26,08:45:23,-74.09,-16.71,33.0,4.2,mb,us
2001-06-26,08:47:10,-74.19,-16.56,33.0,5.4,mwc,hrv
2001-06-26,09:48:22,-73.23,-17.02,33.0,4.0,mb,us
2001-06-26,10:28:27,-73.68,-16.83,33.0,3.8,mb,us
2001-06-26,10:42:37,-73.24,-17.51,33.0,4.5,mb,us
2001-06-26,11:02:04,-71.66,-30.65,33.0,4.6,mb,us
2001-06-26,12:16:01,-73.63,-16.75,33.0,4.4,mb,us
2001-06-26,12:31:20,-70.2,-33.84,5.7,3.1,md,guc
2001-06-26,12:41:24,-72.32,-17.6,33.0,4.9,mb,us
2001-06-26,12:51:16,-73.62,-16.65,33.0,5.3,ms,us
2001-06-26,13:25:12,-73.71,-16.76,33.0,4.4,mb,us
2001-06-26,14:26:42,-73.35,-17.7,33.0,4.0,mb,us
2001-06-26,15:12:41,-74.13,-16.69,33.0,5.0,mb,us
2001-06-26,16:33:24,-72.67,-17.36,33.0,4.0,mb,us
2001-06-26,17:27:49,-72.1,-17.61,33.0,5.3,mwc,hrv
2001-06-26,20:39:53,-89.13,-41.7,10.0,4.8,mb,us
2001-06-26,21:08:59,-73.02,-17.36,33.0,4.5,mb,us
2001-06-26,23:23:39,-73.14,-17.21,33.0,4.9,mb,us
2001-06-27,00:21:07,-71.53,-17.89,33.0,5.5,mwc,hrv
2001-06-27,04:33:54,-69.71,-31.46,156.8,3.6,md,guc
2001-06-27,05:23:06,-73.86,-16.89,33.0,4.8,mb,us
2001-06-27,05:50:06,-73.51,-17.55,33.0,3.8,mb,us
2001-06-27,06:17:21,-65.77,-58.48,33.0,4.3,mb,us
2001-06-27,07:04:36,-71.89,-17.64,33.0,4.4,mb,us
2001-06-27,07:22:42,-71.78,-17.48,33.0,4.1,mb,us
2001-06-27,07:26:41,-74.87,-16.06,33.0,4.6,mb,us
2001-06-27,07:45:30,-72.29,-17.33,33.0,4.2,mb,us
2001-06-27,07:56:37,-71.98,-17.38,33.0,4.2,mb,us
2001-06-27,12:08:20,-73.22,-17.13,33.0,4.1,mb,us
2001-06-27,12:55:50,-70.12,-17.18,33.0,4.5,mb,us
2001-06-27,13:21:45,-73.67,-16.62,33.0,4.2,mb,us
2001-06-27,15:07:00,-66.87,-23.89,174.2,4.0,mb,us
2001-06-27,15:09:25,-70.16,-17.14,33.0,4.2,mb,us
2001-06-27,16:12:48,-70.64,-33.6,82.1,2.8,md,guc
2001-06-27,18:16:42,-73.66,-16.6,33.0,4.6,mb,us
2001-06-27,22:37:44,-70.92,-17.71,33.0,4.2,mb,us
2001-06-27,23:04:26,-71.65,-31.51,33.0,5.0,mwc,hrv
2001-06-27,23:25:15,-71.7,-31.61,9.2,4.1,md,guc
2001-06-27,23:32:15,-71.74,-31.61,31.4,3.8,md,guc
2001-06-28,00:37:35,-67.87,-31.25,0.0,4.0,md,guc
2001-06-28,02:43:11,-71.03,-32.41,70.3,3.5,md,guc
2001-06-28,03:22:17,-73.28,-16.74,33.0,4.0,mb,us
2001-06-28,03:39:27,-73.71,-16.79,33.0,5.0,mb,us
2001-06-28,03:59:34,-72.05,-16.52,33.0,4.6,mb,us
2001-06-28,04:24:46,-73.66,-16.79,33.0,5.1,mb,us
2001-06-28,07:50:50,-71.85,-31.49,18.6,3.8,md,guc
2001-06-28,08:09:11,-72.2,-17.23,33.0,4.1,mb,us
2001-06-28,08:26:10,-72.86,-16.98,33.0,4.0,mb,us
2001-06-28,12:01:37,-71.11,-34.4,84.6,2.7,md,guc
2001-06-28,13:20:47,-108.51,-34.79,10.0,4.4,mb,us
2001-06-28,13:54:31,-71.82,-31.58,26.1,4.0,md,guc
2001-06-28,13:54:37,-70.7,-18.05,33.0,4.1,mb,us
2001-06-28,18:35:43,-73.25,-17.31,33.0,4.8,mb,us
2001-06-28,19:13:23,-71.79,-17.62,33.0,4.3,mb,us
2001-06-28,21:35:25,-72.54,-17.58,33.0,5.3,mwc,hrv
2001-06-29,00:40:03,-66.47,-23.4,203.3,4.1,mb,us
2001-06-29,00:54:11,-71.72,-31.58,9.9,3.8,md,guc
2001-06-29,01:16:00,-71.74,-30.71,32.1,4.0,md,guc
2001-06-29,03:11:28,-80.86,-3.96,33.0,5.3,mwc,hrv
2001-06-29,06:05:55,-71.81,-15.56,33.0,4.5,mb,us
2001-06-29,06:29:10,-71.6,-15.7,33.0,4.7,mb,us
2001-06-29,06:31:12,-72.3,-17.27,33.0,4.9,mb,us
2001-06-29,06:43:54,-71.03,-37.15,158.5,3.3,md,guc
2001-06-29,06:45:18,-73.82,-17.14,33.0,4.3,mb,us
2001-06-29,07:04:30,-70.37,-34.23,108.7,3.2,md,guc
2001-06-29,11:58:09,-72.35,-17.29,33.0,4.9,mb,us
2001-06-29,12:35:08,-70.93,-34.92,7.3,3.9,md,guc
2001-06-29,13:38:29,-70.81,-15.62,33.0,3.9,mb,us
2001-06-29,16:35:04,-71.71,-29.66,15.0,4.1,md,guc
2001-06-29,18:35:52,-66.25,-19.52,273.9,6.1,mwc,hrv
2001-06-29,21:14:45,-70.98,-15.69,33.0,4.9,mb,us
2001-06-29,22:16:36,-69.43,-31.33,157.8,3.4,md,guc
2001-06-29,22:33:19,-70.36,-15.41,33.0,5.4,mwc,hrv
2001-06-29,22:36:51,-70.58,-15.49,33.0,4.9,mb,us
2001-06-29,23:48:32,-70.88,-15.6,33.0,4.0,mb,us
2001-06-30,00:52:53,-71.57,-32.7,2.1,3.6,md,guc
2001-06-30,02:17:53,-70.92,-33.97,75.2,2.7,md,guc
2001-06-30,03:01:31,-73.75,-17.64,33.0,4.3,mb,us
2001-06-30,03:21:52,-80.74,-44.24,10.0,4.5,mb,us
2001-06-30,03:42:19,-80.89,-44.77,10.0,4.4,mb,us
2001-06-30,04:58:34,-75.56,-42.51,10.0,4.4,mb,us
2001-06-30,06:06:07,-72.44,-17.55,33.0,4.6,mb,us
2001-06-30,06:47:03,-72.07,-17.59,33.0,4.1,mb,us
2001-06-30,08:41:51,-70.46,-34.28,105.8,2.6,md,guc
2001-06-30,08:57:21,-72.07,-17.46,33.0,5.3,mwc,hrv
2001-06-30,11:26:00,-71.95,-17.29,33.0,4.5,mb,us
2001-06-30,12:42:20,-123.42,-55.81,10.0,4.6,mb,us
2001-06-30,19:54:48,-73.4,-17.27,33.0,4.5,mb,us
2001-06-30,20:18:29,-72.25,-17.7,33.0,4.7,mb,us
2001-06-30,22:52:57,-70.06,-17.08,33.0,4.4,mb,us
2001-07-01,01:45:40,-71.72,-32.24,9.6,3.7,md,guc
2001-07-01,02:15:16,-71.75,-32.26,22.6,4.4,md,guc
2001-07-01,04:46:49,-72.19,-17.39,33.0,4.4,mb,us
2001-07-01,06:55:47,-70.87,-17.72,33.0,4.1,mb,us
2001-07-01,07:40:44,-73.74,-16.62,28.4,4.0,mb,us
2001-07-01,09:11:35,-72.13,-15.56,33.0,4.5,mb,us
2001-07-01,10:13:06,-72.35,-17.51,32.8,4.4,mb,us
2001-07-01,10:46:56,-72.54,-17.58,33.0,4.0,mb,us
2001-07-01,11:06:31,-72.96,-17.12,33.0,5.4,mwc,hrv
2001-07-01,11:21:44,-72.05,-17.63,33.0,4.5,mb,us
2001-07-01,11:57:17,-70.62,-33.31,84.2,2.7,md,guc
2001-07-01,12:40:58,-73.89,-16.24,33.0,4.2,mb,us
2001-07-01,13:11:24,-74.18,-16.98,33.0,4.7,mb,us
2001-07-01,15:16:51,-71.09,-18.14,33.0,3.8,mb,us
2001-07-01,16:35:07,-73.37,-17.93,33.0,3.8,mb,us
2001-07-01,21:32:53,-71.64,-17.94,33.0,4.2,mb,us
2001-07-01,22:45:43,-71.63,-17.73,33.0,4.1,mb,us
2001-07-02,05:10:27,-70.91,-16.73,33.0,4.5,mb,us
2001-07-02,10:36:46,-70.13,-33.82,106.3,4.3,mb,us
2001-07-02,18:27:31,-72.25,-17.73,33.0,4.2,mb,us
2001-07-02,18:40:52,-68.2,-33.18,0.2,4.0,md,guc
2001-07-03,02:38:40,-71.72,-28.86,33.0,4.4,md,guc
2001-07-03,03:47:15,-71.45,-33.38,43.0,3.8,md,guc
2001-07-03,05:25:06,-73.92,-16.39,33.0,4.5,mb,us
2001-07-03,06:46:16,-73.27,-32.68,10.0,3.7,mb,us
2001-07-03,07:15:54,-72.98,-32.75,18.4,3.8,md,guc
2001-07-03,08:00:39,-73.01,-32.75,17.1,4.0,md,guc
2001-07-03,10:56:57,-73.01,-32.84,10.9,3.9,md,guc
2001-07-03,12:57:43,-73.97,-16.62,33.0,5.6,mwc,hrv
2001-07-03,17:00:38,-73.92,-16.41,33.0,4.3,mb,us
2001-07-03,18:07:28,-73.08,-32.73,19.6,3.5,md,guc
2001-07-03,23:47:10,-71.61,-32.63,11.3,4.0,md,guc
2001-07-04,10:06:59,-70.12,-33.63,110.7,3.4,md,guc
2001-07-04,10:28:13,-72.98,-32.74,19.9,3.7,md,guc
2001-07-04,12:09:04,-65.71,-17.0,33.0,6.2,mwc,hrv
2001-07-04,13:00:07,-65.19,-17.41,33.0,4.4,mb,us
2001-07-04,18:09:25,-70.41,-33.44,101.6,3.9,md,guc
2001-07-04,19:21:45,-74.16,-16.48,33.0,4.2,mb,us
2001-07-05,01:23:04,-72.29,-17.06,33.0,4.1,mb,us
2001-07-05,07:49:14,-71.91,-32.49,3.0,3.6,md,guc
2001-07-05,12:02:57,-73.33,-16.39,33.0,4.1,mb,us
2001-07-05,13:53:48,-73.99,-16.09,62.0,6.6,mwc,hrv
2001-07-05,16:47:34,-70.3,-34.23,128.2,4.0,md,guc
2001-07-05,18:09:03,-72.45,-16.86,33.0,4.9,mb,us
2001-07-06,06:44:32,-70.66,-33.62,95.4,2.7,md,guc
2001-07-06,09:21:57,-73.43,-16.22,33.0,4.9,mb,us
2001-07-06,10:44:07,-71.1,-34.63,75.9,2.9,md,guc
2001-07-06,13:31:28,-70.61,-32.92,86.0,3.6,md,guc
2001-07-06,20:36:40,-115.12,-23.35,10.0,4.8,mb,us
2001-07-07,00:56:34,-66.61,-23.85,189.2,4.6,mb,us
2001-07-07,05:17:31,-71.74,-17.34,33.0,4.5,mb,us
2001-07-07,05:19:43,-73.41,-16.49,33.0,4.8,mb,us
2001-07-07,09:29:38,-70.13,-22.83,33.0,5.1,mb,us
2001-07-07,09:38:44,-72.08,-17.54,33.0,7.6,mwc,hrv
2001-07-07,09:53:54,-72.39,-17.65,33.0,4.6,mb,us
2001-07-07,09:58:25,-71.86,-17.64,33.0,5.1,mb,us
2001-07-07,10:04:17,-72.5,-17.63,33.0,4.8,mb,us
2001-07-07,10:06:40,-72.33,-17.54,33.0,4.8,mb,us
2001-07-07,10:08:16,-72.66,-17.45,33.0,4.9,mb,us
2001-07-07,10:10:03,-71.8,-17.6,33.0,4.9,mb,us
2001-07-07,10:12:07,-71.89,-17.25,33.0,5.2,mb,us
2001-07-07,10:16:05,-72.34,-17.62,33.0,4.7,mb,us
2001-07-07,10:21:01,-72.23,-17.66,33.0,4.1,mb,us
2001-07-07,10:39:14,-72.63,-17.7,33.0,4.5,mb,us
2001-07-07,11:13:47,-72.35,-17.36,33.0,4.7,mb,us
2001-07-07,11:17:32,-71.83,-17.63,31.3,5.2,mb,us
2001-07-07,11:35:18,-72.58,-17.64,33.0,4.4,mb,us
2001-07-07,11:43:02,-72.11,-17.92,33.0,4.9,mb,us
2001-07-07,11:49:22,-72.19,-17.44,33.0,4.9,mb,us
2001-07-07,11:55:59,-72.0,-17.49,33.0,4.7,mb,us
2001-07-07,12:18:22,-72.7,-17.7,33.0,4.3,mb,us
2001-07-07,12:21:26,-72.25,-17.53,33.0,4.3,mb,us
2001-07-07,12:22:27,-72.07,-17.54,33.0,4.8,mb,us
2001-07-07,12:51:02,-72.48,-17.54,33.0,4.7,mb,us
2001-07-07,12:53:00,-72.36,-17.53,33.0,4.4,mb,us
2001-07-07,13:31:04,-72.42,-17.69,33.0,4.7,mb,us
2001-07-07,13:36:16,-72.15,-17.64,33.0,4.6,mb,us
2001-07-07,14:21:02,-71.46,-30.88,68.4,3.6,md,guc
2001-07-07,14:57:45,-72.27,-17.9,33.0,4.4,mb,us
2001-07-07,15:04:33,-72.36,-18.0,33.0,4.5,mb,us
2001-07-07,15:24:19,-72.17,-17.57,33.0,4.6,mb,us
2001-07-07,15:40:04,-72.35,-17.79,33.0,4.3,mb,us
2001-07-07,15:42:05,-72.23,-17.85,33.0,4.4,mb,us
2001-07-07,17:04:23,-72.13,-17.65,33.0,4.7,mb,us
2001-07-07,18:53:56,-70.38,-32.67,106.0,3.3,md,guc
2001-07-07,18:57:40,-71.94,-17.62,33.0,4.3,mb,us
2001-07-07,19:30:00,-72.13,-17.6,33.0,4.9,mb,us
2001-07-07,21:27:34,-71.71,-17.59,33.0,5.0,mb,us
2001-07-07,22:15:09,-71.88,-17.48,33.0,4.1,mb,us
2001-07-07,22:36:46,-72.09,-17.61,33.0,4.8,mb,us
2001-07-07,22:48:34,-72.58,-17.77,33.0,4.3,mb,us
2001-07-08,00:11:56,-70.3,-34.19,122.8,2.5,md,guc
2001-07-08,00:24:44,-72.67,-17.69,33.0,4.0,mb,us
2001-07-08,02:06:53,-71.76,-17.49,33.0,3.9,mb,us
2001-07-08,02:37:59,-72.27,-17.38,33.0,4.1,mb,us
2001-07-08,02:51:40,-72.25,-17.5,33.0,4.0,mb,us
2001-07-08,03:20:36,-71.79,-17.84,33.0,4.3,mb,us
2001-07-08,03:21:34,-70.33,-33.17,100.0,2.6,md,guc
2001-07-08,03:39:56,-72.19,-17.72,33.0,4.4,mb,us
2001-07-08,04:09:32,-72.2,-17.33,27.2,4.2,mb,us
2001-07-08,05:10:18,-72.32,-16.78,33.0,4.1,mb,us
2001-07-08,05:20:36,-71.64,-17.63,33.0,3.9,mb,us
2001-07-08,05:27:53,-72.17,-17.26,33.0,4.0,mb,us
2001-07-08,08:23:05,-72.26,-17.53,33.0,4.3,mb,us
2001-07-08,09:19:35,-72.06,-16.9,33.0,4.4,mb,us
2001-07-08,11:21:51,-72.47,-17.46,33.0,4.2,mb,us
2001-07-08,11:37:43,-72.39,-17.43,33.0,4.2,mb,us
2001-07-08,11:49:28,-71.92,-17.58,33.0,4.2,mb,us
2001-07-08,14:37:57,-72.29,-17.29,33.0,3.9,mb,us
2001-07-08,15:21:23,-74.03,-16.59,33.0,4.3,mb,us
2001-07-08,16:45:43,-71.95,-17.54,33.0,4.0,mb,us
2001-07-08,17:16:30,-68.86,-33.09,5.0,4.2,md,guc
2001-07-08,19:40:53,-71.19,-35.12,98.1,3.0,md,guc
2001-07-08,19:41:53,-75.45,-45.76,33.0,4.7,mb,us
2001-07-08,20:03:23,-72.44,-17.56,33.0,4.9,mb,us
2001-07-08,21:15:19,-72.64,-16.74,33.0,4.7,mb,us
2001-07-09,03:14:11,-71.75,-15.64,33.0,3.8,mb,us
2001-07-09,04:27:50,-71.57,-17.65,33.0,4.4,mb,us
2001-07-09,09:01:40,-72.27,-17.76,33.0,4.0,mb,us
2001-07-09,09:31:30,-72.15,-17.75,33.0,4.4,mb,us
2001-07-09,09:37:04,-70.35,-14.1,33.0,4.9,mb,us
2001-07-09,14:15:03,-70.61,-15.49,33.0,4.7,mb,us
2001-07-09,14:59:02,-71.92,-17.01,33.0,4.3,mb,us
2001-07-09,17:35:15,-73.07,-32.81,18.4,3.9,md,guc
2001-07-09,19:05:15,-72.25,-17.52,33.0,4.7,mb,us
2001-07-09,23:51:27,-70.13,-33.05,112.4,2.9,md,guc
2001-07-10,02:08:14,-70.64,-15.58,33.0,4.6,mb,us
2001-07-10,03:24:00,-70.51,-15.5,33.0,4.7,mb,us
2001-07-10,03:26:24,-70.52,-15.54,33.0,4.0,mb,us
2001-07-10,04:43:08,-71.67,-17.75,33.0,4.3,mb,us
2001-07-10,05:14:04,-72.4,-17.39,33.0,4.2,mb,us
2001-07-10,07:22:19,-70.8,-15.65,33.0,3.5,mb,us
2001-07-10,07:35:49,-70.75,-15.59,33.0,4.4,mb,us
2001-07-10,08:11:44,-71.72,-32.13,42.4,3.9,md,guc
2001-07-10,09:00:00,-69.95,-32.28,126.9,3.7,md,guc
2001-07-10,14:06:20,-70.9,-15.48,33.0,4.2,mb,us
2001-07-10,16:09:50,-73.43,-17.01,33.0,4.5,mb,us
2001-07-10,18:59:29,-73.57,-16.54,33.0,4.3,mb,us
2001-07-10,19:13:52,-72.5,-17.79,33.0,4.3,mb,us
2001-07-10,22:17:52,-72.46,-17.71,33.0,4.3,mb,us
2001-07-10,22:38:59,-73.85,-16.97,33.0,4.2,mb,us
2001-07-11,06:10:06,-72.04,-17.48,33.0,4.2,mb,us
2001-07-11,08:19:07,-70.24,-33.97,108.4,3.2,md,guc
2001-07-11,11:53:17,-79.45,-8.27,33.0,4.1,mb,us
2001-07-11,14:11:40,-70.72,-15.64,33.0,4.4,mb,us
2001-07-11,19:35:26,-70.83,-15.71,33.0,4.1,mb,us
2001-07-11,19:39:46,-70.71,-15.6,33.0,4.7,mb,us
2001-07-11,23:56:54,-68.91,-31.23,187.3,3.8,md,guc
2001-07-12,01:51:47,-71.76,-17.64,33.0,4.3,mb,us
2001-07-12,07:15:05,-66.08,-17.43,33.0,4.5,mb,us
2001-07-12,12:31:31,-69.16,-18.19,39.8,4.3,mb,us
2001-07-12,14:39:19,-74.65,-15.68,33.0,4.7,mb,us
2001-07-12,16:53:38,-70.99,-33.85,69.8,2.4,md,guc
2001-07-12,19:41:41,-71.94,-17.38,33.0,4.7,mb,us
2001-07-13,01:13:04,-72.36,-17.65,33.0,4.6,mb,us
2001-07-13,12:45:25,-69.17,-19.95,106.5,5.2,mwc,hrv
2001-07-13,19:07:42,-73.2,-16.46,33.0,4.0,mb,us
2001-07-13,19:17:43,-71.82,-18.18,33.0,4.8,mb,us
2001-07-14,04:57:02,-69.12,-18.16,150.8,4.2,mb,us
2001-07-14,15:48:11,-73.21,-17.69,33.0,4.4,mb,us
2001-07-14,16:00:38,-71.41,-32.88,50.4,3.3,md,guc
2001-07-14,19:26:50,-73.13,-17.76,33.0,4.6,mb,us
2001-07-15,03:19:44,-71.64,-34.78,68.9,4.9,mb,us
2001-07-15,05:56:15,-71.65,-17.22,33.0,4.7,mb,us
2001-07-15,06:48:37,-71.83,-32.36,29.1,4.0,md,guc
2001-07-15,07:29:18,-70.13,-33.75,122.3,2.9,md,guc
2001-07-15,07:55:45,-71.19,-34.92,87.1,3.3,md,guc
2001-07-15,10:08:42,-71.2,-29.63,20.5,4.8,mb,us
2001-07-15,22:24:18,-71.85,-32.15,7.6,3.9,md,guc
2001-07-16,00:12:17,-72.27,-17.36,33.0,4.2,mb,us
2001-07-16,05:49:07,-71.44,-33.77,66.9,2.6,md,guc
2001-07-16,07:52:12,-68.74,-31.32,115.6,4.2,mb,us
2001-07-16,15:09:06,-74.34,-10.14,138.2,3.8,mb,us
2001-07-16,21:03:36,-72.0,-17.5,33.0,4.2,mb,us
2001-07-16,21:29:48,-71.42,-16.25,83.5,4.2,mb,us
2001-07-16,22:29:18,-71.95,-32.18,47.4,4.6,mb,us
2001-07-17,00:02:51,-71.91,-32.12,32.4,3.9,md,guc
2001-07-17,00:09:19,-71.86,-32.16,3.9,4.3,md,guc
2001-07-17,00:24:24,-71.75,-32.17,0.0,4.0,md,guc
2001-07-17,00:55:37,-71.74,-17.62,33.0,3.9,mb,us
2001-07-17,04:39:29,-72.5,-17.41,33.0,4.2,mb,us
2001-07-17,17:29:30,-69.23,-31.94,32.7,3.8,md,guc
2001-07-17,20:53:39,-70.01,-28.94,110.9,3.7,mb,us
2001-07-17,23:26:00,-73.44,-16.67,33.0,4.8,mb,us
2001-07-18,01:13:49,-70.69,-33.51,85.0,2.4,md,guc
2001-07-18,12:09:49,-69.53,-21.14,33.0,4.6,mb,us
2001-07-18,20:23:08,-73.5,-16.73,33.0,4.1,mb,us
2001-07-19,03:35:59,-70.84,-33.58,76.7,3.0,md,guc
2001-07-19,03:57:54,-66.67,-24.01,213.7,4.4,mb,us
2001-07-19,10:27:16,-72.2,-17.62,33.0,4.1,mb,us
2001-07-20,00:11:42,-71.74,-32.73,29.0,4.0,md,guc
2001-07-20,01:14:01,-71.94,-32.47,14.6,4.2,md,guc
2001-07-20,04:43:12,-70.46,-33.66,95.1,3.1,md,guc
2001-07-20,10:13:22,-70.48,-34.51,114.4,3.3,md,guc
2001-07-20,14:58:28,-71.81,-32.36,27.7,4.5,mb,us
2001-07-21,03:12:56,-70.19,-33.83,1.5,3.5,md,guc
2001-07-21,04:02:00,-69.81,-31.96,148.1,3.0,md,guc
2001-07-21,12:30:57,-71.7,-31.89,55.1,4.0,md,guc
2001-07-21,14:18:11,-70.94,-33.25,71.9,2.9,md,guc
2001-07-21,15:53:36,-73.02,-32.63,19.0,4.1,md,guc
2001-07-21,19:10:57,-72.24,-17.67,46.4,4.4,mb,us
2001-07-21,21:20:13,-72.53,-33.55,15.0,3.8,md,guc
2001-07-21,22:33:47,-70.97,-15.63,33.0,4.4,mb,us
2001-07-22,09:56:36,-70.3,-33.37,106.4,3.5,md,guc
2001-07-22,11:19:49,-70.69,-34.5,109.4,3.5,md,guc
2001-07-22,12:59:02,-73.22,-32.81,10.5,3.7,md,guc
2001-07-22,15:10:22,-72.47,-17.32,33.0,4.7,mb,us
2001-07-22,15:19:49,-70.78,-30.16,84.2,3.8,md,guc
2001-07-22,15:32:03,-72.36,-17.22,33.0,4.1,mb,us
2001-07-22,17:53:50,-73.27,-32.75,47.3,4.0,md,guc
2001-07-23,05:31:47,-69.69,-33.85,95.3,3.2,md,guc
2001-07-23,05:48:20,-71.29,-31.02,52.2,3.8,md,guc
2001-07-23,08:27:15,-67.03,-24.25,175.4,4.2,mb,us
2001-07-23,13:04:19,-67.46,-28.27,141.7,4.4,mb,us
2001-07-23,18:32:58,-71.55,-30.08,67.7,4.5,md,guc
2001-07-24,05:00:09,-69.26,-19.45,33.0,6.4,mwb,us
2001-07-24,06:57:31,-70.22,-17.14,33.0,4.3,mb,us
2001-07-24,07:54:16,-69.22,-19.79,33.0,4.0,mb,us
2001-07-24,09:03:53,-73.92,-16.63,33.0,4.0,mb,us
2001-07-24,09:14:43,-71.66,-17.67,86.1,3.9,mb,us
2001-07-24,11:30:12,-70.23,-32.03,112.7,3.3,md,guc
2001-07-24,16:32:59,-70.31,-17.06,33.0,3.7,mb,us
2001-07-24,17:19:30,-70.21,-32.92,109.4,2.9,md,guc
2001-07-24,17:39:45,-69.24,-19.89,33.0,4.5,mb,us
2001-07-24,17:42:42,-71.58,-32.85,33.0,5.4,mwb,us
2001-07-24,19:54:48,-73.99,-16.74,33.0,5.0,mb,us
2001-07-25,01:00:51,-73.07,-32.71,19.7,3.6,md,guc
2001-07-25,03:00:26,-71.64,-30.86,55.8,4.4,mb,us
2001-07-25,04:29:56,-71.65,-32.96,40.9,3.5,md,guc
2001-07-25,07:12:34,-72.02,-17.19,33.0,4.6,mb,us
2001-07-25,07:35:00,-71.2,-35.05,91.9,3.3,md,guc
2001-07-25,09:29:01,-72.3,-17.37,33.0,4.1,mb,us
2001-07-25,13:10:42,-70.18,-31.73,150.6,3.4,md,guc
2001-07-26,01:26:37,-71.58,-32.94,41.0,4.4,md,guc
2001-07-26,08:40:13,-68.38,-31.86,117.7,3.8,md,guc
2001-07-26,10:57:12,-71.59,-28.86,52.4,4.6,mb,us
2001-07-26,17:42:10,-72.93,-17.29,33.0,4.2,mb,us
2001-07-26,18:07:23,-69.21,-19.61,76.2,4.1,mb,us
2001-07-26,22:37:24,-70.08,-31.68,144.8,4.2,md,guc
2001-07-27,03:35:25,-71.56,-32.57,15.2,3.6,md,guc
2001-07-27,08:40:54,-70.73,-33.49,89.3,2.7,md,guc
2001-07-27,14:14:49,-71.66,-32.98,45.0,3.2,md,guc
2001-07-27,16:41:42,-69.73,-19.79,42.6,3.9,mb,us
2001-07-27,22:42:32,-72.72,-17.41,33.0,5.4,mwc,hrv
2001-07-27,23:06:50,-71.75,-32.72,34.6,3.4,md,guc
2001-07-28,03:29:40,-71.34,-34.03,48.6,3.5,md,guc
2001-07-28,06:02:41,-70.33,-16.87,33.0,3.5,mb,us
2001-07-28,06:27:25,-69.06,-31.62,121.9,3.8,md,guc
2001-07-28,08:21:54,-71.6,-32.93,40.8,4.4,md,guc
2001-07-28,10:33:24,-79.6,-43.78,33.0,4.4,mb,us
2001-07-28,10:57:57,-70.31,-17.13,33.0,4.1,mb,us
2001-07-28,11:19:53,-68.78,-19.7,102.6,4.5,mb,us
2001-07-28,13:00:08,-66.6,-23.83,214.5,4.4,mb,us
2001-07-28,14:17:08,-72.86,-15.47,33.0,4.2,mb,us
2001-07-28,16:45:11,-70.31,-33.8,119.6,3.1,md,guc
2001-07-28,18:46:53,-66.94,-24.29,186.4,4.5,mb,us
2001-07-28,19:45:04,-73.44,-16.32,37.3,4.4,mb,us
2001-07-29,02:45:58,-72.18,-17.86,33.0,4.2,mb,us
2001-07-29,05:07:35,-72.02,-33.25,9.2,3.7,md,guc
2001-07-29,05:40:48,-71.62,-17.77,33.0,4.2,mb,us
2001-07-29,09:20:18,-70.52,-19.56,100.0,4.3,mb,us
2001-07-29,09:50:38,-70.96,-34.06,77.0,2.6,md,guc
2001-07-29,12:48:37,-72.92,-35.3,11.7,3.7,md,guc
2001-07-29,14:52:31,-71.88,-15.57,33.0,4.4,mb,us
2001-07-29,15:57:15,-71.94,-15.6,33.0,4.2,mb,us
2001-07-29,17:19:41,-70.43,-30.44,114.2,3.7,md,guc
2001-07-29,17:25:10,-70.07,-32.43,114.6,2.6,md,guc
2001-07-29,17:38:46,-68.34,-21.59,131.6,4.3,mb,us
2001-07-29,22:15:39,-73.75,-16.74,30.9,4.4,mb,us
2001-07-29,23:38:21,-72.62,-14.37,33.0,4.2,mb,us
2001-07-30,07:55:25,-70.48,-34.09,106.2,4.6,mb,us
2001-07-30,12:26:49,-72.25,-18.05,33.0,4.3,mb,us
2001-07-30,15:36:13,-69.0,-20.03,116.9,3.8,mb,us
2001-07-30,22:20:54,-69.21,-31.38,117.7,4.4,mb,us
2001-07-31,01:16:59,-70.95,-18.15,100.0,4.7,mb,us
2001-07-31,19:52:47,-71.01,-35.38,114.0,3.2,md,guc
2001-07-31,20:02:26,-71.73,-31.4,61.5,3.3,md,guc
2001-08-01,03:00:16,-72.2,-35.19,33.0,5.0,mb,us
2001-08-01,04:58:45,-72.19,-34.72,10.0,3.7,md,guc
2001-08-01,10:08:52,-70.88,-26.41,45.7,4.3,md,guc
2001-08-01,14:21:54,-69.43,-29.74,143.3,3.4,md,guc
2001-08-01,14:32:20,-73.95,-7.51,180.4,5.4,mwc,hrv
2001-08-01,15:12:33,-71.96,-17.3,33.0,4.1,mb,us
2001-08-01,21:00:25,-71.18,-35.18,100.7,3.3,md,guc
2001-08-01,22:10:15,-104.73,-35.5,10.0,4.8,mb,us
2001-08-02,01:04:28,-70.65,-25.98,33.0,4.6,mb,us
2001-08-02,07:06:58,-69.69,-24.41,74.1,4.0,mb,us
2001-08-02,07:36:18,-73.76,-17.6,33.0,4.3,mb,us
2001-08-02,08:31:02,-70.24,-33.58,105.9,3.8,md,guc
2001-08-02,11:22:40,-70.4,-32.08,117.5,3.3,md,guc
2001-08-02,13:06:00,-120.26,-55.92,10.0,4.0,mb,us
2001-08-02,13:28:48,-71.69,-33.03,46.3,3.8,md,guc
2001-08-02,19:52:54,-70.77,-35.32,0.0,3.5,md,guc
2001-08-02,20:00:49,-71.04,-32.33,72.6,2.8,md,guc
2001-08-03,07:44:51,-71.72,-32.17,22.5,4.7,mb,us
2001-08-03,12:36:53,-69.57,-31.53,149.1,3.2,md,guc
2001-08-04,00:59:46,-66.69,-24.01,202.9,4.1,mb,us
2001-08-04,02:14:40,-72.26,-29.9,42.9,4.2,md,guc
2001-08-04,03:33:02,-63.66,-22.29,519.5,4.1,mb,us
2001-08-04,04:29:34,-72.2,-30.17,17.3,3.8,md,guc
2001-08-04,04:53:05,-68.98,-22.83,98.4,3.8,mb,us
2001-08-04,05:37:03,-69.3,-26.31,33.0,4.6,mb,us
2001-08-04,16:12:30,-71.11,-29.66,15.0,3.8,md,guc
2001-08-04,17:53:38,-71.32,-30.97,66.7,3.2,md,guc
2001-08-04,18:54:48,-71.39,-32.65,45.3,3.6,md,guc
2001-08-04,20:22:17,-68.28,-33.32,33.0,3.4,mb,us
2001-08-05,03:51:41,-68.09,-21.62,137.8,3.5,mb,us
2001-08-05,06:02:48,-70.81,-33.3,62.1,2.7,md,guc
2001-08-05,08:09:04,-71.35,-30.6,74.1,3.2,md,guc
2001-08-05,10:30:35,-74.39,-8.07,158.1,4.0,mb,us
2001-08-05,10:53:55,-71.36,-32.14,27.1,3.7,md,guc
2001-08-05,15:17:31,-63.39,-27.37,573.9,4.3,mb,us
2001-08-05,20:01:09,-123.28,-55.85,10.0,5.4,mwc,hrv
2001-08-06,01:14:24,-72.03,-31.7,4.7,3.9,md,guc
2001-08-06,03:53:00,-123.42,-55.54,10.0,6.7,mwc,hrv
2001-08-06,03:56:10,-123.4,-55.57,10.0,5.6,mb,us
2001-08-06,04:10:13,-123.33,-55.56,10.0,4.7,mb,us
2001-08-06,04:29:46,-123.06,-55.24,10.0,4.6,mb,us
2001-08-06,05:27:17,-70.78,-30.51,89.0,3.9,md,guc
2001-08-06,06:44:00,-69.12,-19.55,33.0,4.8,mb,us
2001-08-06,13:07:27,-71.67,-32.92,46.2,3.5,md,guc
2001-08-06,14:31:59,-71.65,-32.97,45.3,3.6,md,guc
2001-08-06,17:08:46,-75.01,-8.54,136.7,5.4,mwc,hrv
2001-08-06,18:28:51,-70.89,-34.17,86.3,2.3,md,guc
2001-08-07,07:44:30,-69.26,-18.46,33.0,3.8,mb,us
2001-08-07,08:39:54,-72.25,-17.1,33.0,5.2,mwc,hrv
2001-08-07,10:29:18,-68.79,-23.29,99.2,4.3,mb,us
2001-08-07,13:05:30,-109.03,-9.02,10.0,4.7,mb,us
2001-08-08,01:40:47,-70.04,-32.1,128.3,2.9,md,guc
2001-08-08,09:02:34,-72.49,-17.02,33.0,4.8,mb,us
2001-08-08,21:58:39,-71.61,-32.94,39.3,3.5,md,guc
2001-08-09,02:07:00,-72.68,-14.26,33.0,5.8,mwc,hrv
2001-08-09,03:33:45,-69.43,-18.17,112.6,5.6,mwc,hrv
2001-08-09,06:45:37,-72.07,-15.62,33.0,5.2,mwc,hrv
2001-08-09,07:46:09,-70.53,-15.33,203.7,4.1,mb,us
2001-08-09,13:13:05,-99.9,-36.34,10.0,4.6,mb,us
2001-08-09,16:59:44,-69.97,-27.9,85.3,4.6,mb,us
2001-08-09,20:47:21,-69.14,-19.68,55.4,4.0,mb,us
2001-08-10,02:19:46,-71.6,-32.37,42.2,3.9,md,guc
2001-08-10,02:22:55,-71.59,-32.37,42.3,3.9,md,guc
2001-08-10,04:33:04,-69.89,-31.98,132.0,4.0,md,guc
2001-08-10,07:49:22,-71.48,-29.35,47.0,4.0,md,guc
2001-08-10,09:34:05,-71.59,-32.37,41.3,4.2,mb,us
2001-08-10,11:40:36,-123.56,-55.48,10.0,4.5,mb,us
2001-08-10,13:21:47,-123.68,-55.53,10.0,5.3,mwc,hrv
2001-08-10,15:20:44,-123.64,-55.48,10.0,4.1,mb,us
2001-08-10,17:36:23,-72.35,-33.38,33.0,4.5,mb,us
2001-08-10,17:39:44,-72.66,-14.33,33.0,5.4,mwc,hrv
2001-08-10,19:30:18,-70.29,-31.65,125.0,3.3,md,guc
2001-08-10,21:17:23,-71.36,-31.84,52.1,4.7,mb,us
2001-08-10,23:49:36,-111.67,-13.54,10.0,5.2,mwc,hrv
2001-08-11,04:47:59,-66.59,-21.48,247.5,3.7,mb,us
2001-08-11,06:44:29,-71.21,-17.9,37.1,5.4,mwc,hrv
2001-08-11,07:10:38,-73.31,-17.11,33.0,4.4,mb,us
2001-08-11,13:26:32,-73.71,-16.36,33.0,4.7,mb,us
2001-08-11,13:50:21,-70.16,-15.0,55.1,4.3,mb,us
2001-08-11,14:31:26,-72.32,-33.47,1.8,3.9,md,guc
2001-08-11,17:12:14,-69.34,-18.15,62.5,3.9,mb,us
2001-08-12,00:16:31,-69.97,-16.72,33.0,5.2,mwc,hrv
2001-08-12,02:42:42,-80.62,-5.44,33.0,4.3,mb,us
2001-08-12,04:59:01,-71.12,-28.17,56.6,4.6,md,guc
2001-08-12,06:14:16,-68.4,-22.09,112.5,4.7,mb,us
2001-08-12,06:20:09,-73.04,-32.85,20.7,4.0,md,guc
2001-08-12,08:44:14,-79.23,-9.61,33.0,4.1,mb,us
2001-08-12,09:11:25,-69.24,-31.66,111.3,3.5,mb,us
2001-08-12,19:05:30,-70.87,-33.7,77.8,2.5,md,guc
2001-08-12,22:00:35,-68.81,-28.2,87.4,4.2,mb,us
2001-08-12,22:14:08,-71.45,-32.04,33.3,3.4,md,guc
2001-08-12,22:15:03,-67.58,-31.87,52.2,3.8,mb,us
2001-08-12,22:55:42,-71.6,-32.66,54.0,3.5,md,guc
2001-08-13,06:33:42,-71.36,-34.02,60.8,3.2,md,guc
2001-08-13,08:39:58,-71.94,-17.39,78.8,4.4,mb,us
2001-08-13,14:02:07,-69.46,-16.55,194.0,3.6,mb,us
2001-08-13,16:16:10,-71.19,-27.88,33.0,4.3,mb,us
2001-08-13,22:43:39,-71.27,-31.73,55.0,3.5,md,guc
2001-08-14,02:56:23,-69.62,-31.52,155.2,3.1,md,guc
2001-08-14,04:07:12,-124.02,-55.44,10.0,4.3,mb,us
2001-08-14,07:35:35,-73.84,-16.2,33.0,4.7,mb,us
2001-08-14,11:44:42,-69.76,-31.54,136.8,3.1,md,guc
2001-08-14,15:33:04,-72.5,-35.38,10.0,3.7,md,guc
2001-08-14,20:34:22,-71.36,-35.53,98.7,2.8,md,guc
2001-08-14,22:42:40,-71.41,-32.32,31.4,4.2,md,guc
2001-08-14,23:33:56,-71.61,-32.44,45.4,3.0,md,guc
2001-08-15,00:22:32,-69.8,-32.03,140.5,3.1,md,guc
2001-08-15,02:03:12,-71.42,-33.8,51.3,3.5,md,guc
2001-08-15,14:07:57,-72.18,-34.02,12.2,3.8,md,guc
2001-08-15,17:01:27,-71.09,-35.03,97.5,2.4,md,guc
2001-08-15,18:20:56,-72.44,-32.8,27.8,3.5,md,guc
2001-08-15,21:46:06,-69.0,-31.19,200.0,3.8,md,guc
2001-08-15,22:16:47,-71.66,-31.77,26.5,4.3,md,guc
2001-08-15,22:46:51,-71.99,-34.66,15.8,3.8,md,guc
2001-08-16,00:53:07,-70.21,-17.03,33.0,4.2,mb,us
2001-08-16,02:14:50,-69.8,-31.9,122.5,4.8,mb,us
2001-08-16,08:02:55,-70.07,-32.54,130.2,2.9,md,guc
2001-08-16,14:08:46,-69.94,-31.89,128.9,3.3,md,guc
2001-08-16,19:18:13,-68.02,-22.69,138.8,4.0,mb,us
2001-08-17,05:22:37,-66.94,-23.5,243.9,4.1,mb,us
2001-08-17,08:29:05,-123.95,-55.4,10.0,4.4,mb,us
2001-08-17,12:04:23,-70.21,-33.7,114.1,2.3,md,guc
2001-08-17,13:17:58,-70.68,-33.64,78.7,2.4,md,guc
2001-08-17,13:22:18,-69.81,-32.66,117.1,4.3,mb,us
2001-08-17,18:42:27,-73.32,-16.4,76.6,4.5,mb,us
2001-08-18,00:57:09,-71.47,-32.37,37.8,3.4,md,guc
2001-08-18,01:42:46,-71.58,-32.66,4.4,3.3,md,guc
2001-08-18,02:54:21,-70.22,-31.51,130.9,3.1,md,guc
2001-08-18,10:51:10,-70.42,-34.05,106.9,3.5,md,guc
2001-08-18,17:23:49,-77.18,-10.02,130.1,3.9,mb,us
2001-08-18,22:03:30,-71.88,-31.75,6.2,3.8,md,guc
2001-08-19,03:31:00,-69.11,-32.57,158.5,3.4,md,guc
2001-08-19,10:53:52,-71.21,-37.28,177.8,3.3,md,guc
2001-08-19,21:43:58,-71.89,-31.73,4.7,3.9,md,guc
2001-08-20,02:28:27,-71.74,-31.3,19.1,3.6,md,guc
2001-08-20,04:59:48,-70.8,-32.62,79.3,3.2,md,guc
2001-08-20,07:31:30,-73.52,-17.1,33.0,4.6,mb,us
2001-08-20,11:31:25,-70.23,-17.0,33.0,4.4,mb,us
2001-08-20,18:42:12,-70.92,-32.97,68.8,3.0,md,guc
2001-08-20,22:24:28,-73.04,-32.53,19.6,3.8,md,guc
2001-08-21,01:10:24,-56.87,-60.56,33.0,4.7,mb,us
2001-08-21,05:10:48,-73.1,-32.65,20.2,3.8,md,guc
2001-08-21,06:47:34,-69.41,-31.54,178.6,3.5,md,guc
2001-08-21,08:31:18,-70.81,-35.77,124.3,3.2,md,guc
2001-08-21,12:01:05,-70.39,-35.24,21.9,3.7,md,guc
2001-08-21,20:24:49,-70.8,-32.29,80.3,3.1,md,guc
2001-08-21,21:24:58,-69.98,-28.66,37.2,3.9,md,guc
2001-08-22,00:31:12,-71.81,-34.87,46.9,4.2,md,guc
2001-08-22,08:54:57,-71.88,-32.51,10.1,3.4,md,guc
2001-08-22,13:13:49,-70.16,-32.77,107.4,2.8,md,guc
2001-08-22,13:21:15,-72.3,-33.13,33.9,3.7,md,guc
2001-08-22,17:59:43,-71.97,-30.42,33.0,4.3,md,guc
2001-08-22,23:13:55,-71.18,-29.69,53.8,4.7,mb,us
2001-08-23,00:38:07,-71.33,-32.9,45.5,4.3,md,guc
2001-08-23,04:30:26,-68.5,-21.3,123.8,4.5,mb,us
2001-08-23,09:23:56,-72.14,-33.06,8.2,3.9,md,guc
2001-08-23,10:47:36,-69.11,-31.26,196.7,2.8,md,guc
2001-08-23,13:50:10,-72.38,-33.04,22.5,3.7,md,guc
2001-08-23,18:10:00,-65.35,-61.66,10.0,4.7,mb,us
2001-08-24,07:12:42,-71.51,-28.72,37.2,4.3,md,guc
2001-08-24,09:18:45,-71.86,-32.7,25.6,4.6,mb,us
2001-08-24,17:22:47,-71.29,-30.97,62.1,3.3,md,guc
2001-08-24,18:35:58,-68.02,-23.53,118.4,4.7,mb,us
2001-08-24,21:32:59,-71.59,-32.63,2.0,3.5,md,guc
2001-08-25,04:15:50,-71.18,-31.91,84.5,3.5,md,guc
2001-08-25,12:33:08,-71.62,-31.08,67.2,3.7,mb,us
2001-08-25,20:10:00,-71.5,-32.42,0.0,3.7,md,guc
2001-08-26,04:08:21,-71.82,-32.48,27.0,4.0,md,guc
2001-08-26,12:18:35,-68.41,-31.98,115.0,4.0,mb,us
2001-08-26,13:39:43,-69.66,-31.49,158.4,4.1,md,guc
2001-08-26,16:48:31,-71.69,-31.78,34.9,4.1,md,guc
2001-08-26,17:12:55,-73.84,-17.02,33.0,3.8,mb,us
2001-08-26,17:38:13,-70.35,-34.1,111.8,3.1,md,guc
2001-08-26,17:45:34,-66.52,-23.06,210.4,4.4,mb,us
2001-08-27,01:18:02,-71.1,-32.2,59.6,3.6,md,guc
2001-08-27,07:51:24,-68.67,-25.1,93.9,3.7,mb,us
2001-08-28,06:56:09,-70.11,-21.72,65.6,5.9,mwb,us
2001-08-28,09:32:44,-70.68,-15.4,56.3,4.5,mb,us
2001-08-28,09:38:01,-90.73,-41.5,10.0,5.6,mwc,hrv
2001-08-28,23:13:40,-109.18,-8.96,10.0,4.4,mb,us
2001-08-29,10:50:24,-74.24,-8.45,173.5,4.1,mb,us
2001-08-29,14:56:54,-71.7,-30.77,14.5,4.0,md,guc
2001-08-29,18:02:48,-69.03,-31.5,114.0,3.9,md,guc
2001-08-29,23:41:48,-70.63,-32.85,87.7,2.9,md,guc
2001-08-30,00:12:56,-73.95,-11.14,33.0,4.3,mb,us
2001-08-30,05:32:53,-71.68,-32.42,52.6,4.1,mb,us
2001-08-30,13:27:03,-68.99,-31.56,205.5,3.7,md,guc
2001-08-30,13:39:06,-70.45,-34.14,11.3,3.6,md,guc
2001-08-31,01:22:16,-66.75,-18.47,260.7,4.7,mb,us
2001-08-31,01:37:56,-71.72,-32.76,21.3,3.7,md,guc
2001-08-31,01:54:08,-73.78,-16.26,33.0,4.0,mb,us
2001-08-31,04:43:27,-71.27,-32.57,26.2,4.0,md,guc
2001-08-31,08:10:22,-70.92,-34.89,108.3,3.0,md,guc
2001-08-31,09:51:05,-72.99,-32.28,33.0,4.1,md,guc
2001-08-31,13:16:57,-71.47,-35.27,102.1,2.2,md,guc
2001-08-31,18:37:57,-73.05,-32.79,16.4,3.6,md,guc
2001-08-31,19:30:15,-71.75,-31.72,33.2,3.7,md,guc
2001-09-01,12:50:09,-111.97,-33.65,10.0,4.6,mb,us
2001-09-01,14:56:02,-71.14,-33.99,74.4,4.2,md,guc
2001-09-01,15:13:24,-72.37,-34.72,23.8,3.9,md,guc
2001-09-01,17:13:42,-71.75,-31.57,11.0,3.9,md,guc
2001-09-01,18:46:00,-70.54,-34.53,122.1,3.2,md,guc
2001-09-01,21:41:50,-70.06,-34.18,3.0,3.7,md,guc
2001-09-02,03:32:31,-75.16,-15.75,33.0,4.0,mb,us
2001-09-02,05:17:10,-70.51,-16.54,33.0,3.8,mb,us
2001-09-02,09:31:37,-72.09,-17.68,33.0,5.4,mwc,hrv
2001-09-02,19:13:43,-71.74,-32.72,27.9,4.0,md,guc
2001-09-02,20:13:13,-70.67,-34.52,98.7,3.4,md,guc
2001-09-02,21:43:21,-74.67,-15.82,33.0,4.2,mb,us
2001-09-02,22:28:28,-71.32,-30.41,57.6,4.1,md,guc
2001-09-03,02:37:44,-71.54,-33.26,33.9,3.6,md,guc
2001-09-03,03:34:20,-69.0,-30.61,5.0,3.9,md,guc
2001-09-03,07:33:08,-70.92,-34.0,74.7,3.5,md,guc
2001-09-03,13:09:04,-71.26,-30.84,61.8,4.1,mb,us
2001-09-03,13:28:50,-70.45,-32.43,6.6,3.9,md,guc
2001-09-03,13:47:23,-70.53,-31.78,119.6,3.5,md,guc
2001-09-03,14:06:19,-70.43,-32.45,10.5,3.8,md,guc
2001-09-03,16:31:06,-71.06,-35.43,100.1,3.3,md,guc
2001-09-03,17:23:42,-66.37,-22.76,225.0,4.4,mb,us
2001-09-03,17:41:20,-71.53,-33.25,28.7,3.3,md,guc
2001-09-03,19:14:30,-70.59,-34.27,108.8,2.6,md,guc
2001-09-04,16:49:32,-71.46,-33.08,51.7,3.1,md,guc
2001-09-04,19:32:25,-71.65,-32.92,45.7,3.4,md,guc
2001-09-04,20:30:34,-69.3,-31.33,150.0,3.6,md,guc
2001-09-05,02:09:14,-70.2,-30.71,158.5,3.5,md,guc
2001-09-05,03:23:17,-71.58,-29.52,61.9,4.5,mb,us
2001-09-05,10:27:38,-71.41,-29.67,69.4,3.9,md,guc
2001-09-06,01:10:42,-69.95,-22.88,71.2,4.3,mb,us
2001-09-06,02:54:00,-71.13,-34.64,72.8,3.5,md,guc
2001-09-06,21:15:04,-69.95,-32.87,104.7,3.0,md,guc
2001-09-07,04:51:11,-68.0,-31.21,98.3,4.1,md,guc
2001-09-07,10:32:08,-71.37,-32.92,45.4,3.9,md,guc
2001-09-07,18:50:29,-69.86,-31.76,139.9,3.3,md,guc
2001-09-07,23:51:44,-68.86,-25.72,101.1,4.0,mb,us
2001-09-08,22:59:21,-68.64,-24.09,97.0,4.6,mb,us
2001-09-09,05:44:03,-71.62,-32.48,1.5,4.0,md,guc
2001-09-09,07:47:27,-66.98,-23.97,184.7,3.9,mb,us
2001-09-09,10:44:31,-70.36,-33.22,99.8,4.2,md,guc
2001-09-09,11:56:00,-69.56,-19.78,53.8,4.1,mb,us
2001-09-09,13:18:44,-71.41,-17.84,42.2,4.6,mb,us
2001-09-09,23:41:14,-67.03,-24.19,174.1,3.9,mb,us
2001-09-10,11:00:00,-71.72,-32.19,36.0,3.5,md,guc
2001-09-10,14:52:48,-82.4,-43.81,10.0,4.8,mb,us
2001-09-12,04:47:10,-67.1,-18.86,239.3,4.1,mb,us
2001-09-12,14:32:24,-72.06,-35.53,15.0,4.6,mb,us
2001-09-13,09:21:34,-84.7,-41.52,10.0,5.0,mwc,hrv
2001-09-13,09:34:04,-71.4,-35.46,91.7,3.3,md,guc
2001-09-13,20:21:39,-66.83,-24.33,165.5,4.9,mb,us
2001-09-14,06:19:28,-71.64,-31.18,45.6,4.7,mb,us
2001-09-14,08:33:58,-72.01,-33.28,12.0,4.3,md,guc
2001-09-14,09:08:12,-72.03,-33.3,31.7,4.3,mb,us
2001-09-14,11:26:31,-71.97,-33.3,12.2,4.1,md,guc
2001-09-14,17:08:39,-72.98,-14.27,46.7,4.2,mb,us
2001-09-14,19:20:42,-71.32,-33.48,58.7,2.3,md,guc
2001-09-15,13:58:12,-68.22,-23.18,112.5,5.2,mwc,hrv
2001-09-16,13:16:52,-71.06,-27.3,40.4,4.0,mb,us
2001-09-16,18:02:32,-72.48,-34.03,31.0,4.5,md,guc
2001-09-16,18:16:59,-72.28,-34.03,1.2,4.4,md,guc
2001-09-16,18:24:10,-72.37,-34.03,0.0,3.8,md,guc
2001-09-16,18:28:05,-72.42,-34.01,30.2,4.2,md,guc
2001-09-16,18:34:45,-72.29,-34.03,0.0,3.6,md,guc
2001-09-16,18:38:28,-72.65,-34.1,0.0,3.8,md,guc
2001-09-16,18:56:28,-72.33,-34.0,0.0,3.8,md,guc
2001-09-16,19:02:38,-72.37,-34.0,0.0,3.9,md,guc
2001-09-16,21:29:30,-73.58,-16.65,32.8,3.9,mb,us
2001-09-17,08:41:25,-72.0,-33.31,26.3,3.7,md,guc
2001-09-17,09:09:49,-72.46,-34.05,10.0,4.1,md,guc
2001-09-17,10:14:38,-72.42,-33.98,30.5,3.7,md,guc
2001-09-17,11:39:22,-70.11,-33.32,8.1,4.4,md,guc
2001-09-17,14:25:04,-67.56,-31.58,33.0,3.6,mb,us
2001-09-17,16:43:40,-109.52,-9.0,10.0,5.5,mwc,hrv
2001-09-17,20:39:08,-67.21,-22.03,173.5,4.4,mb,us
2001-09-18,00:20:21,-69.65,-16.32,179.5,4.3,mb,us
2001-09-18,03:07:50,-73.12,-16.87,33.0,3.8,mb,us
2001-09-19,00:33:45,-73.09,-32.67,19.4,4.2,md,guc
2001-09-19,05:50:33,-71.36,-15.44,165.9,4.3,mb,us
2001-09-19,08:15:22,-69.68,-32.29,141.6,3.4,md,guc
2001-09-20,02:43:38,-66.93,-29.93,33.0,4.1,mb,us
2001-09-20,03:07:30,-69.44,-19.61,33.0,4.2,mb,us
2001-09-20,04:12:06,-70.97,-32.35,73.6,3.0,md,guc
2001-09-20,12:37:35,-107.14,-26.81,10.0,4.6,mb,us
2001-09-20,20:17:53,-68.37,-21.7,114.1,4.3,mb,us
2001-09-21,00:58:09,-79.76,-8.85,33.0,4.3,mb,us
2001-09-21,07:57:51,-112.08,-22.88,10.0,4.4,mb,us
2001-09-21,09:15:00,-68.66,-31.2,114.9,4.0,mb,us
2001-09-21,22:33:06,-111.92,-23.72,10.0,4.7,mb,us
2001-09-22,07:59:36,-71.14,-35.18,102.4,3.2,md,guc
2001-09-22,12:51:33,-72.26,-17.48,49.4,4.1,mb,us
2001-09-22,16:18:21,-68.42,-21.85,122.0,4.4,mb,us
2001-09-22,21:03:51,-72.56,-33.4,33.6,3.8,md,guc
2001-09-22,23:42:24,-70.4,-33.82,15.1,3.7,md,guc
2001-09-23,02:01:37,-67.02,-23.97,175.1,4.1,mb,us
2001-09-23,13:03:41,-73.07,-31.55,33.0,3.6,mb,us
2001-09-23,21:04:18,-74.58,-7.57,135.6,4.3,mb,us
2001-09-23,21:08:05,-74.45,-7.83,162.2,4.1,mb,us
2001-09-24,01:56:49,-70.72,-33.59,80.6,4.1,md,guc
2001-09-24,06:07:04,-69.93,-32.92,119.1,3.3,md,guc
2001-09-25,02:46:13,-67.14,-23.59,232.6,4.1,mb,us
2001-09-25,08:09:54,-71.35,-32.72,45.8,3.4,md,guc
2001-09-25,08:12:03,-71.7,-32.12,51.0,4.0,mb,us
2001-09-25,10:07:58,-70.24,-34.82,159.1,3.0,md,guc
2001-09-25,13:48:04,-70.42,-34.35,114.6,3.2,md,guc
2001-09-25,22:27:20,-73.92,-16.28,54.3,4.4,mb,us
2001-09-25,23:22:45,-81.58,-7.28,33.0,4.7,mb,us
2001-09-26,01:11:37,-69.64,-31.86,117.0,3.7,md,guc
2001-09-26,02:30:05,-71.03,-32.94,63.5,3.8,md,guc
2001-09-26,09:45:29,-71.89,-36.68,127.4,3.4,md,guc
2001-09-26,15:40:17,-70.2,-33.25,112.3,2.6,md,guc
2001-09-26,17:37:43,-72.56,-33.48,0.0,4.2,md,guc
2001-09-26,20:08:13,-71.7,-30.64,8.0,4.2,md,guc
2001-09-26,20:11:51,-67.28,-27.33,154.6,4.8,mb,us
2001-09-26,21:13:15,-70.99,-33.99,74.6,3.5,md,guc
2001-09-26,22:19:02,-72.32,-33.17,37.8,3.2,md,guc
2001-09-27,00:37:18,-71.8,-31.26,27.4,3.9,md,guc
2001-09-27,01:57:36,-69.49,-31.71,115.8,4.2,mb,us
2001-09-27,02:41:30,-71.72,-32.69,15.0,3.3,md,guc
2001-09-27,07:03:03,-72.41,-33.48,33.7,3.5,md,guc
2001-09-27,07:08:52,-71.87,-33.2,27.8,3.3,md,guc
2001-09-27,09:20:39,-69.69,-28.41,86.8,3.9,md,guc
2001-09-27,12:00:35,-70.08,-33.95,3.3,3.3,md,guc
2001-09-27,19:05:37,-72.02,-33.41,25.0,4.2,md,guc
2001-09-27,19:18:37,-72.0,-33.41,10.4,3.4,md,guc
2001-09-27,23:01:48,-70.47,-33.94,11.1,3.5,md,guc
2001-09-28,00:01:33,-71.08,-33.71,68.0,2.9,md,guc
2001-09-28,03:55:35,-70.68,-33.58,54.5,3.7,md,guc
2001-09-28,07:30:01,-70.35,-31.63,125.8,3.8,md,guc
2001-09-28,14:35:40,-71.43,-32.07,52.7,4.5,md,guc
2001-09-28,19:53:16,-69.97,-32.35,116.4,3.2,md,guc
2001-09-28,19:58:18,-70.26,-33.14,3.7,3.9,md,guc
2001-09-28,22:47:16,-70.21,-32.5,102.9,3.1,md,guc
2001-09-29,04:16:20,-71.01,-33.87,65.6,2.7,md,guc
2001-09-29,05:49:38,-72.29,-33.27,3.2,4.2,md,guc
2001-09-29,07:58:30,-111.85,-23.64,10.0,4.9,mb,us
2001-09-29,08:08:33,-111.95,-23.72,10.0,4.9,mb,us
2001-09-29,08:48:51,-111.74,-23.63,10.0,4.7,mb,us
2001-09-29,11:24:56,-70.75,-34.2,82.7,2.7,md,guc
2001-09-29,13:04:38,-69.99,-23.1,66.8,4.4,mb,us
2001-09-29,14:37:36,-75.85,-14.99,33.0,4.2,mb,us
2001-09-29,16:16:27,-71.8,-32.59,38.7,3.4,md,guc
2001-09-29,16:41:14,-73.02,-11.16,33.0,4.3,mb,us
2001-09-30,02:02:50,-70.94,-33.99,76.8,3.3,md,guc
2001-09-30,02:50:07,-72.78,-14.8,100.0,4.3,mb,us
2001-09-30,05:53:37,-69.58,-31.93,120.2,3.9,md,guc
2001-09-30,06:03:33,-113.56,-22.54,10.0,5.6,mwc,hrv
2001-09-30,07:17:49,-70.33,-34.94,33.0,3.6,md,guc
2001-09-30,10:00:14,-71.51,-31.74,35.8,3.7,md,guc
2001-09-30,10:53:35,-70.24,-34.73,0.0,3.8,md,guc
2001-09-30,13:09:49,-63.28,-18.27,33.0,3.4,mb,us
2001-09-30,22:07:42,-69.69,-31.62,100.0,3.8,md,guc
2001-10-01,11:06:27,-72.38,-16.1,100.0,4.1,mb,us
2001-10-01,11:20:20,-72.35,-33.15,33.6,3.4,md,guc
2001-10-01,19:18:02,-72.72,-33.72,33.9,3.6,md,guc
2001-10-01,20:08:35,-70.57,-33.7,95.0,2.5,md,guc
2001-10-01,23:08:09,-69.76,-31.71,150.0,3.5,md,guc
2001-10-02,03:02:19,-71.33,-32.87,44.1,4.1,md,guc
2001-10-02,08:55:08,-70.96,-35.01,109.7,3.9,md,guc
2001-10-02,14:21:58,-71.06,-36.14,170.2,3.4,md,guc
2001-10-03,00:54:17,-70.06,-33.91,1.8,3.7,md,guc
2001-10-03,04:29:26,-66.71,-24.09,180.6,4.9,mb,us
2001-10-03,13:53:31,-69.83,-35.99,172.3,4.1,mb,us
2001-10-03,19:29:13,-68.34,-19.74,149.3,4.3,mb,us
2001-10-04,00:44:20,-71.26,-27.4,37.4,4.5,md,guc
2001-10-04,00:49:14,-75.8,-43.1,33.0,4.7,mb,us
2001-10-04,01:51:13,-67.94,-32.2,237.0,3.6,md,guc
2001-10-04,08:47:24,-72.12,-32.97,15.0,3.8,md,guc
2001-10-04,14:33:00,-72.27,-37.2,130.2,3.6,md,guc
2001-10-04,15:45:52,-70.05,-34.09,3.0,3.3,md,guc
2001-10-05,00:38:00,-72.04,-33.59,27.5,3.7,md,guc
2001-10-05,08:24:04,-115.09,-23.48,10.0,4.7,mb,us
2001-10-05,11:57:19,-70.5,-34.41,105.1,3.6,md,guc
2001-10-05,16:54:55,-79.45,-8.71,47.5,4.9,mb,us
2001-10-05,17:36:29,-69.93,-19.15,78.1,4.4,mb,us
2001-10-05,22:29:29,-82.62,-42.26,10.0,4.2,mb,us
2001-10-05,22:31:25,-83.55,-42.73,10.0,4.3,mb,us
2001-10-05,22:48:28,-83.46,-42.78,10.0,4.8,mb,us
2001-10-05,22:53:52,-83.41,-42.73,10.0,5.4,mwc,hrv
2001-10-05,23:19:12,-83.41,-42.72,10.0,5.0,mb,us
2001-10-06,00:39:23,-71.57,-30.77,26.6,4.2,md,guc
2001-10-06,00:46:40,-71.15,-35.17,102.7,2.5,md,guc
2001-10-06,12:12:36,-69.16,-31.64,162.3,3.5,md,guc
2001-10-06,16:54:40,-71.51,-32.66,23.8,3.5,md,guc
2001-10-06,19:50:51,-68.84,-20.33,120.3,4.2,mb,us
2001-10-07,02:38:36,-70.06,-31.72,144.5,2.9,md,guc
2001-10-07,08:27:06,-70.22,-33.05,112.8,3.0,md,guc
2001-10-07,09:15:31,-68.8,-31.45,0.0,4.0,md,guc
2001-10-07,11:04:35,-65.46,-25.91,46.0,4.6,mb,us
2001-10-07,14:10:54,-71.52,-30.96,50.7,4.3,md,guc
2001-10-07,20:06:15,-70.65,-34.07,101.5,2.7,md,guc
2001-10-07,22:44:29,-71.78,-30.33,29.0,4.1,md,guc
2001-10-08,00:59:13,-71.82,-32.14,7.9,3.5,md,guc
2001-10-08,02:34:14,-71.17,-35.07,81.9,3.4,md,guc
2001-10-08,17:05:12,-69.21,-31.48,100.0,4.0,md,guc
2001-10-08,17:55:13,-73.08,-11.37,33.0,4.0,mb,us
2001-10-08,23:22:45,-71.19,-35.25,106.5,3.0,md,guc
2001-10-09,01:45:04,-70.68,-31.95,94.9,3.8,md,guc
2001-10-09,02:23:42,-73.08,-32.71,18.4,3.3,md,guc
2001-10-09,04:30:37,-68.25,-31.33,218.2,3.5,md,guc
2001-10-09,09:28:42,-71.49,-29.45,19.6,4.2,md,guc
2001-10-09,10:34:22,-68.83,-25.92,121.5,4.5,mb,us
2001-10-09,11:41:23,-73.07,-32.75,34.3,4.2,md,guc
2001-10-09,18:38:15,-72.6,-36.49,93.9,3.6,md,guc
2001-10-09,20:20:59,-70.23,-32.3,116.8,2.7,md,guc
2001-10-09,21:52:48,-71.61,-34.15,53.6,3.5,md,guc
2001-10-10,02:17:42,-70.6,-35.12,3.0,3.9,md,guc
2001-10-10,02:57:06,-70.92,-34.08,78.5,3.2,md,guc
2001-10-10,05:43:53,-71.64,-31.36,8.2,3.9,md,guc
2001-10-10,08:39:45,-71.02,-33.01,66.7,2.8,md,guc
2001-10-10,10:01:11,-70.64,-34.53,107.4,3.5,md,guc
2001-10-10,13:14:25,-70.88,-31.51,64.3,4.2,md,guc
2001-10-10,13:26:23,-70.37,-32.97,106.4,3.1,md,guc
2001-10-10,15:16:52,-73.07,-32.84,13.6,3.6,md,guc
2001-10-10,15:22:21,-73.96,-15.61,86.3,4.4,mb,us
2001-10-10,17:15:58,-71.38,-29.81,66.0,3.9,md,guc
2001-10-10,20:26:22,-70.39,-34.3,98.5,3.1,md,guc
2001-10-10,22:49:17,-71.75,-32.69,29.9,3.7,md,guc
2001-10-10,23:43:38,-70.15,-33.07,108.3,2.9,md,guc
2001-10-11,04:10:44,-70.55,-35.19,0.0,3.7,md,guc
2001-10-11,06:15:52,-69.24,-25.98,94.9,4.5,mb,us
2001-10-11,10:36:32,-71.02,-35.47,103.8,3.2,md,guc
2001-10-11,19:46:33,-68.7,-23.28,95.2,4.3,mb,us
2001-10-12,00:39:55,-66.83,-24.17,201.2,5.5,mwc,hrv
2001-10-12,03:12:28,-70.09,-33.33,116.6,2.9,md,guc
2001-10-12,03:17:16,-67.26,-22.03,179.3,4.0,mb,us
2001-10-12,04:21:32,-69.74,-33.3,3.8,5.3,mwc,hrv
2001-10-12,04:33:00,-69.7,-33.33,0.0,4.7,mb,us
2001-10-12,04:38:37,-69.78,-33.3,2.7,3.7,md,guc
2001-10-12,04:55:22,-69.79,-33.31,0.0,3.8,md,guc
2001-10-12,05:08:15,-69.78,-33.33,0.0,3.7,md,guc
2001-10-12,05:22:18,-69.76,-33.3,1.6,3.7,md,guc
2001-10-12,05:34:09,-69.81,-33.3,0.0,3.9,md,guc
2001-10-12,06:20:50,-69.81,-33.32,0.0,3.7,md,guc
2001-10-12,06:35:24,-69.81,-33.28,3.3,3.7,md,guc
2001-10-12,06:50:15,-69.79,-33.29,5.8,3.7,md,guc
2001-10-12,07:04:47,-69.79,-33.32,0.0,4.0,md,guc
2001-10-12,07:12:13,-69.76,-33.3,1.5,3.8,md,guc
2001-10-12,08:24:03,-69.79,-33.28,1.7,3.8,md,guc
2001-10-12,08:32:21,-69.79,-33.32,0.0,4.0,md,guc
2001-10-12,08:59:52,-69.8,-33.31,0.0,3.7,md,guc
2001-10-12,09:06:40,-70.24,-33.36,109.0,3.6,md,guc
2001-10-12,09:24:16,-69.8,-33.31,3.3,4.0,md,guc
2001-10-12,09:30:06,-69.82,-33.31,0.0,3.9,md,guc
2001-10-12,10:55:50,-69.89,-31.89,118.2,4.8,mb,us
2001-10-12,11:08:36,-71.43,-32.51,39.8,3.7,md,guc
2001-10-12,11:28:43,-71.2,-34.02,65.5,2.9,md,guc
2001-10-12,11:46:18,-69.83,-33.34,0.0,3.7,md,guc
2001-10-12,12:41:57,-69.78,-33.3,4.0,3.7,md,guc
2001-10-12,13:00:29,-69.81,-33.31,6.5,4.0,md,guc
2001-10-12,13:06:48,-69.81,-33.31,5.4,4.1,md,guc
2001-10-12,13:28:43,-69.59,-15.86,227.5,4.2,mb,us
2001-10-12,14:45:43,-71.19,-33.3,67.8,2.9,md,guc
2001-10-12,15:07:04,-69.78,-33.28,6.6,3.5,md,guc
2001-10-12,17:04:20,-69.84,-33.3,7.8,3.3,md,guc
2001-10-12,19:18:37,-68.4,-31.85,116.3,4.1,mb,us
2001-10-12,20:10:06,-70.38,-30.83,128.2,4.0,md,guc
2001-10-12,20:21:20,-69.8,-33.28,0.6,3.7,md,guc
2001-10-12,21:13:24,-69.78,-33.29,3.0,3.8,md,guc
2001-10-13,00:28:05,-69.79,-33.29,5.2,3.6,md,guc
2001-10-13,00:31:22,-70.79,-17.29,28.5,4.8,mb,us
2001-10-13,05:03:08,-71.8,-32.63,23.0,3.4,md,guc
2001-10-13,07:05:24,-69.82,-33.31,4.4,3.3,md,guc
2001-10-13,07:06:15,-69.85,-33.29,2.0,4.0,md,guc
2001-10-13,07:32:44,-70.25,-34.73,0.4,3.4,md,guc
2001-10-13,07:41:39,-70.21,-33.88,119.7,2.5,md,guc
2001-10-13,07:55:01,-71.28,-32.34,75.9,3.5,md,guc
2001-10-13,10:27:58,-69.77,-33.33,5.1,3.6,md,guc
2001-10-13,10:56:01,-69.8,-33.3,4.4,3.3,md,guc
2001-10-13,11:25:44,-69.8,-33.29,3.9,3.8,md,guc
2001-10-13,12:22:38,-69.77,-33.34,2.1,4.0,md,guc
2001-10-13,12:23:52,-72.6,-17.5,33.0,4.0,mb,us
2001-10-13,18:25:35,-69.81,-33.29,5.4,3.1,md,guc
2001-10-13,19:53:52,-71.92,-35.88,91.1,3.3,md,guc
2001-10-13,20:00:35,-69.46,-24.29,80.9,4.4,mb,us
2001-10-14,01:08:12,-69.76,-33.28,6.5,3.6,md,guc
2001-10-14,02:48:09,-71.26,-33.79,66.8,2.4,md,guc
2001-10-14,04:24:03,-69.75,-33.29,6.2,3.4,md,guc
2001-10-14,08:51:34,-69.82,-33.28,5.0,3.5,md,guc
2001-10-14,12:11:28,-70.09,-34.01,2.9,3.9,md,guc
2001-10-14,12:29:42,-70.03,-34.03,2.4,3.6,md,guc
2001-10-14,12:41:06,-69.81,-33.29,6.6,4.4,md,guc
2001-10-14,14:05:26,-73.1,-35.2,38.7,3.8,mb,us
2001-10-14,14:16:53,-89.06,-41.33,10.0,4.4,mb,us
2001-10-14,14:31:18,-73.09,-32.72,23.2,3.8,md,guc
2001-10-14,14:53:43,-69.82,-33.29,1.5,4.1,md,guc
2001-10-14,14:58:46,-69.76,-33.31,2.4,3.7,md,guc
2001-10-14,15:41:05,-70.06,-34.04,4.5,3.7,md,guc
2001-10-14,15:44:18,-124.29,-55.76,10.0,5.7,mwc,hrv
2001-10-14,16:37:49,-69.83,-33.3,5.1,3.9,md,guc
2001-10-14,17:28:34,-69.8,-33.28,6.2,3.0,md,guc
2001-10-14,17:42:30,-69.78,-33.3,5.0,3.4,md,guc
2001-10-15,03:59:19,-71.65,-31.93,32.7,3.6,md,guc
2001-10-15,05:10:34,-70.08,-34.01,95.4,2.6,md,guc
2001-10-15,05:50:40,-69.81,-33.28,4.1,3.7,md,guc
2001-10-15,08:02:42,-70.17,-34.86,4.8,3.6,md,guc
2001-10-15,11:46:48,-72.07,-34.08,3.5,3.6,md,guc
2001-10-15,12:14:40,-113.61,-22.48,10.0,5.3,mwc,hrv
2001-10-15,13:07:56,-71.94,-33.2,48.0,4.5,mb,us
2001-10-15,13:19:24,-72.08,-33.15,12.0,3.8,md,guc
2001-10-15,13:33:56,-72.1,-33.16,15.0,3.9,md,guc
2001-10-15,14:11:20,-119.3,-54.28,10.0,5.4,mwc,hrv
2001-10-15,15:16:07,-118.55,-53.78,10.0,4.9,ms,us
2001-10-15,15:19:51,-72.05,-33.13,33.0,5.0,mb,us
2001-10-15,15:26:46,-72.07,-33.17,11.5,4.7,md,guc
2001-10-15,15:35:11,-69.79,-33.3,2.6,4.1,md,guc
2001-10-15,15:49:52,-72.15,-33.15,33.0,4.3,mb,us
2001-10-15,16:02:23,-72.08,-33.17,10.2,4.0,md,guc
2001-10-15,16:35:44,-72.1,-33.14,15.0,3.6,md,guc
2001-10-15,18:56:23,-72.22,-33.14,10.0,4.3,md,guc
2001-10-15,20:48:20,-72.09,-33.15,11.4,4.0,md,guc
2001-10-15,22:05:00,-72.1,-33.16,9.6,4.2,md,guc
2001-10-16,00:23:56,-72.14,-33.14,27.3,4.4,md,guc
2001-10-16,03:34:05,-72.8,-31.16,33.0,4.1,md,guc
2001-10-16,04:44:18,-70.21,-33.38,117.6,3.1,md,guc
2001-10-16,04:58:38,-69.79,-33.3,2.0,3.7,md,guc
2001-10-16,05:32:47,-69.75,-33.31,2.8,3.4,md,guc
2001-10-16,06:06:55,-70.24,-34.32,6.1,4.0,md,guc
2001-10-16,07:04:37,-70.57,-32.38,97.2,2.8,md,guc
2001-10-16,08:11:43,-72.1,-33.18,9.4,3.8,md,guc
2001-10-16,08:49:01,-69.76,-33.32,1.9,3.7,md,guc
2001-10-16,09:45:36,-70.37,-34.34,122.9,2.7,md,guc
2001-10-16,10:38:42,-71.64,-32.65,53.9,3.2,md,guc
2001-10-16,11:58:45,-67.36,-21.31,182.3,4.2,mb,us
2001-10-16,12:27:10,-66.54,-21.34,231.2,4.2,mb,us
2001-10-16,17:28:20,-71.65,-15.0,136.3,4.2,mb,us
2001-10-16,19:54:19,-69.01,-32.16,199.5,3.4,md,guc
2001-10-16,20:40:28,-70.26,-33.13,5.2,3.7,md,guc
2001-10-16,21:26:18,-72.16,-33.16,15.3,3.4,md,guc
2001-10-16,23:13:01,-69.26,-29.47,107.3,4.1,mb,us
2001-10-17,00:25:44,-70.15,-32.68,109.8,3.8,md,guc
2001-10-17,02:34:41,-68.92,-28.49,117.3,5.4,mwc,hrv
2001-10-17,03:22:33,-72.65,-40.03,100.0,3.9,mb,us
2001-10-17,05:11:55,-69.17,-31.22,150.0,3.8,md,guc
2001-10-17,09:35:52,-72.01,-33.1,2.7,2.9,md,guc
2001-10-17,10:39:33,-71.98,-33.09,1.4,3.4,md,guc
2001-10-17,12:44:10,-70.19,-32.82,116.3,2.4,md,guc
2001-10-17,16:52:06,-69.79,-33.3,5.9,3.5,md,guc
2001-10-17,18:02:06,-69.81,-33.32,9.4,3.3,md,guc
2001-10-17,18:25:00,-69.78,-33.31,6.7,4.0,md,guc
2001-10-17,21:59:00,-73.68,-16.66,47.7,4.5,mb,us
2001-10-17,22:52:27,-69.02,-31.28,211.8,3.4,md,guc
2001-10-18,00:48:44,-71.23,-33.93,50.4,3.4,md,guc
2001-10-18,01:48:56,-71.8,-34.36,43.7,3.8,md,guc
2001-10-18,09:28:17,-71.54,-33.56,7.4,2.9,md,guc
2001-10-19,00:41:47,-71.61,-32.92,41.7,3.6,md,guc
2001-10-19,01:14:54,-71.06,-29.19,11.2,4.3,md,guc
2001-10-19,14:30:43,-71.1,-35.42,103.7,3.3,md,guc
2001-10-19,15:17:57,-72.06,-37.16,29.2,4.2,md,guc
2001-10-19,15:35:00,-66.01,-22.5,266.4,4.9,mb,us
2001-10-19,17:07:55,-69.74,-31.83,131.7,3.0,md,guc
2001-10-19,20:09:59,-69.76,-33.28,2.9,3.3,md,guc
2001-10-20,02:31:16,-73.19,-16.99,40.3,4.6,mb,us
2001-10-20,02:49:29,-70.18,-34.26,0.0,3.5,md,guc
2001-10-20,04:33:02,-66.87,-24.13,181.0,3.7,mb,us
2001-10-20,04:43:36,-71.65,-32.69,21.7,3.6,md,guc
2001-10-20,08:48:02,-69.8,-33.3,1.6,3.7,md,guc
2001-10-20,08:58:19,-70.34,-33.88,116.2,3.5,md,guc
2001-10-20,10:56:20,-76.02,-9.18,50.9,4.3,mb,us
2001-10-20,11:36:48,-71.5,-31.64,66.7,4.0,md,guc
2001-10-20,13:26:35,-68.41,-22.18,118.0,5.4,mwc,hrv
2001-10-20,17:24:12,-69.78,-31.92,147.7,3.8,md,guc
2001-10-20,17:43:50,-70.81,-34.12,78.3,3.4,md,guc
2001-10-20,23:32:18,-71.81,-32.78,21.0,4.1,md,guc
2001-10-20,23:35:12,-71.82,-32.73,30.0,3.9,md,guc
2001-10-21,02:37:27,-70.29,-34.08,3.1,3.8,md,guc
2001-10-21,04:32:17,-115.87,-24.38,10.0,4.7,mb,us
2001-10-21,06:56:54,-69.78,-33.31,6.5,3.2,md,guc
2001-10-21,09:08:18,-72.1,-33.79,36.6,3.8,md,guc
2001-10-21,10:06:28,-71.68,-32.5,18.1,3.9,md,guc
2001-10-21,16:32:52,-70.63,-22.35,33.9,4.7,mb,us
2001-10-22,01:18:51,-69.69,-33.12,6.9,3.6,md,guc
2001-10-22,03:36:35,-68.4,-21.94,119.3,4.2,mb,us
2001-10-22,05:54:57,-68.17,-21.1,108.7,4.4,mb,us
2001-10-22,06:25:42,-72.57,-32.24,34.2,3.6,md,guc
2001-10-22,07:22:52,-69.79,-33.29,2.4,4.0,md,guc
2001-10-22,07:42:08,-69.79,-33.3,4.7,3.8,md,guc
2001-10-22,07:47:06,-69.78,-33.3,5.8,4.0,md,guc
2001-10-23,10:39:47,-69.37,-30.91,216.5,4.0,md,guc
2001-10-23,13:04:33,-68.88,-31.24,100.0,3.8,md,guc
2001-10-23,14:02:55,-72.06,-33.17,8.6,3.5,md,guc
2001-10-23,15:41:40,-71.98,-31.68,33.0,4.1,mb,us
2001-10-23,16:16:00,-70.17,-32.47,109.3,2.6,md,guc
2001-10-23,17:15:41,-70.01,-33.24,102.8,2.2,md,guc
2001-10-23,17:33:53,-70.57,-34.19,101.8,2.4,md,guc
2001-10-23,17:50:53,-71.86,-32.78,30.4,3.3,md,guc
2001-10-23,18:15:47,-82.05,-43.88,10.0,4.8,mb,us
2001-10-23,21:30:39,-68.41,-31.23,100.0,3.8,md,guc
2001-10-23,21:41:16,-68.92,-30.08,3.1,4.0,md,guc
2001-10-23,23:54:25,-75.89,-43.5,33.0,5.2,mwc,hrv
2001-10-24,00:00:56,-71.52,-30.48,50.9,4.0,md,guc
2001-10-24,08:15:08,-73.78,-36.86,13.1,4.5,md,guc
2001-10-24,08:26:14,-70.12,-32.8,115.0,2.9,md,guc
2001-10-24,09:52:26,-76.42,-38.37,31.3,4.2,md,guc
2001-10-24,10:04:08,-74.91,-37.46,10.0,4.2,md,guc
2001-10-24,10:39:39,-68.62,-31.1,100.0,3.8,md,guc
2001-10-24,12:52:08,-66.65,-23.86,200.0,3.8,mb,us
2001-10-24,16:04:11,-72.86,-35.33,25.0,3.9,md,guc
2001-10-24,16:16:45,-72.72,-33.86,32.8,3.4,md,guc
2001-10-24,16:20:53,-70.69,-31.63,111.5,3.3,md,guc
2001-10-24,16:59:22,-70.48,-32.73,2.1,3.2,md,guc
2001-10-24,21:08:26,-71.6,-32.21,60.7,3.3,md,guc
2001-10-24,21:24:42,-67.32,-28.06,129.0,3.8,mb,us
2001-10-24,22:48:10,-72.29,-33.15,1.4,3.7,md,guc
2001-10-25,00:55:32,-71.07,-31.92,39.4,3.9,md,guc
2001-10-25,03:41:43,-69.81,-33.27,0.0,3.8,md,guc
2001-10-25,13:35:20,-74.33,-8.42,155.4,4.1,mb,us
2001-10-25,15:40:50,-73.48,-33.72,15.9,4.1,md,guc
2001-10-25,18:48:33,-71.68,-32.42,24.1,4.0,md,guc
2001-10-25,20:48:05,-71.96,-32.46,21.3,4.0,md,guc
2001-10-26,02:46:47,-71.67,-33.3,28.5,3.9,md,guc
2001-10-26,07:03:12,-70.65,-33.93,87.6,2.7,md,guc
2001-10-26,09:39:53,-70.39,-33.14,96.1,2.8,md,guc
2001-10-26,16:40:14,-71.54,-29.98,52.3,4.2,md,guc
2001-10-26,18:59:57,-70.5,-14.77,212.4,5.8,mwc,hrv
2001-10-26,19:44:16,-66.04,-22.62,249.0,4.1,mb,us
2001-10-27,06:41:36,-71.63,-32.36,43.9,3.9,md,guc
2001-10-27,08:43:39,-114.91,-49.65,10.0,5.3,mwc,hrv
2001-10-27,09:31:18,-73.47,-17.08,33.0,4.7,mb,us
2001-10-27,12:03:36,-72.01,-33.79,8.8,3.9,md,guc
2001-10-27,12:28:42,-71.01,-29.29,89.4,4.0,md,guc
2001-10-27,12:46:00,-69.82,-32.39,122.3,3.7,md,guc
2001-10-27,16:30:52,-71.51,-33.3,49.9,3.2,md,guc
2001-10-27,17:34:43,-73.16,-33.68,30.3,3.9,md,guc
2001-10-27,19:28:12,-70.66,-33.67,93.7,2.6,md,guc
2001-10-27,22:06:14,-70.97,-34.94,92.0,2.9,md,guc
2001-10-27,22:40:20,-69.8,-33.28,6.5,3.5,md,guc
2001-10-27,23:43:03,-69.77,-31.66,154.1,3.2,md,guc
2001-10-28,00:48:57,-71.66,-30.71,11.1,4.0,md,guc
2001-10-28,01:22:22,-69.81,-33.31,3.0,4.0,md,guc
2001-10-28,01:55:37,-121.97,-55.87,10.0,4.1,mb,us
2001-10-28,07:17:50,-70.29,-34.7,0.2,3.8,md,guc
2001-10-28,08:29:04,-79.61,-7.87,65.0,3.8,mb,us
2001-10-28,10:11:49,-70.27,-34.06,123.0,3.4,md,guc
2001-10-28,10:43:44,-69.8,-33.3,1.0,3.9,md,guc
2001-10-28,19:23:00,-67.9,-31.48,100.0,4.2,md,guc
2001-10-28,21:52:31,-69.82,-33.3,0.4,3.8,md,guc
2001-10-28,23:47:24,-71.5,-31.58,67.3,3.7,md,guc
2001-10-29,16:32:36,-70.26,-32.68,118.8,3.7,md,guc
2001-10-29,22:34:04,-71.51,-32.56,34.7,3.6,md,guc
2001-10-30,07:53:58,-70.63,-34.42,115.5,3.8,md,guc
2001-10-30,08:35:39,-69.43,-31.55,185.8,3.8,md,guc
2001-10-30,10:37:29,-72.0,-33.4,11.9,3.5,md,guc
2001-10-30,14:02:16,-70.3,-33.16,3.5,3.7,md,guc
2001-10-30,15:09:40,-70.59,-33.48,90.1,2.7,md,guc
2001-10-31,00:38:22,-70.92,-33.67,73.9,3.1,md,guc
2001-10-31,04:14:10,-77.39,-5.1,38.2,4.4,mb,us
2001-10-31,04:29:30,-67.0,-23.9,183.7,4.5,mb,us
2001-10-31,04:59:24,-71.38,-31.71,53.8,4.7,mb,us
2001-10-31,09:50:01,-70.89,-34.02,14.2,3.6,md,guc
2001-10-31,13:42:47,-93.58,-38.48,10.0,4.5,mb,us
2001-10-31,16:05:46,-69.75,-31.35,167.9,4.0,md,guc
2001-10-31,17:35:17,-72.14,-31.65,6.5,4.5,md,guc
2001-10-31,18:30:42,-69.8,-33.33,3.8,3.9,md,guc
2001-10-31,22:14:26,-78.89,-10.76,33.0,5.0,mb,us
2001-11-01,03:15:41,-70.22,-32.11,118.6,2.9,md,guc
2001-11-01,03:29:06,-70.17,-31.97,139.1,3.5,md,guc
2001-11-01,05:20:35,-71.43,-31.95,64.4,2.9,md,guc
2001-11-01,07:27:26,-71.13,-35.1,86.6,3.3,md,guc
2001-11-01,08:35:51,-70.99,-33.99,4.5,3.6,md,guc
2001-11-01,11:57:01,-70.43,-31.81,124.8,3.4,md,guc
2001-11-01,12:21:35,-71.93,-17.56,33.0,5.2,mwc,hrv
2001-11-01,13:02:51,-72.0,-35.5,73.4,3.5,md,guc
2001-11-01,15:47:37,-70.98,-34.01,7.4,3.7,md,guc
2001-11-01,18:15:56,-70.24,-32.96,115.0,2.7,md,guc
2001-11-01,20:00:57,-70.94,-32.54,71.0,2.9,md,guc
2001-11-02,08:12:41,-70.35,-34.2,105.0,3.0,md,guc
2001-11-02,09:58:40,-70.16,-33.32,109.4,2.9,md,guc
2001-11-02,12:07:50,-72.05,-32.6,13.0,3.7,md,guc
2001-11-02,12:09:29,-76.54,-13.92,40.0,4.2,mb,us
2001-11-02,12:28:09,-70.57,-32.29,85.4,3.3,md,guc
2001-11-03,00:36:43,-71.68,-30.86,54.5,5.2,mb,us
2001-11-03,01:43:21,-71.65,-36.25,86.2,5.1,mwc,hrv
2001-11-03,10:17:55,-71.91,-32.46,23.3,3.7,md,guc
2001-11-03,10:49:28,-70.36,-34.06,7.9,3.7,md,guc
2001-11-03,11:23:00,-69.32,-32.92,0.0,3.9,md,guc
2001-11-03,13:19:06,-68.8,-31.35,117.0,4.1,md,guc
2001-11-03,13:37:00,-70.26,-33.17,12.6,3.2,md,guc
2001-11-03,14:26:03,-112.78,-29.0,10.0,4.6,mb,us
2001-11-03,15:27:06,-69.79,-33.3,4.2,3.4,md,guc
2001-11-03,15:38:26,-70.32,-35.53,184.7,3.3,md,guc
2001-11-03,16:30:10,-70.69,-35.34,0.0,4.0,md,guc
2001-11-03,18:32:12,-70.53,-34.2,96.1,3.1,md,guc
2001-11-03,19:09:09,-69.76,-33.07,112.9,2.8,md,guc
2001-11-03,19:15:08,-69.8,-33.32,4.8,3.6,md,guc
2001-11-03,19:47:39,-71.01,-33.97,74.2,2.7,md,guc
2001-11-03,21:42:49,-71.76,-32.73,17.4,3.5,md,guc
2001-11-03,22:24:59,-71.75,-30.95,14.7,3.6,md,guc
2001-11-04,03:17:08,-69.92,-31.72,155.5,3.2,md,guc
2001-11-04,07:24:12,-71.13,-34.56,66.5,3.5,md,guc
2001-11-04,08:54:55,-72.08,-32.56,30.1,3.7,md,guc
2001-11-04,10:03:28,-71.12,-31.91,70.2,2.9,md,guc
2001-11-04,14:22:34,-71.56,-30.17,8.9,4.1,md,guc
2001-11-04,15:25:03,-70.9,-32.8,75.7,2.7,md,guc
2001-11-04,15:39:36,-100.3,-36.2,10.0,5.3,mwc,hrv
2001-11-04,19:36:26,-73.92,-16.62,27.4,5.2,mwc,hrv
2001-11-04,22:25:51,-71.96,-32.52,15.9,3.6,md,guc
2001-11-04,22:40:54,-70.82,-32.85,73.0,2.5,md,guc
2001-11-05,00:56:48,-72.37,-33.76,33.9,4.1,md,guc
2001-11-05,01:17:41,-71.14,-35.03,93.5,3.9,md,guc
2001-11-05,01:28:45,-70.18,-31.96,122.2,4.0,md,guc
2001-11-05,03:37:37,-69.82,-31.74,160.5,3.9,md,guc
2001-11-05,09:27:02,-72.52,-34.71,17.8,4.2,md,guc
2001-11-05,12:45:19,-74.03,-16.4,49.3,4.4,mb,us
2001-11-05,15:20:24,-71.05,-32.48,51.0,3.5,md,guc
2001-11-05,17:25:41,-97.37,-36.96,10.0,4.6,mb,us
2001-11-05,18:05:37,-74.22,-8.34,160.9,4.6,mb,us
2001-11-05,18:20:38,-72.09,-33.83,3.6,3.6,md,guc
2001-11-05,22:02:41,-68.63,-31.97,100.0,3.9,md,guc
2001-11-06,00:28:18,-70.97,-34.01,8.3,3.3,md,guc
2001-11-06,04:08:40,-72.45,-34.66,10.0,3.7,ml,guc
2001-11-06,04:30:32,-72.41,-34.59,23.3,3.8,md,guc
2001-11-06,04:34:34,-71.64,-33.57,33.0,3.5,md,guc
2001-11-06,06:12:54,-71.16,-30.44,61.4,5.1,mwc,hrv
2001-11-06,06:40:04,-70.54,-32.36,104.7,3.8,md,guc
2001-11-06,12:03:50,-71.62,-32.52,22.8,3.7,md,guc
2001-11-06,18:17:33,-71.71,-32.47,32.2,3.3,md,guc
2001-11-06,20:15:17,-70.33,-21.12,34.2,4.6,mb,us
2001-11-06,21:21:31,-69.82,-31.56,141.6,3.8,md,guc
2001-11-06,22:31:11,-71.71,-31.11,2.4,4.0,md,guc
2001-11-06,22:46:00,-71.68,-31.1,0.0,4.0,md,guc
2001-11-07,00:32:42,-71.77,-31.12,1.9,4.1,md,guc
2001-11-07,01:03:32,-70.31,-35.11,166.8,3.9,md,guc
2001-11-07,01:24:46,-71.81,-32.19,4.1,3.8,md,guc
2001-11-07,01:50:31,-71.86,-32.22,5.2,3.9,md,guc
2001-11-07,10:54:36,-70.61,-34.25,112.0,3.6,md,guc
2001-11-07,12:11:34,-72.0,-35.79,120.3,3.8,md,guc
2001-11-07,12:24:10,-68.56,-31.54,150.0,4.0,md,guc
2001-11-07,13:25:55,-68.09,-21.07,126.5,5.2,mwc,hrv
2001-11-07,13:47:06,-71.82,-32.24,3.2,3.8,md,guc
2001-11-07,17:44:34,-70.08,-33.2,99.0,3.7,md,guc
2001-11-07,23:52:35,-70.55,-35.56,0.0,3.8,md,guc
2001-11-08,00:00:29,-71.01,-33.92,71.0,3.1,md,guc
2001-11-08,03:45:28,-70.46,-33.86,108.2,3.0,md,guc
2001-11-08,04:28:18,-73.08,-32.9,19.0,3.3,md,guc
2001-11-08,06:55:05,-71.56,-32.28,63.0,3.5,md,guc
2001-11-08,08:08:32,-71.95,-35.91,20.7,3.4,md,guc
2001-11-08,08:27:55,-70.24,-33.29,117.3,3.2,md,guc
2001-11-08,09:51:03,-71.27,-33.13,57.5,3.5,md,guc
2001-11-08,11:03:43,-71.24,-31.88,46.4,3.9,md,guc
2001-11-08,14:44:19,-70.48,-31.7,120.8,3.8,md,guc
2001-11-08,15:52:12,-71.74,-32.53,21.9,3.9,md,guc
2001-11-08,19:13:13,-69.87,-24.94,48.1,4.4,mb,us
2001-11-08,19:34:57,-70.44,-34.23,116.3,3.8,md,guc
2001-11-08,20:30:06,-85.19,-41.36,10.0,4.7,mb,us
2001-11-08,21:22:42,-70.16,-33.85,2.6,3.7,md,guc
2001-11-08,23:08:27,-71.7,-32.51,20.2,3.7,md,guc
2001-11-09,04:47:53,-70.27,-34.48,133.8,3.3,md,guc
2001-11-09,08:01:44,-70.69,-33.64,90.4,3.1,md,guc
2001-11-09,08:51:53,-65.9,-17.61,33.0,4.6,mb,us
2001-11-09,08:53:24,-71.07,-34.81,75.4,2.8,md,guc
2001-11-09,09:10:21,-69.5,-31.72,150.5,3.8,md,guc
2001-11-09,09:14:53,-70.25,-33.82,110.7,3.2,md,guc
2001-11-09,11:25:12,-70.2,-32.78,107.7,3.7,md,guc
2001-11-09,12:51:06,-72.72,-17.31,33.0,4.7,mb,us
2001-11-09,14:03:12,-71.37,-30.6,62.5,4.2,md,guc
2001-11-10,03:22:31,-67.63,-28.5,150.0,4.0,md,guc
2001-11-10,04:28:40,-69.25,-30.31,117.2,4.7,mb,us
2001-11-10,05:58:25,-69.91,-32.27,127.1,3.3,md,guc
2001-11-10,09:54:11,-68.81,-31.22,120.1,3.4,md,guc
2001-11-10,10:16:15,-70.24,-34.28,10.5,3.1,md,guc
2001-11-10,10:56:06,-69.86,-30.33,141.4,3.7,md,guc
2001-11-10,13:16:26,-70.71,-34.44,94.4,3.0,md,guc
2001-11-10,16:18:23,-71.28,-35.3,95.0,3.3,md,guc
2001-11-10,16:26:33,-70.56,-32.26,81.0,2.9,md,guc
2001-11-10,17:36:47,-69.69,-33.13,103.7,3.1,md,guc
2001-11-10,17:56:51,-71.5,-32.08,39.1,3.6,md,guc
2001-11-10,21:00:06,-71.4,-32.27,46.2,3.7,md,guc
2001-11-11,06:19:06,-70.84,-34.8,106.1,2.9,md,guc
2001-11-11,07:32:55,-71.44,-32.31,63.2,3.5,md,guc
2001-11-11,09:35:22,-71.63,-33.85,35.2,3.5,md,guc
2001-11-11,11:10:22,-73.09,-32.88,22.1,3.8,md,guc
2001-11-11,11:21:07,-70.94,-33.5,62.6,3.1,md,guc
2001-11-11,13:06:49,-67.05,-24.18,150.0,4.1,mb,us
2001-11-11,13:32:30,-67.07,-24.06,150.0,3.8,mb,us
2001-11-11,14:00:15,-71.61,-32.52,54.6,3.7,md,guc
2001-11-11,14:10:50,-69.92,-32.3,126.4,3.8,md,guc
2001-11-11,18:16:20,-70.46,-34.29,9.9,2.6,md,guc
2001-11-12,00:29:33,-71.29,-30.44,40.4,4.2,md,guc
2001-11-12,01:15:47,-95.79,-36.99,10.0,4.5,mb,us
2001-11-12,01:28:34,-73.15,-32.87,18.1,3.6,md,guc
2001-11-12,05:01:25,-116.09,-49.52,10.0,4.4,mb,us
2001-11-12,05:27:24,-68.37,-31.75,177.7,3.5,md,guc
2001-11-12,06:54:38,-116.09,-49.52,10.0,4.6,mb,us
2001-11-12,13:15:08,-67.31,-33.13,10.0,4.5,md,guc
2001-11-12,14:27:27,-68.23,-32.03,0.0,4.2,md,guc
2001-11-12,17:54:19,-116.19,-49.59,10.0,5.7,mwc,hrv
2001-11-12,18:11:23,-116.01,-49.46,10.0,4.8,mb,us
2001-11-12,18:11:43,-116.0,-49.58,10.0,5.0,mb,us
2001-11-12,18:57:21,-71.64,-30.93,6.4,3.2,ml,guc
2001-11-12,20:17:52,-70.09,-34.51,0.0,3.9,md,guc
2001-11-13,01:24:13,-70.41,-33.74,15.0,3.0,md,guc
2001-11-13,07:04:24,-71.77,-31.55,6.0,3.9,ml,guc
2001-11-13,07:27:16,-70.21,-32.28,120.3,3.8,md,guc
2001-11-13,09:52:53,-68.4,-33.46,233.7,3.6,md,guc
2001-11-13,17:18:14,-70.08,-32.92,0.0,4.0,ml,guc
2001-11-13,17:22:39,-70.1,-32.92,0.0,3.1,md,guc
2001-11-13,19:17:03,-70.29,-33.04,98.3,2.7,md,guc
2001-11-13,22:29:44,-71.73,-31.54,28.2,3.0,ml,guc
2001-11-14,00:36:51,-72.07,-34.4,24.6,3.4,md,guc
2001-11-14,06:18:31,-71.54,-32.36,41.0,3.6,md,guc
2001-11-14,07:28:58,-72.42,-35.99,40.9,3.8,md,guc
2001-11-14,07:48:36,-71.4,-36.28,0.0,4.5,ml,guc
2001-11-14,07:50:46,-71.29,-36.28,0.0,4.3,md,guc
2001-11-14,09:26:58,-70.6,-28.24,214.2,3.5,md,guc
2001-11-14,12:06:20,-71.51,-36.36,0.0,3.7,md,guc
2001-11-14,12:49:23,-71.49,-36.26,0.0,3.8,md,guc
2001-11-14,13:10:44,-71.55,-36.34,4.8,3.9,md,guc
2001-11-14,15:55:21,-66.57,-31.77,150.0,3.8,md,guc
2001-11-14,16:23:38,-71.86,-32.25,2.2,3.9,md,guc
2001-11-14,17:08:01,-71.58,-32.67,28.8,3.7,md,guc
2001-11-14,18:03:51,-66.85,-24.23,181.7,4.2,mb,us
2001-11-14,20:25:17,-69.46,-28.53,160.4,3.5,md,guc
2001-11-14,21:06:10,-71.72,-32.68,26.9,3.7,md,guc
2001-11-14,21:12:30,-69.73,-32.16,149.2,3.1,md,guc
2001-11-14,23:57:24,-75.87,-44.92,33.0,4.6,mb,us
2001-11-15,07:22:47,-80.77,-4.11,33.4,4.1,mb,us
2001-11-16,02:09:08,-71.68,-32.77,15.0,3.4,md,guc
2001-11-16,02:37:05,-75.97,-15.01,33.0,4.3,mb,us
2001-11-16,02:48:23,-70.36,-34.02,1.8,3.2,md,guc
2001-11-16,03:16:55,-71.81,-32.27,13.3,3.6,md,guc
2001-11-16,06:40:37,-73.04,-32.69,25.1,3.6,md,guc
2001-11-16,12:28:59,-72.12,-34.42,30.0,3.5,md,guc
2001-11-16,13:54:03,-69.7,-27.64,68.2,4.1,md,guc
2001-11-16,14:07:37,-71.69,-32.67,29.5,3.7,md,guc
2001-11-16,18:36:56,-74.41,-8.02,160.7,4.4,mb,us
2001-11-17,00:25:50,-70.39,-33.84,114.9,3.1,md,guc
2001-11-17,01:30:41,-69.7,-27.58,95.5,4.1,mb,us
2001-11-17,02:29:47,-70.32,-33.9,113.8,3.6,md,guc
2001-11-17,09:27:41,-70.9,-33.9,71.3,2.7,md,guc
2001-11-17,12:12:02,-69.42,-19.02,125.8,4.0,mb,us
2001-11-17,15:37:56,-116.0,-24.26,10.0,4.7,mb,us
2001-11-17,16:16:15,-69.07,-32.01,209.3,3.8,md,guc
2001-11-17,18:06:51,-70.14,-34.03,7.9,3.5,md,guc
2001-11-17,19:02:12,-115.86,-24.41,10.0,5.7,mwc,hrv
2001-11-17,19:05:09,-116.07,-24.37,10.0,5.0,mb,us
2001-11-17,19:23:34,-116.09,-24.38,10.0,4.9,mb,us
2001-11-17,23:44:32,-71.01,-30.52,68.8,3.5,md,guc
2001-11-18,05:32:18,-71.67,-31.58,28.4,3.4,md,guc
2001-11-18,09:55:16,-71.98,-15.67,142.2,4.6,mb,us
2001-11-18,10:08:19,-71.31,-31.87,87.5,4.3,md,guc
2001-11-18,10:48:18,-76.54,-45.52,33.0,4.7,mb,us
2001-11-18,11:09:57,-71.02,-33.07,68.6,3.7,md,guc
2001-11-18,16:51:46,-71.66,-32.09,54.4,3.7,md,guc
2001-11-18,18:22:00,-72.62,-36.4,38.9,4.2,md,guc
2001-11-18,20:46:24,-71.69,-32.53,29.4,3.6,md,guc
2001-11-18,23:14:57,-71.78,-32.73,12.9,3.7,md,guc
2001-11-19,00:50:03,-70.76,-33.97,80.3,3.0,md,guc
2001-11-19,01:29:19,-123.6,-55.65,10.0,4.6,mb,us
2001-11-19,09:20:42,-71.46,-30.02,43.4,3.9,md,guc
2001-11-19,11:06:21,-70.1,-33.12,106.4,4.4,mb,us
2001-11-19,11:37:01,-71.36,-32.33,43.2,3.6,md,guc
2001-11-19,12:15:48,-71.69,-32.41,28.5,3.7,md,guc
2001-11-19,12:46:13,-71.58,-32.66,55.5,3.2,md,guc
2001-11-19,18:35:59,-71.87,-33.56,17.7,3.3,md,guc
2001-11-19,22:09:35,-72.5,-33.93,36.8,3.8,md,guc
2001-11-20,09:08:21,-71.81,-32.65,27.7,3.9,md,guc
2001-11-20,10:08:34,-71.77,-32.62,31.0,3.6,md,guc
2001-11-20,12:41:01,-71.71,-32.4,14.5,3.8,ml,guc
2001-11-20,13:22:40,-69.79,-32.48,151.4,3.6,md,guc
2001-11-20,14:20:18,-71.72,-32.38,27.3,3.4,md,guc
2001-11-20,15:50:23,-71.04,-35.34,105.6,3.6,md,guc
2001-11-21,02:39:14,-73.03,-32.79,23.0,3.5,md,guc
2001-11-21,03:31:43,-70.84,-32.38,76.9,3.7,md,guc
2001-11-21,07:09:00,-71.51,-36.72,180.2,3.8,md,guc
2001-11-21,12:10:05,-70.21,-32.93,105.1,3.3,md,guc
2001-11-21,12:37:12,-73.03,-32.75,23.3,3.4,md,guc
2001-11-21,13:42:33,-71.98,-32.65,31.9,3.6,md,guc
2001-11-21,14:44:24,-70.58,-33.79,95.3,3.5,md,guc
2001-11-21,15:13:03,-72.06,-36.08,5.0,3.4,ml,guc
2001-11-21,17:41:07,-71.6,-30.86,35.0,3.8,md,guc
2001-11-21,20:33:18,-70.1,-31.74,128.4,3.4,md,guc
2001-11-21,23:38:45,-72.52,-35.98,36.5,3.6,md,guc
2001-11-22,12:28:52,-70.22,-15.47,209.6,4.2,mb,us
2001-11-22,12:43:02,-71.95,-17.85,46.0,5.4,mb,us
2001-11-22,18:22:29,-71.74,-32.56,23.3,3.1,md,guc
2001-11-22,18:39:19,-71.72,-32.58,20.9,3.0,md,guc
2001-11-23,03:15:43,-72.32,-36.0,38.4,3.9,md,guc
2001-11-23,04:33:51,-68.52,-22.12,112.8,4.2,mb,us
2001-11-23,04:51:01,-67.24,-23.78,236.2,4.4,mb,us
2001-11-23,08:35:31,-70.35,-32.69,96.9,3.1,md,guc
2001-11-23,08:52:10,-70.58,-33.76,95.8,2.8,md,guc
2001-11-23,09:20:13,-70.27,-31.84,15.0,3.7,md,guc
2001-11-23,11:42:40,-76.05,-14.14,73.1,4.3,mb,us
2001-11-23,18:51:30,-70.37,-32.26,101.5,3.9,md,guc
2001-11-23,20:18:46,-70.26,-33.13,3.4,3.3,md,guc
2001-11-24,02:28:51,-71.94,-32.74,33.3,3.4,md,guc
2001-11-24,04:21:44,-69.29,-31.53,121.6,4.0,md,guc
2001-11-24,04:42:51,-71.34,-30.28,52.3,4.0,md,guc
2001-11-24,04:52:22,-70.1,-33.93,5.2,3.1,md,guc
2001-11-24,11:14:20,-67.21,-33.35,10.0,4.7,mb,us
2001-11-24,12:40:54,-71.75,-32.7,13.2,3.6,md,guc
2001-11-24,15:22:39,-71.08,-32.57,16.1,3.4,md,guc
2001-11-24,18:39:04,-70.48,-34.13,22.0,2.8,md,guc
2001-11-24,18:55:02,-71.46,-32.37,15.5,3.9,md,guc
2001-11-24,19:38:14,-71.48,-35.61,102.2,3.3,md,guc
2001-11-24,20:48:21,-70.63,-34.35,106.0,3.2,md,guc
2001-11-24,23:55:49,-71.36,-31.98,45.0,3.3,md,guc
2001-11-25,00:16:00,-70.5,-33.97,5.9,2.5,md,guc
2001-11-25,05:13:09,-72.28,-34.41,32.6,3.5,md,guc
2001-11-25,07:50:38,-69.42,-32.8,148.2,3.5,md,guc
2001-11-25,12:04:34,-71.69,-30.67,18.8,3.9,md,guc
2001-11-25,12:27:55,-69.9,-33.18,12.0,3.4,md,guc
2001-11-25,15:55:11,-71.86,-31.75,28.6,3.4,md,guc
2001-11-25,21:07:01,-70.17,-32.64,107.4,3.5,md,guc
2001-11-26,00:41:17,-71.71,-34.62,7.8,3.3,md,guc
2001-11-26,03:10:52,-70.16,-33.2,106.3,3.2,md,guc
2001-11-26,05:34:05,-71.67,-34.63,56.2,3.2,md,guc
2001-11-26,12:48:39,-71.3,-30.78,38.8,3.7,md,guc
2001-11-26,16:18:37,-71.49,-31.89,40.0,3.6,md,guc
2001-11-26,16:22:42,-69.76,-16.48,199.8,4.1,mb,us
2001-11-26,16:40:46,-70.29,-33.15,1.9,3.3,md,guc
2001-11-26,19:04:34,-71.67,-34.8,55.8,3.5,md,guc
2001-11-26,22:07:37,-68.56,-33.43,33.0,3.6,mb,us
2001-11-26,23:46:46,-71.37,-30.86,64.2,4.4,mb,us
2001-11-27,00:52:08,-71.72,-32.87,42.0,3.1,md,guc
2001-11-27,01:32:17,-74.14,-15.88,42.0,5.4,mwc,hrv
2001-11-27,08:07:16,-73.01,-33.01,19.7,3.6,md,guc
2001-11-27,13:41:31,-71.0,-27.07,33.0,4.7,mb,us
2001-11-27,18:00:48,-71.12,-35.02,103.3,2.9,md,guc
2001-11-27,22:54:17,-69.46,-31.07,241.1,3.2,md,guc
2001-11-28,01:56:02,-69.84,-31.54,200.0,3.5,md,guc
2001-11-28,07:34:02,-71.68,-31.45,5.1,3.6,md,guc
2001-11-28,10:05:56,-71.77,-32.61,33.0,4.5,mb,us
2001-11-28,10:13:29,-71.7,-32.7,12.0,3.5,md,guc
2001-11-28,10:20:57,-71.74,-32.72,13.9,3.5,md,guc
2001-11-28,10:38:48,-73.95,-15.8,71.4,4.7,mb,us
2001-11-28,10:54:41,-71.81,-32.72,33.0,4.4,mb,us
2001-11-28,11:26:21,-71.65,-32.8,7.7,2.8,md,guc
2001-11-28,11:27:08,-71.62,-32.81,1.5,3.1,md,guc
2001-11-28,12:35:44,-71.77,-32.73,15.0,3.6,md,guc
2001-11-28,16:11:28,-70.93,-33.94,82.8,3.5,md,guc
2001-11-28,17:57:36,-69.77,-33.29,9.0,3.5,md,guc
2001-11-28,18:30:00,-71.72,-32.74,19.5,3.5,md,guc
2001-11-28,19:34:52,-69.87,-32.34,123.9,3.8,md,guc
2001-11-28,23:56:16,-71.73,-32.72,12.7,3.7,md,guc
2001-11-29,02:45:12,-71.7,-32.72,27.7,3.6,md,guc
2001-11-29,05:09:40,-66.08,-21.3,273.0,4.2,mb,us
2001-11-29,05:54:11,-70.72,-18.24,58.6,4.9,mb,us
2001-11-29,06:26:16,-74.68,-10.33,36.6,4.3,mb,us
2001-11-29,07:22:30,-70.33,-33.91,115.1,2.8,md,guc
2001-11-29,08:34:02,-71.24,-34.02,59.0,2.6,md,guc
2001-11-29,10:36:35,-71.11,-34.66,88.3,2.9,md,guc
2001-11-29,10:38:50,-68.92,-31.15,190.8,3.8,md,guc
2001-11-29,11:36:31,-66.96,-32.12,56.4,3.8,mb,us
2001-11-29,12:47:21,-70.08,-33.82,0.8,3.1,md,guc
2001-11-29,12:57:13,-70.53,-31.98,107.8,2.5,md,guc
2001-11-29,14:18:46,-71.81,-32.72,15.0,3.3,md,guc
2001-11-29,14:26:46,-70.41,-33.53,98.6,2.7,md,guc
2001-11-29,19:04:06,-69.1,-18.8,118.6,3.7,mb,us
2001-11-29,19:13:48,-70.66,-34.27,105.8,2.3,md,guc
2001-11-29,19:42:15,-71.37,-22.69,33.0,4.2,mb,us
2001-11-29,20:13:31,-69.99,-31.66,147.8,3.7,md,guc
2001-11-30,11:02:19,-70.1,-34.05,7.3,3.6,md,guc
2001-11-30,11:42:06,-71.66,-30.93,60.8,3.6,md,guc
2001-11-30,14:34:27,-113.79,-26.88,10.0,4.4,mb,us
2001-11-30,15:16:56,-72.02,-32.76,15.0,3.7,md,guc
2001-11-30,15:43:22,-67.48,-31.64,100.0,4.0,md,guc
2001-11-30,22:32:38,-70.0,-32.54,125.0,3.5,md,guc
2001-11-30,22:52:06,-66.95,-29.99,151.7,3.8,md,guc
2001-12-01,02:10:51,-71.79,-34.18,41.1,3.8,md,guc
2001-12-01,04:45:45,-68.26,-21.46,121.5,4.8,mb,us
2001-12-01,08:50:19,-70.54,-15.87,238.6,4.0,mb,us
2001-12-01,10:58:50,-74.16,-11.12,125.9,3.4,mb,us
2001-12-01,11:30:52,-69.27,-24.4,88.1,4.4,mb,us
2001-12-01,12:09:23,-70.36,-34.39,124.1,3.1,md,guc
2001-12-01,15:37:42,-77.81,-10.16,33.0,4.4,mb,us
2001-12-01,16:52:04,-71.5,-31.99,35.7,3.9,md,guc
2001-12-01,16:55:12,-70.26,-33.16,8.1,3.5,md,guc
2001-12-01,17:11:34,-71.33,-32.36,47.8,3.5,md,guc
2001-12-01,17:20:36,-71.61,-34.99,45.8,4.1,md,guc
2001-12-01,18:22:21,-71.09,-32.67,6.9,3.5,md,guc
2001-12-01,20:46:26,-71.42,-35.26,67.3,3.5,md,guc
2001-12-01,21:22:30,-71.68,-32.72,31.4,3.6,md,guc
2001-12-01,23:53:59,-72.12,-32.96,34.1,3.6,md,guc
2001-12-02,01:16:11,-69.1,-34.16,226.1,3.6,md,guc
2001-12-02,02:11:46,-71.72,-32.77,28.0,3.8,md,guc
2001-12-02,04:56:30,-71.96,-32.39,1.2,3.3,ml,guc
2001-12-02,05:41:48,-69.77,-33.28,3.9,3.3,md,guc
2001-12-02,05:51:10,-62.37,-62.98,33.0,4.3,mb,us
2001-12-02,11:53:05,-70.81,-33.65,77.1,3.6,md,guc
2001-12-02,14:12:31,-69.88,-34.65,0.0,4.1,md,guc
2001-12-02,15:42:49,-71.96,-33.37,15.0,3.6,md,guc
2001-12-02,16:16:06,-71.12,-35.01,99.7,3.3,md,guc
2001-12-02,18:43:54,-71.71,-32.73,28.1,3.8,md,guc
2001-12-02,20:39:01,-70.74,-33.88,82.1,2.6,md,guc
2001-12-02,21:44:35,-69.1,-20.75,115.5,4.3,mb,us
2001-12-03,01:11:33,-71.57,-30.65,34.3,4.1,md,guc
2001-12-03,02:18:45,-70.31,-34.51,13.5,3.6,md,guc
2001-12-03,04:45:59,-71.31,-31.0,62.4,4.1,md,guc
2001-12-03,05:19:43,-71.38,-32.34,46.1,3.7,md,guc
2001-12-03,06:14:03,-69.26,-31.6,179.8,3.9,md,guc
2001-12-03,10:04:59,-70.38,-34.4,125.5,3.4,md,guc
2001-12-03,10:27:52,-71.73,-30.72,15.0,3.4,ml,guc
2001-12-03,12:29:24,-70.68,-29.55,82.4,3.4,md,guc
2001-12-03,13:25:10,-68.92,-19.27,102.2,5.3,mb,us
2001-12-03,15:07:49,-71.63,-30.96,15.0,3.2,ml,guc
2001-12-03,15:37:11,-70.47,-33.77,8.5,3.2,md,guc
2001-12-03,20:12:34,-70.24,-32.5,103.8,4.0,md,guc
2001-12-03,20:55:08,-71.57,-32.36,19.6,3.6,md,guc
2001-12-04,00:36:24,-70.91,-33.2,70.1,3.1,md,guc
2001-12-04,02:44:43,-69.94,-33.67,5.0,3.4,mb,us
2001-12-04,04:12:00,-71.73,-32.69,25.0,3.3,ml,guc
2001-12-04,04:48:02,-69.76,-31.84,146.3,3.9,md,guc
2001-12-04,05:19:28,-71.11,-29.07,59.6,4.0,md,guc
2001-12-04,05:57:18,-72.52,-15.35,33.0,5.8,mwc,hrv
2001-12-04,06:08:26,-72.52,-15.3,33.0,5.0,mb,us
2001-12-04,06:53:01,-72.51,-15.38,33.0,4.4,mb,us
2001-12-04,07:17:54,-70.73,-26.01,46.6,4.7,mb,us
2001-12-04,07:55:24,-69.93,-33.59,7.4,3.2,md,guc
2001-12-04,09:09:47,-69.89,-32.61,131.5,4.1,md,guc
2001-12-04,10:31:13,-70.9,-34.56,83.3,2.7,md,guc
2001-12-04,12:22:50,-71.7,-32.72,23.9,3.7,md,guc
2001-12-04,12:27:43,-69.84,-31.39,174.4,3.9,md,guc
2001-12-04,13:10:51,-69.96,-33.63,0.4,3.2,ml,guc
2001-12-04,18:39:26,-66.29,-31.57,138.7,4.0,mb,us
2001-12-04,22:43:05,-70.75,-34.23,102.3,3.5,md,guc
2001-12-04,23:24:20,-69.08,-31.68,100.0,3.6,md,guc
2001-12-05,01:55:46,-70.84,-29.51,72.6,3.8,md,guc
2001-12-05,01:55:46,-107.55,-35.14,10.0,4.4,mb,us
2001-12-05,11:15:18,-69.77,-32.39,141.5,3.7,md,guc
2001-12-05,16:42:57,-69.97,-33.62,0.4,3.5,md,guc
2001-12-05,18:00:39,-71.71,-32.69,33.6,3.5,md,guc
2001-12-06,00:27:16,-73.04,-32.94,21.7,3.6,md,guc
2001-12-06,03:26:24,-71.69,-32.23,9.6,3.7,md,guc
2001-12-06,04:19:49,-70.41,-34.03,105.5,3.0,md,guc
2001-12-06,07:29:26,-71.58,-31.56,27.6,4.2,md,guc
2001-12-06,10:57:25,-71.46,-32.66,24.3,3.1,md,guc
2001-12-06,10:58:24,-71.44,-32.63,25.8,3.3,md,guc
2001-12-06,14:12:21,-69.0,-20.13,116.6,4.3,mb,us
2001-12-06,14:40:25,-72.58,-15.26,33.0,4.0,mb,us
2001-12-06,15:11:05,-72.42,-33.23,15.0,3.4,md,guc
2001-12-06,17:25:57,-69.96,-33.61,6.5,3.7,md,guc
2001-12-06,18:19:08,-71.45,-31.58,65.0,3.5,md,guc
2001-12-06,23:49:39,-69.94,-33.62,5.5,3.3,md,guc
2001-12-07,03:05:24,-70.47,-33.93,13.3,2.7,md,guc
2001-12-07,04:32:41,-88.33,-41.4,10.0,5.7,mwc,hrv
2001-12-07,04:35:06,-66.74,-23.97,188.4,4.5,mb,us
2001-12-07,07:16:33,-66.0,-22.61,245.1,4.2,mb,us
2001-12-07,13:24:33,-71.65,-32.8,0.9,3.5,md,guc
2001-12-07,14:35:54,-72.9,-32.71,22.7,4.0,md,guc
2001-12-07,15:06:00,-66.99,-24.31,169.5,4.7,mb,us
2001-12-07,16:38:51,-70.27,-33.15,4.6,3.7,md,guc
2001-12-07,18:15:54,-111.91,-35.0,10.0,4.7,mb,us
2001-12-07,19:34:00,-70.55,-31.7,0.2,3.8,md,guc
2001-12-07,20:48:35,-70.83,-35.33,0.0,3.5,md,guc
2001-12-07,21:23:45,-72.13,-33.02,36.1,3.6,md,guc
2001-12-08,02:50:22,-71.41,-32.7,19.2,3.5,md,guc
2001-12-08,03:02:36,-68.9,-31.24,167.6,3.5,md,guc
2001-12-08,03:54:29,-71.61,-32.21,55.3,3.6,md,guc
2001-12-08,04:17:22,-72.74,-15.11,26.1,5.6,mwc,hrv
2001-12-08,04:23:43,-72.15,-15.34,33.0,4.6,mb,us
2001-12-08,05:27:15,-72.39,-15.25,33.0,4.3,mb,us
2001-12-08,05:37:16,-72.48,-15.32,33.0,4.7,mb,us
2001-12-08,06:55:21,-70.95,-34.2,77.9,3.0,md,guc
2001-12-08,07:29:46,-72.22,-34.01,35.0,4.1,md,guc
2001-12-08,07:34:13,-72.28,-34.0,32.8,4.7,mb,us
2001-12-08,08:08:26,-72.23,-33.99,31.9,4.3,md,guc
2001-12-08,08:20:45,-72.09,-33.93,7.0,3.5,md,guc
2001-12-08,08:52:33,-72.1,-29.34,30.0,3.5,md,guc
2001-12-08,08:59:11,-72.16,-33.98,28.5,4.2,md,guc
2001-12-08,10:59:23,-71.38,-32.95,48.2,3.4,md,guc
2001-12-08,13:53:59,-69.48,-34.3,15.0,3.7,md,guc
2001-12-08,15:41:25,-72.2,-34.01,35.3,4.1,md,guc
2001-12-08,17:53:33,-72.25,-34.01,15.0,4.1,md,guc
2001-12-08,18:06:02,-71.66,-33.78,10.0,4.8,ml,guc
2001-12-08,18:29:00,-72.22,-33.98,15.5,4.1,md,guc
2001-12-08,18:36:12,-67.42,-21.33,187.4,4.5,mb,us
2001-12-08,19:19:12,-72.28,-33.98,15.1,4.1,md,guc
2001-12-08,19:48:34,-70.74,-32.77,84.2,4.1,md,guc
2001-12-08,20:54:45,-72.08,-33.96,7.5,3.9,md,guc
2001-12-08,21:18:17,-72.26,-34.01,15.3,4.3,md,guc
2001-12-08,22:08:24,-72.34,-34.84,15.0,3.6,md,guc
2001-12-08,22:26:04,-72.12,-33.96,13.7,3.6,md,guc
2001-12-08,23:40:00,-72.15,-33.98,4.4,3.9,md,guc
2001-12-09,00:10:13,-72.08,-33.94,38.4,3.2,md,guc
2001-12-09,00:29:40,-72.12,-33.94,38.3,4.1,md,guc
2001-12-09,00:42:31,-72.14,-33.94,37.0,3.4,md,guc
2001-12-09,00:46:10,-72.08,-33.92,37.1,3.2,md,guc
2001-12-09,00:50:25,-72.17,-33.94,36.3,3.2,md,guc
2001-12-09,01:17:24,-72.51,-33.96,37.3,3.8,md,guc
2001-12-09,01:33:16,-72.12,-33.96,40.0,3.3,md,guc
2001-12-09,01:49:46,-72.1,-33.9,7.3,3.2,md,guc
2001-12-09,02:17:54,-72.14,-33.98,39.3,3.2,md,guc
2001-12-09,02:26:07,-71.18,-35.33,93.9,3.6,md,guc
2001-12-09,02:28:15,-72.14,-33.96,36.5,3.3,md,guc
2001-12-09,04:48:13,-72.11,-33.88,6.6,3.2,md,guc
2001-12-09,04:56:59,-72.12,-33.94,33.0,3.4,ml,guc
2001-12-09,06:08:19,-72.11,-33.94,38.5,3.4,md,guc
2001-12-09,07:05:14,-71.89,-32.95,34.3,3.4,md,guc
2001-12-09,08:35:02,-72.51,-17.59,33.0,3.7,mb,us
2001-12-09,09:38:40,-72.15,-33.99,35.7,3.6,md,guc
2001-12-09,10:05:57,-72.11,-33.94,36.4,3.6,md,guc
2001-12-09,10:38:15,-70.59,-31.7,84.7,3.5,md,guc
2001-12-09,14:17:27,-72.09,-33.95,38.7,3.3,md,guc
2001-12-09,15:57:15,-72.22,-33.81,30.7,3.8,ml,guc
2001-12-09,16:42:51,-72.05,-33.97,35.0,3.4,md,guc
2001-12-09,16:44:14,-72.06,-33.95,38.2,4.0,md,guc
2001-12-09,16:54:31,-72.09,-33.94,37.4,3.5,md,guc
2001-12-09,16:57:55,-72.1,-33.94,36.9,3.3,md,guc
2001-12-09,17:11:57,-71.21,-30.22,56.0,3.9,md,guc
2001-12-09,17:31:23,-71.35,-36.08,136.8,3.7,mb,us
2001-12-09,21:55:15,-69.62,-15.86,244.8,3.8,mb,us
2001-12-10,00:57:22,-72.09,-33.91,37.8,3.4,md,guc
2001-12-10,02:19:14,-71.66,-32.8,7.4,3.3,md,guc
2001-12-10,04:41:24,-69.35,-29.12,151.1,4.0,md,guc
2001-12-10,06:49:13,-72.1,-33.9,6.4,3.4,md,guc
2001-12-10,06:57:51,-71.64,-31.61,15.7,3.1,ml,guc
2001-12-10,10:18:04,-70.52,-32.85,89.5,2.7,md,guc
2001-12-10,12:45:26,-70.52,-33.7,89.3,2.7,md,guc
2001-12-10,20:16:34,-68.46,-31.23,100.0,3.4,md,guc
2001-12-10,20:49:24,-70.15,-33.19,103.0,2.4,md,guc
2001-12-10,20:50:29,-70.44,-33.85,15.1,2.8,md,guc
2001-12-10,23:42:34,-68.98,-32.88,193.7,3.3,md,guc
2001-12-11,04:13:58,-70.14,-32.75,105.8,2.6,md,guc
2001-12-11,06:32:42,-70.11,-33.42,9.9,3.5,ml,guc
2001-12-11,07:35:42,-71.57,-32.24,33.1,3.6,md,guc
2001-12-11,09:30:27,-69.2,-32.87,10.0,3.9,ml,guc
2001-12-11,10:00:09,-71.78,-32.28,13.0,3.0,ml,guc
2001-12-11,15:46:57,-72.48,-15.3,33.0,4.2,mb,us
2001-12-11,15:48:57,-69.73,-16.14,200.0,4.4,mb,us
2001-12-11,16:44:00,-72.76,-32.54,32.8,2.8,ml,guc
2001-12-11,22:27:32,-72.13,-33.89,4.2,3.1,md,guc
2001-12-12,00:38:33,-71.74,-32.7,27.4,3.6,md,guc
2001-12-12,00:44:57,-70.76,-31.83,92.8,3.5,md,guc
2001-12-12,04:45:55,-71.21,-32.23,61.3,4.2,mb,us
2001-12-12,07:39:57,-68.32,-21.55,124.2,3.2,mb,us
2001-12-12,10:53:14,-70.59,-32.0,103.3,3.7,md,guc
2001-12-12,11:31:55,-68.16,-21.92,127.5,4.5,mb,us
2001-12-12,22:26:46,-70.09,-34.11,8.2,3.6,md,guc
2001-12-13,00:09:52,-71.34,-34.79,64.1,3.8,md,guc
2001-12-13,01:53:48,-70.4,-34.68,0.0,3.6,md,guc
2001-12-13,02:14:18,-70.38,-34.67,1.2,3.6,md,guc
2001-12-13,02:19:09,-70.38,-34.69,0.8,3.4,md,guc
2001-12-13,12:00:51,-71.12,-36.46,35.8,4.3,mb,us
2001-12-13,12:05:13,-71.31,-36.37,0.0,3.9,md,guc
2001-12-13,13:38:28,-70.22,-33.23,103.8,4.5,mb,us
2001-12-13,14:31:33,-71.24,-30.73,55.9,4.2,md,guc
2001-12-13,14:56:45,-67.0,-19.22,238.0,4.3,mb,us
2001-12-13,19:07:45,-70.09,-31.72,132.1,4.1,md,guc
2001-12-13,20:05:13,-71.49,-32.01,66.7,3.5,md,guc
2001-12-13,20:18:36,-71.67,-35.58,98.9,4.0,md,guc
2001-12-14,01:17:54,-67.72,-31.73,33.0,5.1,mb,us
2001-12-14,03:09:55,-72.66,-17.4,33.0,4.6,mb,us
2001-12-14,05:12:03,-71.06,-16.62,96.2,4.3,mb,us
2001-12-14,07:19:15,-72.01,-33.7,10.2,3.4,md,guc
2001-12-14,07:25:23,-72.01,-33.71,9.8,3.5,md,guc
2001-12-14,10:04:03,-72.23,-33.45,5.7,3.0,md,guc
2001-12-14,11:44:56,-70.21,-32.93,102.6,3.0,md,guc
2001-12-14,14:15:59,-68.44,-22.2,122.5,4.4,mb,us
2001-12-14,15:36:43,-71.75,-32.63,21.1,4.1,md,guc
2001-12-14,16:02:26,-70.12,-32.64,118.8,3.5,md,guc
2001-12-15,01:48:14,-71.65,-31.6,33.3,3.8,md,guc
2001-12-15,03:17:42,-70.35,-33.39,101.3,2.5,md,guc
2001-12-15,05:49:47,-67.83,-31.86,174.9,3.9,md,guc
2001-12-15,05:52:01,-70.43,-17.76,103.7,4.2,mb,us
2001-12-15,08:06:34,-71.57,-31.7,39.9,3.6,md,guc
2001-12-15,10:48:55,-71.81,-33.7,30.3,3.1,md,guc
2001-12-15,11:16:16,-70.24,-32.14,118.7,3.6,md,guc
2001-12-15,14:45:11,-71.67,-31.62,15.0,3.8,md,guc
2001-12-15,21:04:51,-70.52,-34.51,110.9,3.0,md,guc
2001-12-15,22:37:24,-66.54,-28.95,59.1,4.0,mb,us
2001-12-16,02:23:29,-72.34,-33.53,34.6,3.8,md,guc
2001-12-16,03:36:23,-73.19,-15.24,100.0,4.4,mb,us
2001-12-16,05:12:24,-71.91,-32.96,13.3,3.7,md,guc
2001-12-16,06:01:43,-70.94,-31.91,97.5,2.8,md,guc
2001-12-16,08:31:09,-71.53,-30.72,28.2,2.5,ml,guc
2001-12-16,10:07:38,-73.15,-36.14,20.5,4.3,mb,us
2001-12-16,10:45:24,-71.18,-30.84,48.6,3.5,md,guc
2001-12-16,11:41:54,-70.09,-34.02,2.2,3.5,md,guc
2001-12-16,13:30:42,-72.65,-15.18,69.6,4.0,mb,us
2001-12-16,13:47:12,-73.74,-14.31,90.0,4.1,mb,us
2001-12-16,14:43:01,-72.65,-35.35,28.0,3.7,md,guc
2001-12-16,15:50:36,-71.7,-32.9,15.0,3.4,md,guc
2001-12-16,20:04:48,-70.97,-34.64,98.2,2.7,md,guc
2001-12-16,21:31:05,-70.47,-31.74,113.0,2.9,md,guc
2001-12-16,23:30:41,-72.61,-17.29,69.3,3.9,mb,us
2001-12-17,01:18:22,-67.19,-21.15,191.7,4.4,mb,us
2001-12-17,04:43:36,-73.33,-33.86,26.0,3.9,md,guc
2001-12-17,07:30:09,-71.62,-32.95,35.5,3.9,md,guc
2001-12-17,10:37:58,-71.73,-32.7,23.2,3.5,md,guc
2001-12-17,12:34:08,-72.22,-34.92,15.2,3.4,md,guc
2001-12-17,12:59:28,-70.89,-32.81,71.2,4.1,md,guc
2001-12-17,18:49:13,-70.23,-31.37,133.3,3.1,md,guc
2001-12-17,19:27:25,-67.56,-22.57,166.3,4.1,mb,us
2001-12-17,21:28:17,-73.54,-36.08,41.3,4.0,md,guc
2001-12-17,22:18:33,-72.88,-32.95,24.1,3.5,md,guc
2001-12-18,02:23:58,-70.85,-33.6,73.4,3.5,md,guc
2001-12-18,02:33:03,-69.29,-31.32,150.0,3.7,md,guc
2001-12-18,06:06:05,-69.8,-33.3,5.7,3.4,md,guc
2001-12-18,07:39:46,-71.63,-32.8,7.2,3.4,md,guc
2001-12-18,09:16:28,-66.72,-32.04,33.0,4.8,mb,us
2001-12-18,11:28:17,-69.44,-31.26,142.4,3.6,md,guc
2001-12-18,17:36:16,-72.22,-29.78,33.0,4.2,mb,us
2001-12-18,18:36:46,-71.71,-32.39,13.8,3.3,ml,guc
2001-12-18,20:44:42,-71.27,-36.29,0.0,2.6,ml,guc
2001-12-18,23:29:16,-70.85,-28.03,10.0,3.0,ml,guc
2001-12-19,00:08:48,-69.9,-31.6,228.3,3.9,md,guc
2001-12-19,03:37:31,-71.41,-30.68,54.6,4.3,md,guc
2001-12-19,07:39:37,-71.75,-32.48,28.4,3.4,md,guc
2001-12-19,09:52:43,-69.26,-31.34,200.0,3.7,md,guc
2001-12-19,10:38:27,-72.13,-33.92,4.4,3.4,md,guc
2001-12-19,10:40:11,-72.12,-33.9,4.2,3.4,md,guc
2001-12-19,12:00:35,-108.78,-8.82,10.0,4.4,mb,us
2001-12-19,13:39:58,-68.88,-31.69,150.0,3.6,md,guc
2001-12-19,17:25:03,-73.72,-35.0,15.6,3.8,md,guc
2001-12-19,20:15:50,-70.31,-31.27,139.4,3.3,md,guc
2001-12-19,22:15:21,-71.13,-35.28,105.7,3.6,md,guc
2001-12-20,01:10:37,-70.39,-33.23,97.9,3.3,md,guc
2001-12-20,01:12:14,-69.66,-30.61,127.0,3.9,md,guc
2001-12-20,07:08:39,-71.16,-34.0,64.1,3.3,md,guc
2001-12-20,12:57:34,-70.53,-32.59,13.5,3.6,md,guc
2001-12-20,14:52:52,-71.34,-30.56,61.0,4.0,md,guc
2001-12-20,16:39:57,-71.35,-32.85,45.8,3.5,md,guc
2001-12-20,16:50:33,-70.28,-33.14,5.8,3.6,md,guc
2001-12-20,19:47:42,-75.48,-8.2,35.5,4.7,mb,us
2001-12-20,19:58:22,-71.7,-32.13,10.1,4.2,ml,guc
2001-12-20,20:40:56,-70.06,-34.22,2.4,3.4,md,guc
2001-12-20,20:49:26,-70.74,-34.06,84.9,3.2,md,guc
2001-12-20,21:19:31,-70.06,-34.23,4.4,3.6,md,guc
2001-12-20,22:20:22,-71.76,-32.34,15.0,3.9,md,guc
2001-12-21,01:56:38,-71.81,-32.34,15.0,3.6,md,guc
2001-12-21,02:54:04,-70.83,-30.51,76.6,3.7,md,guc
2001-12-21,04:36:55,-69.57,-16.73,198.0,3.9,mb,us
2001-12-21,06:36:37,-71.18,-32.03,80.1,3.4,md,guc
2001-12-21,08:09:38,-70.97,-33.6,65.3,2.5,md,guc
2001-12-21,13:20:08,-66.84,-24.16,184.4,3.9,mb,us
2001-12-21,14:10:21,-71.67,-30.7,10.8,3.1,ml,guc
2001-12-21,16:54:29,-71.76,-32.35,15.2,3.6,md,guc
2001-12-21,17:18:33,-71.33,-32.43,45.6,3.6,md,guc
2001-12-21,23:12:34,-70.18,-30.07,3.4,3.4,ml,guc
2001-12-22,00:42:12,-71.2,-32.82,50.3,3.7,md,guc
2001-12-22,05:32:37,-71.32,-30.62,28.9,3.1,ml,guc
2001-12-22,06:20:37,-73.18,-33.64,30.2,3.6,ml,guc
2001-12-22,06:25:01,-70.56,-33.69,92.9,3.0,md,guc
2001-12-22,08:20:08,-71.19,-36.43,5.0,3.7,md,guc
2001-12-22,08:23:02,-71.33,-36.35,4.4,3.8,md,guc
2001-12-22,11:42:19,-71.32,-31.59,77.2,3.7,md,guc
2001-12-22,14:34:34,-71.62,-31.67,65.7,2.9,md,guc
2001-12-22,19:01:36,-68.47,-22.16,106.8,4.4,mb,us
2001-12-23,00:11:44,-67.38,-31.98,5.0,4.1,md,guc
2001-12-23,02:37:37,-71.54,-32.58,26.5,3.2,md,guc
2001-12-23,09:32:14,-73.83,-16.57,28.2,5.4,mwc,hrv
2001-12-23,11:34:05,-71.96,-31.21,25.6,5.0,mb,us
2001-12-23,11:36:04,-71.78,-31.26,16.9,4.6,ml,guc
2001-12-23,12:23:14,-71.77,-31.27,24.2,3.7,md,guc
2001-12-23,13:52:00,-71.83,-31.26,14.3,3.0,ml,guc
2001-12-23,16:55:43,-72.38,-34.02,32.0,3.6,md,guc
2001-12-23,18:01:16,-71.69,-32.16,15.1,3.0,ml,guc
2001-12-23,18:46:58,-58.06,-59.98,10.0,4.9,mb,us
2001-12-24,00:47:09,-71.83,-34.35,44.0,3.3,md,guc
2001-12-24,02:06:47,-68.5,-21.84,124.1,4.8,mb,us
2001-12-24,02:54:47,-71.59,-31.93,34.9,3.5,md,guc
2001-12-24,03:24:20,-72.16,-33.96,4.2,3.4,md,guc
2001-12-24,04:37:44,-67.06,-20.82,188.1,4.1,mb,us
2001-12-24,04:46:40,-71.12,-36.33,10.8,3.7,md,guc
2001-12-24,08:50:09,-71.86,-31.28,21.6,4.2,ml,guc
2001-12-24,09:43:38,-70.31,-35.09,160.8,3.1,md,guc
2001-12-24,10:00:09,-67.92,-33.48,196.4,4.2,mb,us
2001-12-24,10:42:30,-71.92,-33.32,23.2,3.5,md,guc
2001-12-24,11:11:15,-71.61,-32.95,39.7,3.9,md,guc
2001-12-24,11:38:22,-70.19,-28.6,84.3,4.7,mb,us
2001-12-24,13:02:14,-67.76,-31.88,3.3,3.4,ml,guc
2001-12-24,15:15:33,-71.09,-32.56,15.0,3.2,md,guc
2001-12-24,16:42:59,-72.92,-32.57,22.4,2.8,ml,guc
2001-12-24,19:28:26,-71.78,-31.26,7.3,3.3,ml,guc
2001-12-24,23:43:13,-97.38,-36.38,10.0,4.3,mb,us
2001-12-25,03:39:40,-70.96,-32.14,72.5,3.1,md,guc
2001-12-25,05:48:53,-75.5,-9.42,97.8,4.7,mb,us
2001-12-25,09:48:40,-71.68,-31.59,33.4,4.0,md,guc
2001-12-25,14:57:04,-70.12,-32.69,118.3,3.4,md,guc
2001-12-25,18:18:51,-73.26,-36.79,10.0,2.7,ml,guc
2001-12-25,18:27:46,-70.53,-33.12,101.5,2.7,md,guc
2001-12-25,19:55:56,-70.85,-32.67,76.6,2.4,md,guc
2001-12-25,21:27:18,-71.88,-33.57,29.8,3.5,md,guc
2001-12-25,22:05:28,-68.46,-33.84,21.2,3.9,md,guc
2001-12-25,23:52:02,-69.07,-31.84,150.0,3.5,md,guc
2001-12-26,00:06:43,-71.68,-32.43,27.0,3.0,ml,guc
2001-12-26,00:49:01,-71.16,-27.59,20.0,4.1,ml,guc
2001-12-26,03:08:58,-69.33,-31.52,189.0,3.6,md,guc
2001-12-26,06:38:58,-72.29,-33.26,15.3,3.6,md,guc
2001-12-26,06:53:13,-71.76,-28.64,63.8,3.6,md,guc
2001-12-26,10:04:11,-72.06,-33.91,42.8,3.4,md,guc
2001-12-27,02:38:28,-71.16,-33.13,52.1,4.0,md,guc
2001-12-27,06:44:24,-72.97,-32.5,36.8,3.7,md,guc
2001-12-27,08:06:02,-70.22,-32.19,110.0,2.9,md,guc
2001-12-27,09:41:47,-72.1,-28.57,28.0,3.6,ml,guc
2001-12-27,12:09:45,-70.34,-33.6,124.3,2.5,md,guc
2001-12-27,14:06:22,-69.71,-31.6,147.5,3.2,md,guc
2001-12-27,15:09:10,-70.88,-29.18,107.0,4.0,mb,us
2001-12-27,16:22:39,-71.72,-32.54,21.8,3.6,md,guc
2001-12-27,17:22:38,-69.7,-32.11,144.5,3.1,md,guc
2001-12-27,23:06:32,-70.52,-35.55,33.0,3.8,md,guc
2001-12-28,01:15:33,-70.5,-35.58,31.9,3.8,md,guc
2001-12-28,03:55:18,-71.66,-32.73,26.8,3.4,md,guc
2001-12-28,04:52:16,-70.82,-32.09,74.9,3.7,md,guc
2001-12-28,06:25:42,-70.97,-34.4,80.3,2.8,md,guc
2001-12-28,07:01:44,-70.49,-28.77,87.7,3.6,md,guc
2001-12-28,08:07:18,-71.81,-30.48,47.1,4.0,md,guc
2001-12-28,13:05:51,-75.78,-8.95,52.1,4.2,mb,us
2001-12-28,21:30:21,-71.61,-32.88,55.3,4.3,mb,us
2001-12-28,21:31:59,-100.64,-36.1,10.0,5.9,mwc,hrv
2001-12-28,21:45:06,-70.47,-16.67,112.5,3.8,mb,us
2001-12-28,22:09:28,-74.22,-8.36,160.6,6.0,mwc,hrv
2001-12-29,03:24:12,-72.17,-34.67,25.9,3.6,md,guc
2001-12-29,03:46:17,-71.69,-32.57,27.6,3.4,ml,guc
2001-12-29,04:13:26,-75.93,-44.94,33.0,4.5,mb,us
2001-12-29,05:32:43,-70.08,-30.94,127.2,3.7,md,guc
2001-12-29,06:00:09,-71.28,-28.28,19.8,3.4,ml,guc
2001-12-29,08:22:00,-70.31,-33.09,115.0,2.8,md,guc
2001-12-29,10:30:49,-68.56,-31.22,150.0,3.8,md,guc
2001-12-29,17:29:45,-103.31,-35.02,10.0,5.7,mwc,hrv
2001-12-29,19:39:56,-71.54,-33.67,44.6,3.4,md,guc
2001-12-29,19:46:50,-70.77,-32.0,74.7,2.9,md,guc
2001-12-29,20:44:34,-69.64,-26.22,33.0,4.2,mb,us
2001-12-30,02:49:50,-70.35,-34.08,8.3,3.5,md,guc
2001-12-30,05:02:18,-70.94,-34.79,98.7,3.6,md,guc
2001-12-30,05:04:56,-75.98,-44.84,33.0,4.5,mb,us
2001-12-30,11:27:31,-70.66,-32.08,95.1,2.5,md,guc
2001-12-30,13:37:50,-71.53,-31.82,39.0,3.6,md,guc
2001-12-30,19:14:42,-71.49,-31.99,62.0,3.9,md,guc
2001-12-30,21:49:24,-71.75,-32.67,26.7,2.6,ml,guc
2001-12-31,01:16:54,-71.74,-32.67,27.1,3.4,ml,guc
2001-12-31,07:14:24,-70.47,-34.32,108.6,2.9,md,guc
2001-12-31,19:14:10,-72.67,-17.42,31.0,5.3,mwc,hrv
2001-12-31,19:32:23,-70.1,-31.28,127.6,3.0,md,guc
2001-12-31,20:15:13,-72.78,-17.37,33.0,4.5,mb,us
2001-12-31,22:30:26,-69.72,-31.66,142.0,3.5,md,guc
2002-01-01,01:07:02,-73.01,-32.72,23.1,3.5,md,guc
2002-01-01,03:44:14,-70.36,-33.95,113.9,3.1,md,guc
2002-01-01,06:23:44,-69.39,-32.33,161.0,3.2,md,guc
2002-01-01,08:00:28,-69.33,-31.44,150.0,3.8,md,guc
2002-01-01,08:18:28,-67.75,-31.85,10.0,4.0,ml,guc
2002-01-01,09:08:55,-67.73,-31.76,10.0,4.0,md,guc
2002-01-01,12:12:39,-71.58,-30.68,35.1,4.0,md,guc
2002-01-01,13:58:57,-70.38,-33.56,15.0,3.4,md,guc
2002-01-01,17:26:00,-69.91,-33.37,10.7,3.7,md,guc
2002-01-01,18:41:40,-71.55,-31.97,69.3,3.4,md,guc
2002-01-01,19:49:47,-69.83,-33.28,8.5,3.8,md,guc
2002-01-01,21:21:25,-71.36,-32.37,48.5,3.7,md,guc
2002-01-02,02:48:01,-69.83,-31.84,135.0,3.7,md,guc
2002-01-02,04:14:10,-71.62,-32.71,34.6,3.9,md,guc
2002-01-02,10:13:18,-73.28,-37.7,81.5,4.3,md,guc
2002-01-02,10:59:20,-70.16,-32.89,104.2,3.5,md,guc
2002-01-02,14:46:44,-71.35,-33.15,80.5,2.8,md,guc
2002-01-02,20:06:41,-70.93,-31.73,98.8,4.1,md,guc
2002-01-03,04:21:17,-71.7,-32.73,28.4,3.7,md,guc
2002-01-03,04:27:22,-71.72,-32.79,38.5,3.3,md,guc
2002-01-03,05:15:11,-71.86,-32.15,33.8,3.4,md,guc
2002-01-03,06:33:03,-66.9,-24.04,181.4,4.4,mb,us
2002-01-03,07:41:41,-71.72,-32.51,30.8,3.4,md,guc
2002-01-03,12:16:48,-71.17,-30.31,58.3,4.1,md,guc
2002-01-03,12:32:37,-71.51,-32.0,30.1,3.7,md,guc
2002-01-03,14:46:15,-71.78,-32.7,42.2,3.6,md,guc
2002-01-03,15:19:10,-71.78,-32.32,29.7,3.9,ml,guc
2002-01-03,15:43:21,-69.88,-33.32,5.9,3.6,md,guc
2002-01-03,18:30:46,-87.85,-41.26,10.0,4.4,mb,us
2002-01-03,19:55:57,-70.24,-31.07,124.0,4.0,md,guc
2002-01-03,20:49:42,-71.73,-32.69,25.6,3.7,md,guc
2002-01-03,23:43:04,-111.93,-30.05,10.0,4.7,mb,us
2002-01-04,02:24:33,-71.82,-31.73,24.6,3.3,ml,guc
2002-01-04,04:32:38,-111.56,-29.86,10.0,4.7,mb,us
2002-01-04,08:24:03,-72.03,-27.72,20.0,3.5,ml,guc
2002-01-04,10:43:03,-71.53,-34.1,36.6,4.2,md,guc
2002-01-04,18:32:26,-73.28,-33.64,28.2,3.7,md,guc
2002-01-04,18:38:03,-74.24,-37.38,59.9,4.3,md,guc
2002-01-04,21:46:42,-73.03,-32.73,25.0,4.0,md,guc
2002-01-04,22:31:39,-70.24,-33.54,107.8,3.5,md,guc
2002-01-04,23:02:47,-71.84,-31.23,12.8,2.8,ml,guc
2002-01-05,00:02:19,-70.89,-34.86,99.7,3.6,md,guc
2002-01-05,01:04:23,-71.63,-37.13,81.4,3.8,md,guc
2002-01-05,02:29:25,-71.64,-32.39,52.8,4.0,md,guc
2002-01-05,06:33:35,-71.2,-35.2,95.0,3.5,md,guc
2002-01-05,10:57:23,-71.3,-31.02,64.7,3.5,md,guc
2002-01-05,12:02:55,-68.49,-33.37,33.0,4.8,mb,us
2002-01-05,18:22:17,-71.73,-30.68,15.1,3.6,ml,guc
2002-01-05,18:24:32,-71.72,-30.67,16.1,3.8,ml,guc
2002-01-05,18:28:20,-71.7,-30.68,10.5,3.3,ml,guc
2002-01-05,19:13:49,-71.81,-31.18,24.1,2.9,ml,guc
2002-01-05,20:50:40,-71.39,-33.96,47.6,3.6,md,guc
2002-01-05,21:40:29,-71.72,-32.68,41.0,3.7,md,guc
2002-01-05,22:40:00,-71.5,-35.56,88.7,3.7,md,guc
2002-01-06,01:14:55,-71.42,-33.96,46.5,3.3,md,guc
2002-01-06,12:29:49,-66.83,-24.18,200.0,4.3,mb,us
2002-01-06,12:30:04,-75.92,-9.08,33.0,4.8,mb,us
2002-01-06,12:39:18,-72.99,-36.45,5.0,3.9,ml,guc
2002-01-06,13:11:34,-71.69,-30.69,11.5,3.4,ml,guc
2002-01-06,17:08:01,-71.77,-35.03,54.8,3.7,md,guc
2002-01-06,18:37:57,-71.35,-31.09,64.6,3.8,md,guc
2002-01-06,20:42:37,-69.78,-33.3,5.0,3.8,md,guc
2002-01-06,22:16:13,-70.3,-34.02,118.2,3.3,md,guc
2002-01-07,04:23:22,-69.69,-32.84,135.7,3.1,md,guc
2002-01-07,06:10:42,-72.29,-34.52,36.2,3.7,md,guc
2002-01-07,07:29:44,-69.65,-31.64,100.0,3.5,md,guc
2002-01-07,07:37:21,-74.39,-8.05,151.8,4.7,mb,us
2002-01-07,08:32:37,-69.82,-33.37,0.5,3.3,md,guc
2002-01-07,10:38:57,-70.54,-33.23,91.4,3.7,md,guc
2002-01-07,12:44:58,-71.68,-32.56,20.2,3.8,md,guc
2002-01-07,14:52:36,-69.69,-31.82,148.5,3.2,md,guc
2002-01-07,18:39:52,-70.39,-33.85,105.7,3.5,md,guc
2002-01-07,18:48:17,-69.53,-31.46,159.1,3.4,md,guc
2002-01-07,19:09:18,-71.22,-30.94,63.6,3.6,md,guc
2002-01-07,20:28:00,-72.07,-16.88,96.5,3.9,mb,us
2002-01-08,00:09:01,-71.8,-32.65,22.2,3.3,md,guc
2002-01-08,00:36:15,-67.41,-20.96,173.3,4.1,mb,us
2002-01-08,04:17:59,-70.89,-34.9,105.2,2.7,md,guc
2002-01-08,06:53:31,-66.46,-22.67,250.0,4.3,mb,us
2002-01-08,08:37:15,-71.55,-32.58,26.4,3.5,md,guc
2002-01-08,09:28:50,-70.06,-34.27,10.0,3.0,md,guc
2002-01-08,12:14:33,-70.56,-32.99,93.0,2.8,md,guc
2002-01-08,13:56:02,-71.72,-32.75,27.1,3.8,md,guc
2002-01-08,13:58:05,-71.7,-32.76,13.8,3.7,md,guc
2002-01-08,17:15:36,-70.65,-34.44,9.8,3.1,md,guc
2002-01-08,17:19:01,-72.57,-14.18,33.0,4.0,mb,us
2002-01-08,20:32:54,-70.75,-34.81,0.2,3.3,md,guc
2002-01-08,20:36:14,-70.61,-34.45,112.0,2.7,md,guc
2002-01-09,08:42:44,-69.76,-31.42,167.8,3.6,md,guc
2002-01-09,09:20:12,-70.91,-34.7,98.8,2.4,md,guc
2002-01-09,12:03:44,-71.74,-32.74,26.1,3.1,ml,guc
2002-01-09,14:16:04,-69.64,-32.63,140.1,3.1,md,guc
2002-01-09,15:48:01,-71.68,-32.81,5.6,3.2,md,guc
2002-01-09,17:50:56,-71.42,-30.63,45.6,3.9,md,guc
2002-01-09,21:42:00,-71.7,-32.57,28.5,3.5,md,guc
2002-01-09,22:27:50,-71.43,-27.97,15.6,4.2,mb,us
2002-01-09,23:10:13,-71.26,-31.06,62.6,3.3,md,guc
2002-01-10,00:18:56,-71.73,-32.74,11.4,3.6,md,guc
2002-01-10,07:13:20,-71.65,-32.06,58.7,2.9,md,guc
2002-01-10,10:50:10,-71.91,-29.58,27.4,3.6,ml,guc
2002-01-10,11:26:17,-70.07,-31.83,123.1,3.2,md,guc
2002-01-10,12:09:09,-71.8,-32.09,7.3,3.5,ml,guc
2002-01-10,12:19:24,-72.5,-30.43,15.1,3.3,ml,guc
2002-01-10,14:07:45,-70.17,-31.95,128.8,3.1,md,guc
2002-01-10,16:44:21,-72.07,-33.68,43.3,3.4,md,guc
2002-01-10,18:12:00,-69.56,-29.57,145.0,3.8,md,guc
2002-01-10,23:25:51,-72.65,-45.74,33.0,4.8,mb,us
2002-01-11,01:59:56,-70.94,-34.46,79.1,2.8,md,guc
2002-01-11,08:54:02,-70.92,-33.34,78.5,2.5,md,guc
2002-01-11,12:06:12,-70.82,-34.85,108.3,2.7,md,guc
2002-01-11,18:25:49,-91.39,-38.41,10.0,4.8,mb,us
2002-01-11,18:34:47,-91.95,-38.46,10.0,4.2,mb,us
2002-01-11,20:16:20,-80.65,-7.01,48.0,4.5,mb,us
2002-01-11,20:53:21,-71.69,-33.69,57.8,2.6,md,guc
2002-01-11,22:41:31,-71.51,-33.92,43.9,3.4,md,guc
2002-01-12,02:21:32,-80.77,-4.77,37.5,4.1,mb,us
2002-01-12,05:46:50,-68.04,-21.05,150.2,3.8,mb,us
2002-01-12,08:24:28,-71.69,-30.68,11.2,2.6,ml,guc
2002-01-12,08:45:47,-72.28,-30.35,49.3,3.7,md,guc
2002-01-12,11:47:51,-73.15,-32.86,17.0,3.6,md,guc
2002-01-12,13:07:22,-72.09,-30.09,7.5,3.8,ml,guc
2002-01-12,16:32:57,-72.09,-32.96,15.0,3.5,md,guc
2002-01-12,16:36:47,-72.1,-32.95,23.8,3.6,ml,guc
2002-01-12,20:36:02,-71.07,-32.65,3.2,3.6,md,guc
2002-01-12,21:05:33,-68.68,-31.25,33.0,3.6,md,guc
2002-01-12,21:52:50,-111.86,-29.29,10.0,4.8,mb,us
2002-01-13,00:39:38,-72.09,-32.96,28.6,3.9,ml,guc
2002-01-13,00:43:46,-72.11,-32.93,15.0,3.7,md,guc
2002-01-13,01:18:42,-72.11,-32.96,32.3,3.8,md,guc
2002-01-13,04:27:07,-68.49,-21.76,143.8,3.9,mb,us
2002-01-13,05:58:47,-70.65,-32.41,84.8,3.3,md,guc
2002-01-13,07:28:26,-71.5,-31.87,69.7,4.0,mb,us
2002-01-13,09:14:37,-66.64,-27.87,161.7,4.4,mb,us
2002-01-13,09:16:48,-112.5,-29.92,10.0,4.5,mb,us
2002-01-13,10:35:28,-76.3,-7.01,116.0,3.8,mb,us
2002-01-13,17:17:13,-72.1,-32.93,31.3,3.8,md,guc
2002-01-13,17:45:30,-72.14,-30.4,40.9,3.7,md,guc
2002-01-13,21:43:49,-71.05,-33.33,72.2,3.2,md,guc
2002-01-13,21:47:08,-70.22,-34.35,9.6,4.0,md,guc
2002-01-13,22:21:42,-70.15,-34.44,7.4,4.0,md,guc
2002-01-13,23:42:06,-70.2,-31.88,123.2,3.3,md,guc
2002-01-14,01:49:44,-70.21,-34.36,10.1,3.1,md,guc
2002-01-14,02:01:11,-70.2,-34.36,10.0,2.9,md,guc
2002-01-14,03:27:49,-68.42,-31.19,100.0,3.9,md,guc
2002-01-14,04:58:21,-70.21,-34.36,8.5,3.0,md,guc
2002-01-14,08:13:44,-71.21,-29.72,49.5,3.5,md,guc
2002-01-14,10:18:15,-71.78,-35.86,81.9,2.8,md,guc
2002-01-14,11:05:54,-111.85,-30.14,10.0,5.3,mwc,hrv
2002-01-14,12:47:11,-71.6,-32.69,31.0,3.5,md,guc
2002-01-14,15:36:26,-69.23,-19.38,33.0,5.8,mwb,us
2002-01-14,16:27:45,-71.14,-34.0,74.6,2.5,md,guc
2002-01-14,17:52:13,-71.54,-32.32,59.4,2.5,md,guc
2002-01-14,19:59:35,-68.24,-21.05,143.0,4.2,mb,us
2002-01-15,01:27:29,-71.71,-29.94,12.6,3.9,md,guc
2002-01-15,03:28:06,-72.69,-16.85,89.2,4.0,mb,us
2002-01-15,03:48:36,-71.69,-30.64,48.0,4.5,mb,us
2002-01-15,04:18:21,-71.67,-30.67,28.2,3.0,ml,guc
2002-01-15,06:10:38,-70.07,-34.04,0.9,3.5,md,guc
2002-01-15,06:34:47,-70.33,-35.31,174.5,3.6,md,guc
2002-01-15,07:01:02,-71.38,-30.74,39.3,3.7,md,guc
2002-01-15,07:18:59,-71.98,-33.55,34.7,4.0,md,guc
2002-01-15,08:31:11,-71.63,-30.69,36.0,3.8,md,guc
2002-01-15,11:27:40,-71.26,-32.4,51.3,3.7,md,guc
2002-01-15,20:01:45,-71.66,-30.67,8.7,2.9,ml,guc
2002-01-15,23:09:35,-72.86,-15.09,118.2,4.4,mb,us
2002-01-16,00:03:30,-70.57,-33.46,82.4,2.6,md,guc
2002-01-16,07:23:53,-68.94,-19.3,33.0,5.1,mb,us
2002-01-16,10:38:15,-68.25,-31.0,5.0,3.6,ml,guc
2002-01-16,18:45:22,-97.12,-36.23,10.0,5.4,mwc,hrv
2002-01-16,20:04:18,-71.43,-33.06,50.9,3.0,md,guc
2002-01-16,22:16:06,-71.48,-34.09,44.4,3.2,md,guc
2002-01-16,23:36:22,-70.53,-32.03,114.9,3.4,md,guc
2002-01-17,02:14:27,-70.76,-32.77,83.6,4.0,md,guc
2002-01-17,02:27:40,-69.16,-31.19,228.3,3.9,md,guc
2002-01-17,12:25:54,-71.72,-31.95,53.6,4.0,md,guc
2002-01-17,13:47:14,-71.02,-34.23,69.0,3.1,md,guc
2002-01-17,14:05:06,-71.68,-30.67,22.7,3.3,ml,guc
2002-01-17,17:22:17,-66.42,-19.72,354.6,3.9,mb,us
2002-01-17,18:37:06,-68.72,-23.26,108.1,4.9,mb,us
2002-01-17,22:28:55,-71.87,-35.84,81.9,3.5,md,guc
2002-01-17,23:47:27,-74.36,-15.63,62.0,3.9,mb,us
2002-01-18,02:38:08,-68.02,-28.53,33.0,4.6,mb,us
2002-01-18,07:31:23,-67.05,-24.38,148.3,5.0,mb,us
2002-01-18,09:38:25,-76.35,-9.83,120.5,3.8,mb,us
2002-01-18,17:21:51,-72.5,-35.37,67.5,4.1,md,guc
2002-01-18,20:50:31,-68.95,-20.71,134.7,4.3,mb,us
2002-01-19,00:31:36,-67.71,-23.3,164.9,4.1,mb,us
2002-01-19,04:23:21,-65.2,-30.51,55.2,4.5,mb,us
2002-01-19,21:09:58,-74.46,-7.96,144.4,4.5,mb,us
2002-01-20,01:58:29,-72.09,-33.04,3.5,3.6,md,guc
2002-01-20,02:16:22,-72.1,-32.99,32.6,3.5,md,guc
2002-01-20,05:17:21,-71.44,-32.1,63.2,3.5,md,guc
2002-01-20,06:41:35,-66.94,-31.7,119.1,4.1,md,guc
2002-01-20,09:52:31,-70.48,-31.92,101.8,3.3,md,guc
2002-01-20,10:02:02,-70.03,-33.1,111.2,3.0,md,guc
2002-01-20,11:25:18,-70.05,-34.26,6.1,3.8,md,guc
2002-01-20,12:10:08,-71.13,-34.84,90.0,2.7,md,guc
2002-01-20,12:58:54,-66.26,-23.62,229.7,4.1,mb,us
2002-01-20,13:42:46,-70.72,-33.5,83.9,2.8,md,guc
2002-01-20,14:19:21,-70.59,-31.82,107.9,3.5,md,guc
2002-01-20,17:54:16,-81.72,-6.51,33.0,4.3,mb,us
2002-01-20,19:15:16,-71.69,-34.08,44.4,3.8,md,guc
2002-01-20,22:24:52,-71.55,-32.35,63.3,3.6,md,guc
2002-01-21,02:47:27,-66.88,-32.52,33.0,4.2,md,guc
2002-01-21,04:19:00,-70.52,-33.19,94.2,4.0,md,guc
2002-01-21,07:03:38,-71.69,-32.74,22.5,3.6,md,guc
2002-01-21,07:52:29,-85.64,-41.46,10.0,5.5,mwc,hrv
2002-01-21,09:27:30,-70.05,-34.23,3.5,3.7,md,guc
2002-01-21,11:36:53,-71.16,-35.0,9.0,3.7,md,guc
2002-01-21,13:58:12,-70.96,-34.42,81.8,2.7,md,guc
2002-01-21,14:37:20,-70.15,-33.7,118.9,3.1,md,guc
2002-01-21,18:38:36,-69.81,-33.29,5.5,3.8,md,guc
2002-01-22,01:56:26,-70.39,-34.57,7.5,3.6,md,guc
2002-01-22,02:25:18,-65.62,-58.44,33.0,4.2,mb,us
2002-01-22,04:38:59,-71.62,-31.17,29.0,2.6,ml,guc
2002-01-22,11:05:35,-71.63,-29.81,53.6,4.3,md,guc
2002-01-22,12:47:25,-71.86,-31.4,39.6,4.2,md,guc
2002-01-22,13:04:55,-80.13,-6.93,33.0,4.2,mb,us
2002-01-22,14:58:14,-72.38,-34.65,15.0,3.9,md,guc
2002-01-22,16:03:13,-71.75,-34.47,43.9,3.5,md,guc
2002-01-22,17:01:55,-70.39,-34.45,11.4,3.4,md,guc
2002-01-22,19:38:33,-75.41,-15.64,33.0,3.8,mb,us
2002-01-23,01:11:32,-68.6,-33.52,6.0,3.7,md,guc
2002-01-23,03:28:34,-71.54,-32.07,26.7,3.8,md,guc
2002-01-23,08:02:59,-71.45,-36.03,99.7,3.7,md,guc
2002-01-23,09:00:55,-72.12,-33.16,40.6,4.3,md,guc
2002-01-23,09:59:58,-71.94,-31.7,30.1,3.9,md,guc
2002-01-23,10:31:04,-70.2,-34.35,10.1,3.7,md,guc
2002-01-23,11:12:08,-68.91,-33.13,33.0,3.7,ml,guc
2002-01-23,12:58:00,-72.91,-33.15,25.7,3.7,md,guc
2002-01-23,14:13:17,-69.95,-32.76,127.9,3.1,md,guc
2002-01-23,14:19:35,-70.53,-35.44,15.0,3.5,md,guc
2002-01-23,15:32:54,-69.12,-29.84,16.6,3.0,ml,guc
2002-01-24,06:10:52,-70.31,-28.16,0.0,3.5,ml,guc
2002-01-24,06:41:01,-71.31,-35.58,104.3,3.7,md,guc
2002-01-24,07:05:10,-70.15,-33.1,101.5,2.9,md,guc
2002-01-24,07:45:42,-69.0,-33.01,2.0,3.9,ml,guc
2002-01-24,14:46:21,-69.03,-32.9,0.0,3.8,md,guc
2002-01-24,23:29:42,-71.32,-33.87,56.3,2.5,md,guc
2002-01-24,23:45:52,-71.09,-30.0,68.0,4.2,mb,us
2002-01-25,04:51:58,-70.75,-31.11,15.0,2.9,ml,guc
2002-01-25,06:29:19,-68.81,-22.75,101.9,3.4,mb,us
2002-01-25,09:34:46,-71.47,-36.14,101.8,4.2,mb,us
2002-01-25,13:35:50,-69.32,-31.66,143.3,3.1,md,guc
2002-01-25,14:34:33,-71.78,-32.17,8.3,3.2,md,guc
2002-01-25,16:17:52,-70.78,-34.25,95.4,2.4,md,guc
2002-01-25,18:50:34,-72.15,-33.04,12.6,3.7,md,guc
2002-01-25,21:37:33,-82.43,-43.08,10.0,5.0,mb,us
2002-01-25,23:30:08,-70.15,-34.01,2.3,3.8,md,guc
2002-01-25,23:37:48,-69.9,-33.4,6.7,3.3,md,guc
2002-01-25,23:59:13,-71.93,-35.7,75.0,2.9,md,guc
2002-01-26,06:21:41,-71.73,-32.77,26.3,3.5,md,guc
2002-01-26,10:31:36,-71.68,-32.76,18.9,3.1,md,guc
2002-01-26,12:28:32,-71.91,-34.82,12.1,3.5,md,guc
2002-01-26,12:32:57,-68.66,-29.62,118.0,4.0,mb,us
2002-01-26,15:08:32,-69.9,-31.67,155.9,3.0,md,guc
2002-01-26,15:35:14,-72.07,-35.04,51.8,3.7,md,guc
2002-01-26,16:20:09,-72.6,-15.34,42.1,4.8,mb,us
2002-01-26,16:42:51,-70.88,-33.95,72.5,2.4,md,guc
2002-01-26,17:37:51,-71.82,-32.55,25.5,3.3,md,guc
2002-01-26,22:59:11,-70.36,-33.18,101.9,2.4,md,guc
2002-01-26,23:28:53,-71.92,-33.73,40.7,3.4,md,guc
2002-01-27,03:13:13,-70.16,-34.05,8.0,3.1,md,guc
2002-01-27,18:09:22,-68.65,-31.69,100.0,3.7,mb,us
2002-01-27,18:24:57,-63.67,-18.16,66.5,4.7,mb,us
2002-01-28,02:20:25,-71.86,-32.5,26.3,4.2,md,guc
2002-01-28,05:39:56,-71.72,-32.51,29.8,3.2,md,guc
2002-01-28,09:18:58,-71.37,-32.28,15.0,3.5,md,guc
2002-01-28,10:17:44,-71.11,-32.15,75.9,2.9,md,guc
2002-01-28,13:41:07,-69.87,-31.63,130.2,3.3,md,guc
2002-01-28,17:07:09,-71.71,-32.46,27.1,3.6,md,guc
2002-01-28,20:38:11,-70.33,-33.2,3.7,3.4,md,guc
2002-01-29,02:33:01,-72.99,-32.64,21.9,3.1,ml,guc
2002-01-29,03:41:53,-70.27,-33.16,93.0,3.0,md,guc
2002-01-29,04:34:11,-69.83,-31.96,134.4,3.2,md,guc
2002-01-29,04:44:12,-69.16,-33.2,5.0,3.7,md,guc
2002-01-29,04:49:53,-69.13,-19.43,99.4,4.7,mb,us
2002-01-29,09:20:19,-71.35,-32.18,48.3,4.0,md,guc
2002-01-29,09:52:07,-71.72,-32.67,23.9,3.4,md,guc
2002-01-29,11:03:03,-75.77,-45.08,33.0,4.4,mb,us
2002-01-29,12:28:11,-72.18,-33.02,26.8,3.9,md,guc
2002-01-29,12:33:36,-72.14,-33.03,15.5,3.5,md,guc
2002-01-29,14:30:47,-73.01,-32.85,18.3,3.8,md,guc
2002-01-29,14:51:25,-70.39,-34.57,10.0,3.2,md,guc
2002-01-29,14:53:41,-68.38,-31.27,100.0,3.6,md,guc
2002-01-29,15:38:57,-73.06,-32.87,18.9,3.5,md,guc
2002-01-29,16:14:34,-71.39,-33.27,60.8,3.2,md,guc
2002-01-29,18:59:07,-80.37,-44.8,33.0,4.0,mb,us
2002-01-29,20:01:50,-80.53,-6.14,53.7,4.0,mb,us
2002-01-30,04:04:55,-71.86,-32.48,25.0,3.3,ml,guc
2002-01-30,04:28:41,-71.8,-32.4,22.5,3.4,md,guc
2002-01-30,06:10:52,-72.83,-13.92,85.3,4.6,mb,us
2002-01-30,08:05:46,-113.71,-22.13,10.0,4.6,mb,us
2002-01-30,13:26:19,-72.26,-34.49,15.0,3.6,md,guc
2002-01-30,14:24:10,-71.84,-32.47,20.0,3.6,md,guc
2002-01-30,15:12:19,-114.13,-28.4,10.0,5.0,mb,us
2002-01-30,16:58:05,-70.2,-33.09,112.8,2.7,md,guc
2002-01-30,18:16:01,-66.52,-23.73,214.7,4.3,mb,us
2002-01-30,21:25:25,-70.91,-32.02,72.8,3.6,md,guc
2002-01-31,05:22:11,-70.19,-33.61,111.5,3.5,md,guc
2002-01-31,06:53:07,-66.0,-22.53,246.6,4.5,mb,us
2002-01-31,07:05:58,-73.73,-7.28,33.0,4.2,mb,us
2002-01-31,13:06:45,-72.14,-34.46,19.4,4.2,md,guc
2002-01-31,19:24:24,-70.13,-22.37,33.0,4.6,mb,us
2002-02-01,00:07:53,-70.03,-32.51,125.0,3.3,md,guc
2002-02-01,04:49:38,-70.48,-31.86,100.3,3.1,md,guc
2002-02-01,05:58:37,-71.84,-32.52,12.6,3.6,ml,guc
2002-02-01,06:13:54,-70.12,-33.13,105.0,2.9,md,guc
2002-02-01,06:32:02,-73.56,-36.8,17.7,4.3,ml,guc
2002-02-01,08:43:50,-71.85,-32.47,13.1,3.5,md,guc
2002-02-01,16:47:29,-70.29,-33.15,1.8,3.5,md,guc
2002-02-01,17:30:38,-71.81,-33.39,36.5,3.4,md,guc
2002-02-01,21:50:37,-72.24,-15.13,33.0,4.6,mb,us
2002-02-01,22:45:54,-71.31,-31.04,61.1,3.4,md,guc
2002-02-02,03:01:54,-71.3,-36.66,200.0,3.6,md,guc
2002-02-02,03:35:38,-70.26,-32.33,119.5,3.0,md,guc
2002-02-02,06:10:40,-71.55,-32.59,21.0,3.0,ml,guc
2002-02-02,07:37:03,-68.28,-21.63,121.3,4.0,mb,us
2002-02-02,10:51:05,-70.57,-34.27,110.4,2.9,md,guc
2002-02-02,12:13:59,-71.45,-32.32,43.0,3.5,md,guc
2002-02-02,13:18:10,-71.65,-32.69,23.4,3.9,md,guc
2002-02-02,18:07:44,-72.15,-33.92,1.8,4.0,md,guc
2002-02-03,02:03:07,-69.82,-33.33,0.0,3.6,md,guc
2002-02-03,08:14:52,-66.74,-24.18,184.5,4.6,mb,us
2002-02-03,10:05:40,-70.5,-34.51,116.9,3.3,md,guc
2002-02-03,12:59:33,-72.03,-15.65,33.0,5.3,mwc,hrv
2002-02-03,14:21:07,-67.23,-24.12,145.2,4.1,mb,us
2002-02-03,15:46:30,-70.99,-34.75,99.4,2.8,md,guc
2002-02-03,16:34:20,-69.5,-17.67,150.0,3.7,mb,us
2002-02-03,18:00:57,-80.92,-4.05,33.0,4.0,mb,us
2002-02-03,18:07:29,-71.25,-30.54,43.4,4.0,md,guc
2002-02-03,23:59:56,-72.04,-34.29,38.8,3.4,md,guc
2002-02-04,01:59:33,-73.04,-36.48,3.0,3.8,md,guc
2002-02-04,02:45:35,-71.78,-32.68,22.5,3.5,ml,guc
2002-02-04,03:58:05,-71.76,-32.68,27.3,3.8,md,guc
2002-02-04,10:11:00,-70.33,-35.02,162.7,4.0,md,guc
2002-02-04,11:12:48,-70.06,-32.46,101.0,3.1,md,guc
2002-02-04,13:43:41,-71.33,-35.95,141.0,3.5,md,guc
2002-02-04,13:52:38,-72.06,-33.13,14.9,3.8,md,guc
2002-02-04,16:44:32,-69.55,-18.17,137.8,4.4,mb,us
2002-02-04,17:03:08,-70.28,-33.15,4.7,3.5,md,guc
2002-02-05,07:03:27,-71.08,-33.66,67.0,2.9,md,guc
2002-02-05,09:56:59,-70.39,-33.2,97.9,3.0,md,guc
2002-02-05,17:49:04,-70.3,-33.14,5.0,3.5,md,guc
2002-02-05,18:26:10,-71.14,-33.58,68.5,3.0,md,guc
2002-02-06,00:17:02,-70.44,-31.34,124.8,3.3,md,guc
2002-02-06,00:34:26,-70.9,-32.71,70.7,3.2,md,guc
2002-02-06,01:21:43,-70.11,-32.96,112.3,2.7,md,guc
2002-02-06,02:55:07,-76.12,-6.11,121.9,3.9,mb,us
2002-02-06,07:25:05,-71.48,-32.62,23.8,3.1,md,guc
2002-02-06,07:51:44,-70.41,-34.67,0.0,3.7,md,guc
2002-02-06,08:04:06,-71.86,-33.27,18.9,3.6,md,guc
2002-02-06,08:11:28,-71.86,-33.27,19.3,3.5,md,guc
2002-02-06,16:37:54,-68.63,-31.24,150.0,3.9,md,guc
2002-02-06,18:25:06,-71.33,-35.32,91.0,3.1,md,guc
2002-02-06,21:15:34,-71.5,-32.01,61.7,4.1,mb,us
2002-02-07,01:28:24,-70.94,-34.83,106.5,2.9,md,guc
2002-02-07,06:07:23,-72.41,-17.02,28.7,4.8,mb,us
2002-02-07,07:52:28,-71.75,-32.72,24.9,3.8,md,guc
2002-02-07,17:05:21,-70.43,-32.4,89.1,3.2,md,guc
2002-02-07,18:32:12,-69.17,-31.19,171.6,4.3,md,guc
2002-02-08,00:18:48,-71.36,-32.28,48.1,3.9,md,guc
2002-02-08,01:06:25,-70.31,-33.87,114.9,3.2,md,guc
2002-02-08,03:56:58,-72.45,-35.06,2.0,3.7,md,guc
2002-02-08,03:59:14,-71.19,-35.07,80.5,3.0,md,guc
2002-02-08,05:59:43,-70.42,-32.3,108.3,3.7,md,guc
2002-02-08,08:05:02,-71.57,-34.78,69.0,5.1,mb,us
2002-02-08,10:24:58,-70.74,-33.94,81.3,3.2,md,guc
2002-02-08,12:07:25,-71.6,-32.48,39.6,3.9,md,guc
2002-02-08,18:05:39,-71.67,-31.6,22.1,4.5,md,guc
2002-02-09,02:25:42,-72.08,-34.02,34.3,3.6,md,guc
2002-02-09,03:32:24,-72.05,-39.98,134.5,4.1,mb,us
2002-02-09,03:56:45,-71.59,-17.49,99.1,3.8,mb,us
2002-02-09,04:12:36,-118.88,-54.44,10.0,4.8,mb,us
2002-02-09,09:27:01,-71.57,-36.06,112.0,3.6,md,guc
2002-02-09,13:36:57,-70.7,-33.92,81.7,2.7,md,guc
2002-02-09,13:38:36,-71.2,-34.04,54.7,3.4,md,guc
2002-02-10,00:50:53,-77.14,-5.62,49.0,4.4,mb,us
2002-02-10,07:00:17,-71.78,-34.72,32.0,3.7,md,guc
2002-02-10,11:47:11,-70.71,-32.59,86.5,3.7,md,guc
2002-02-10,12:09:03,-71.48,-30.72,17.0,2.8,ml,guc
2002-02-10,20:09:53,-71.5,-30.91,27.1,4.1,md,guc
2002-02-11,01:34:28,-66.52,-27.98,168.9,4.0,mb,us
2002-02-11,06:52:44,-69.67,-32.08,100.0,4.1,md,guc
2002-02-11,10:19:32,-70.53,-33.97,105.9,3.3,md,guc
2002-02-11,15:22:12,-73.46,-34.06,25.2,3.9,md,guc
2002-02-11,17:26:47,-68.22,-28.97,111.8,3.7,mb,us
2002-02-11,17:37:47,-73.46,-34.05,24.9,4.1,md,guc
2002-02-11,23:16:38,-67.03,-32.11,135.3,4.0,mb,us
2002-02-11,23:54:59,-70.47,-34.08,106.1,2.7,md,guc
2002-02-12,00:07:55,-70.46,-34.06,103.4,3.0,md,guc
2002-02-12,03:16:02,-70.17,-34.37,5.4,4.1,md,guc
2002-02-12,03:22:06,-70.12,-34.42,10.0,4.0,md,guc
2002-02-12,03:26:00,-70.15,-34.4,6.8,3.5,md,guc
2002-02-12,06:52:37,-70.27,-33.04,103.8,4.0,md,guc
2002-02-12,07:32:18,-70.18,-34.31,5.3,3.7,md,guc
2002-02-12,07:47:42,-70.41,-34.66,0.0,3.8,md,guc
2002-02-12,13:50:38,-70.42,-34.53,127.6,3.5,md,guc
2002-02-12,16:48:15,-70.29,-33.17,5.9,3.7,md,guc
2002-02-13,00:51:42,-71.61,-32.33,49.8,3.7,md,guc
2002-02-13,04:23:18,-72.16,-33.99,30.5,3.9,md,guc
2002-02-13,05:51:26,-72.14,-33.97,33.2,4.3,md,guc
2002-02-13,06:01:48,-72.06,-33.96,8.4,4.0,md,guc
2002-02-13,06:16:02,-72.07,-34.03,8.0,3.6,md,guc
2002-02-13,06:39:24,-72.12,-34.0,34.2,3.8,md,guc
2002-02-13,06:49:18,-72.08,-33.94,3.8,3.7,md,guc
2002-02-13,07:00:57,-72.06,-33.95,8.3,4.2,md,guc
2002-02-13,07:27:09,-72.09,-33.96,7.7,4.0,md,guc
2002-02-13,07:56:41,-72.08,-33.99,7.8,4.0,md,guc
2002-02-13,07:59:58,-72.06,-33.97,0.0,3.5,md,guc
2002-02-13,08:27:33,-72.06,-33.96,2.0,3.7,md,guc
2002-02-13,08:33:08,-72.11,-33.98,7.1,3.9,md,guc
2002-02-13,08:36:43,-72.06,-33.98,8.5,3.8,md,guc
2002-02-13,09:45:24,-71.23,-29.96,44.6,4.1,md,guc
2002-02-13,12:09:37,-67.64,-28.36,135.6,4.5,mb,us
2002-02-13,22:41:57,-69.6,-21.79,66.8,4.7,mb,us
2002-02-14,04:19:37,-71.75,-31.65,7.2,3.3,md,guc
2002-02-14,04:31:58,-68.78,-33.41,0.0,3.6,md,guc
2002-02-14,05:09:03,-71.51,-35.7,104.6,3.2,md,guc
2002-02-14,07:41:58,-70.66,-33.8,91.4,3.4,md,guc
2002-02-14,08:00:18,-68.7,-22.15,117.4,4.2,mb,us
2002-02-14,08:10:54,-71.23,-33.04,29.4,3.2,md,guc
2002-02-14,08:15:41,-71.67,-33.47,25.5,2.8,md,guc
2002-02-14,09:44:25,-72.1,-32.94,15.0,4.1,md,guc
2002-02-14,11:39:15,-72.01,-32.97,0.0,3.5,md,guc
2002-02-14,12:13:26,-72.07,-32.93,6.4,3.9,md,guc
2002-02-14,20:59:23,-71.71,-30.9,14.9,4.1,md,guc
2002-02-14,23:07:18,-70.55,-31.23,116.0,3.4,md,guc
2002-02-14,23:45:33,-71.84,-32.41,13.1,3.8,md,guc
2002-02-15,00:36:23,-69.86,-34.33,3.7,3.7,md,guc
2002-02-15,01:34:15,-71.66,-32.4,27.0,3.8,md,guc
2002-02-15,01:46:38,-100.3,-36.23,10.0,6.0,mwb,us
2002-02-15,06:03:35,-71.09,-35.2,105.4,3.8,md,guc
2002-02-15,21:53:11,-70.25,-32.96,105.5,3.9,md,guc
2002-02-16,01:12:49,-70.11,-32.15,110.1,4.1,md,guc
2002-02-16,04:22:52,-71.53,-32.29,28.7,3.8,md,guc
2002-02-16,06:33:10,-70.5,-34.98,0.0,4.2,md,guc
2002-02-16,08:03:56,-71.21,-14.08,33.0,3.6,mb,us
2002-02-16,09:24:24,-69.69,-30.35,139.2,3.3,md,guc
2002-02-16,14:01:02,-71.3,-31.36,49.1,4.3,md,guc
2002-02-16,17:28:17,-70.74,-34.12,84.1,3.0,md,guc
2002-02-16,17:32:54,-90.75,-11.78,10.0,4.4,mb,us
2002-02-16,22:20:37,-70.26,-33.16,3.7,3.9,md,guc
2002-02-16,23:03:14,-70.87,-30.58,73.1,3.9,md,guc
2002-02-17,00:31:27,-72.05,-32.71,9.9,3.9,md,guc
2002-02-17,03:38:11,-73.11,-32.61,47.3,3.9,md,guc
2002-02-17,05:37:05,-71.18,-30.03,50.1,3.5,md,guc
2002-02-17,07:30:04,-72.35,-16.87,86.6,3.6,mb,us
2002-02-17,07:57:54,-70.18,-34.36,6.4,3.8,md,guc
2002-02-17,08:12:49,-70.44,-33.85,98.9,3.3,md,guc
2002-02-17,10:00:59,-71.15,-28.91,42.2,3.9,md,guc
2002-02-17,12:36:42,-69.63,-32.21,135.5,3.6,md,guc
2002-02-17,12:58:31,-71.43,-32.33,42.0,4.0,md,guc
2002-02-17,13:30:03,-71.96,-34.66,29.1,4.0,md,guc
2002-02-17,14:07:51,-71.24,-33.09,11.9,3.6,md,guc
2002-02-17,20:36:32,-66.98,-20.56,214.0,3.6,mb,us
2002-02-17,23:46:11,-71.4,-32.69,24.2,3.9,md,guc
2002-02-18,00:03:16,-71.54,-32.82,27.4,3.8,md,guc
2002-02-18,00:30:19,-73.03,-32.84,17.4,3.7,md,guc
2002-02-18,02:36:36,-70.62,-32.96,87.3,3.6,md,guc
2002-02-18,03:20:08,-71.71,-30.83,10.0,4.0,md,guc
2002-02-18,08:13:10,-69.54,-31.71,150.0,3.9,md,guc
2002-02-18,11:14:31,-73.1,-32.73,28.4,4.0,md,guc
2002-02-18,15:45:20,-79.57,-8.51,45.7,4.5,mb,us
2002-02-18,17:21:50,-71.8,-30.52,9.7,4.2,md,guc
2002-02-19,01:00:34,-67.28,-22.18,176.4,4.1,mb,us
2002-02-19,03:50:35,-70.24,-32.27,105.5,3.5,md,guc
2002-02-19,04:51:50,-68.38,-31.46,150.0,4.0,md,guc
2002-02-19,05:00:45,-69.18,-31.32,150.0,3.6,md,guc
2002-02-19,07:07:09,-71.7,-32.19,62.7,4.9,mb,us
2002-02-19,07:46:35,-71.71,-33.39,28.8,3.8,md,guc
2002-02-19,09:31:37,-70.63,-32.76,43.2,3.6,md,guc
2002-02-19,10:40:03,-70.86,-30.02,88.2,3.6,md,guc
2002-02-19,12:56:30,-96.7,-36.57,10.0,4.5,mb,us
2002-02-19,15:55:02,-70.18,-31.75,134.7,3.6,md,guc
2002-02-19,16:08:43,-70.43,-24.63,33.0,4.1,mb,us
2002-02-19,18:07:16,-71.68,-29.35,11.0,4.2,md,guc
2002-02-19,20:58:35,-73.1,-32.75,32.2,4.2,md,guc
2002-02-19,23:30:56,-70.41,-31.98,107.9,3.2,md,guc
2002-02-20,00:45:30,-70.49,-31.79,124.9,3.7,md,guc
2002-02-20,17:42:07,-70.84,-37.43,133.5,3.9,md,guc
2002-02-20,22:31:36,-72.08,-33.97,6.1,3.7,md,guc
2002-02-21,01:57:07,-70.49,-34.26,105.9,3.2,md,guc
2002-02-21,06:12:50,-67.47,-22.46,175.4,3.9,mb,us
2002-02-21,07:22:28,-72.38,-17.44,33.0,4.5,mb,us
2002-02-21,07:33:28,-71.19,-30.02,63.9,4.3,mb,us
2002-02-21,07:48:07,-71.45,-30.12,15.0,4.2,md,guc
2002-02-21,08:57:46,-67.36,-31.69,120.6,5.4,mwc,hrv
2002-02-21,11:34:10,-70.29,-33.03,100.4,3.3,md,guc
2002-02-21,19:14:23,-70.34,-33.53,14.9,3.8,md,guc
2002-02-22,07:05:04,-71.36,-33.99,47.2,3.6,md,guc
2002-02-22,10:47:22,-71.23,-35.37,100.5,3.6,md,guc
2002-02-22,12:21:22,-70.43,-33.98,111.0,3.9,md,guc
2002-02-22,14:29:03,-68.53,-22.13,117.8,4.7,mb,us
2002-02-22,15:20:00,-71.82,-32.38,17.2,3.3,ml,guc
2002-02-22,16:15:27,-71.55,-33.49,46.0,3.6,md,guc
2002-02-22,16:19:57,-70.27,-33.15,5.8,3.7,md,guc
2002-02-22,16:47:05,-71.5,-29.65,30.2,4.1,md,guc
2002-02-22,17:18:48,-70.05,-34.25,0.4,4.0,md,guc
2002-02-22,17:46:58,-69.71,-32.49,135.4,4.1,md,guc
2002-02-22,18:43:40,-71.5,-32.73,15.0,4.0,md,guc
2002-02-22,23:10:56,-70.12,-25.51,48.4,5.4,mwc,hrv
2002-02-23,00:38:18,-93.32,-37.99,10.0,4.7,mb,us
2002-02-23,02:37:30,-70.48,-33.75,114.4,3.8,md,guc
2002-02-23,03:20:07,-79.61,-34.47,33.0,4.5,mb,us
2002-02-23,06:29:14,-68.59,-21.58,109.5,4.2,mb,us
2002-02-23,12:54:40,-71.82,-33.68,24.9,3.6,md,guc
2002-02-23,13:05:16,-70.17,-32.47,105.8,3.8,md,guc
2002-02-23,22:06:10,-63.36,-18.08,33.0,5.1,mb,us
2002-02-23,22:47:12,-63.59,-18.33,73.1,4.5,mb,us
2002-02-23,23:17:01,-70.75,-32.87,81.4,3.7,md,guc
2002-02-24,07:02:46,-71.52,-32.04,60.1,3.5,md,guc
2002-02-24,08:44:53,-70.87,-34.74,110.4,3.5,md,guc
2002-02-24,09:44:08,-71.46,-35.67,109.0,3.7,md,guc
2002-02-24,10:20:52,-71.47,-30.82,68.6,3.3,md,guc
2002-02-24,12:02:19,-70.64,-32.75,42.6,3.8,md,guc
2002-02-24,14:44:12,-70.24,-16.47,33.0,5.3,mwc,hrv
2002-02-24,16:07:38,-71.99,-15.71,33.0,4.2,mb,us
2002-02-24,22:28:57,-70.22,-34.34,3.7,3.9,md,guc
2002-02-25,13:07:28,-73.87,-16.05,49.6,4.8,mb,us
2002-02-25,17:45:19,-69.74,-32.56,126.3,3.1,md,guc
2002-02-25,20:33:29,-69.25,-18.75,128.3,4.9,mb,us
2002-02-25,21:24:50,-70.11,-33.02,103.8,2.9,md,guc
2002-02-25,21:59:42,-70.19,-31.85,117.5,3.2,md,guc
2002-02-26,00:05:36,-70.29,-33.3,106.4,3.1,md,guc
2002-02-26,05:12:01,-70.54,-32.92,6.5,3.6,md,guc
2002-02-26,05:32:53,-69.14,-18.38,134.2,4.4,mb,us
2002-02-26,08:01:37,-70.24,-31.62,128.8,3.9,md,guc
2002-02-26,08:05:25,-70.66,-25.15,33.0,4.1,mb,us
2002-02-26,08:32:49,-69.71,-18.3,91.7,5.6,mwb,us
2002-02-26,09:38:20,-70.52,-34.92,158.0,2.7,md,guc
2002-02-26,18:14:08,-73.05,-32.89,22.7,3.3,md,guc
2002-02-26,18:32:43,-72.95,-32.74,21.5,4.0,md,guc
2002-02-26,18:56:32,-70.18,-34.06,6.1,3.4,md,guc
2002-02-26,19:57:57,-69.68,-31.2,164.2,3.5,md,guc
2002-02-26,21:44:07,-72.98,-32.91,24.4,3.4,md,guc
2002-02-26,22:14:13,-67.97,-21.15,100.0,4.1,mb,us
2002-02-27,01:49:09,-71.59,-36.04,95.0,3.2,md,guc
2002-02-27,02:31:29,-71.19,-35.0,82.5,2.8,md,guc
2002-02-27,03:23:46,-70.13,-32.98,112.9,2.5,md,guc
2002-02-27,06:58:06,-70.96,-32.49,70.0,2.2,md,guc
2002-02-27,07:01:22,-72.18,-34.76,47.2,3.9,md,guc
2002-02-27,09:37:21,-73.03,-32.81,23.7,3.8,md,guc
2002-02-27,10:55:27,-72.03,-33.75,10.4,3.4,md,guc
2002-02-27,12:19:01,-71.07,-32.99,61.5,2.7,md,guc
2002-02-27,14:54:01,-75.01,-16.15,33.0,4.0,mb,us
2002-02-28,01:45:40,-70.24,-33.1,113.2,2.3,md,guc
2002-02-28,02:16:43,-70.93,-32.31,74.8,3.9,md,guc
2002-02-28,04:01:23,-70.06,-34.32,8.3,3.8,md,guc
2002-02-28,05:51:21,-69.25,-31.24,160.0,3.8,md,guc
2002-02-28,06:00:21,-71.75,-32.71,30.5,4.0,md,guc
2002-02-28,06:25:39,-68.18,-21.6,123.8,4.6,mb,us
2002-02-28,12:32:58,-68.24,-22.0,125.2,4.0,mb,us
2002-02-28,14:20:20,-72.94,-32.84,21.8,3.7,md,guc
2002-02-28,15:25:49,-69.03,-32.87,15.0,3.9,md,guc
2002-02-28,18:38:18,-73.0,-32.97,28.4,3.8,md,guc
2002-02-28,20:10:36,-70.01,-31.6,134.9,3.2,md,guc
2002-03-01,01:46:08,-69.0,-31.51,100.0,3.5,md,guc
2002-03-01,03:23:18,-69.21,-32.82,173.5,3.5,md,guc
2002-03-01,12:28:52,-71.6,-32.34,55.0,3.7,md,guc
2002-03-01,14:22:53,-71.23,-33.24,50.1,3.7,md,guc
2002-03-01,16:13:29,-72.2,-37.38,64.0,3.8,md,guc
2002-03-01,19:49:04,-70.72,-33.57,76.7,2.5,md,guc
2002-03-01,20:32:02,-69.33,-22.36,99.9,4.4,mb,us
2002-03-01,22:52:29,-70.1,-31.91,130.9,3.1,md,guc
2002-03-01,23:19:19,-70.12,-34.45,125.5,3.1,md,guc
2002-03-02,02:28:24,-71.56,-31.89,57.1,3.3,md,guc
2002-03-02,07:25:26,-73.28,-17.08,33.0,5.1,mb,us
2002-03-02,08:22:47,-69.0,-23.35,84.9,4.4,mb,us
2002-03-02,12:39:44,-70.4,-33.17,105.8,3.3,md,guc
2002-03-02,15:03:50,-70.08,-32.75,108.4,2.6,md,guc
2002-03-02,18:30:52,-72.23,-33.97,5.0,3.9,md,guc
2002-03-02,18:36:48,-72.3,-33.96,35.0,3.7,md,guc
2002-03-02,20:21:24,-71.35,-31.8,15.0,3.0,ml,guc
2002-03-02,20:58:58,-71.1,-32.66,5.9,3.7,md,guc
2002-03-02,22:18:29,-70.35,-30.47,6.3,3.2,ml,guc
2002-03-02,22:37:40,-72.28,-33.96,36.3,3.9,md,guc
2002-03-02,22:56:56,-72.29,-34.0,37.4,3.7,md,guc
2002-03-02,23:02:09,-72.29,-34.0,43.0,3.8,md,guc
2002-03-02,23:46:14,-72.32,-33.98,35.7,4.0,md,guc
2002-03-03,00:53:15,-72.26,-33.98,39.8,3.6,md,guc
2002-03-03,01:53:02,-72.3,-33.97,35.8,4.0,md,guc
2002-03-03,01:59:21,-72.24,-33.99,35.7,4.0,md,guc
2002-03-03,06:48:24,-76.31,-45.51,10.0,4.3,mb,us
2002-03-03,07:16:16,-76.12,-45.84,10.0,5.9,mwc,hrv
2002-03-03,08:02:55,-71.86,-34.77,43.6,3.6,md,guc
2002-03-03,08:05:35,-71.19,-30.87,41.0,3.9,md,guc
2002-03-03,08:57:48,-71.08,-28.28,70.5,4.2,mb,us
2002-03-03,10:08:12,-70.2,-33.4,108.7,4.0,md,guc
2002-03-03,11:57:11,-75.68,-45.72,10.0,5.4,mb,us
2002-03-03,20:37:30,-70.12,-33.41,106.7,2.7,md,guc
2002-03-03,23:04:40,-71.04,-33.71,66.7,2.9,md,guc
2002-03-04,00:30:41,-71.4,-31.97,41.7,3.3,md,guc
2002-03-04,00:40:36,-70.37,-33.58,13.5,3.2,md,guc
2002-03-04,00:54:38,-70.27,-32.3,114.4,3.0,md,guc
2002-03-04,04:07:42,-70.2,-25.63,49.0,4.8,mb,us
2002-03-04,08:10:22,-71.23,-30.88,55.0,3.5,md,guc
2002-03-04,10:05:57,-67.07,-21.38,200.0,3.9,mb,us
2002-03-04,12:52:33,-70.66,-32.3,76.2,2.7,md,guc
2002-03-04,17:50:20,-70.36,-34.06,8.4,3.5,md,guc
2002-03-04,21:32:06,-71.64,-32.82,6.5,3.3,md,guc
2002-03-05,00:48:47,-70.29,-33.78,110.2,2.7,md,guc
2002-03-05,01:45:56,-70.25,-32.68,105.7,2.5,md,guc
2002-03-05,01:46:36,-71.54,-35.01,55.5,2.9,md,guc
2002-03-05,04:38:44,-71.52,-32.65,24.5,3.3,md,guc
2002-03-05,04:43:47,-70.56,-34.4,114.3,2.5,md,guc
2002-03-05,05:18:18,-70.99,-31.87,88.8,2.8,md,guc
2002-03-05,07:03:17,-69.53,-31.1,155.1,3.2,md,guc
2002-03-05,07:35:28,-70.28,-34.72,1.5,3.2,md,guc
2002-03-05,11:50:21,-69.84,-31.45,157.1,3.0,md,guc
2002-03-05,15:23:58,-68.66,-28.54,95.7,4.0,mb,us
2002-03-05,19:26:07,-68.46,-19.0,170.4,4.7,mb,us
2002-03-05,20:56:21,-68.38,-22.04,111.9,4.3,mb,us
2002-03-06,01:27:45,-69.73,-32.95,125.5,3.0,md,guc
2002-03-06,04:28:48,-71.43,-31.42,41.4,4.1,md,guc
2002-03-06,04:40:31,-71.63,-32.7,26.2,4.1,md,guc
2002-03-06,10:15:06,-70.19,-33.99,7.5,3.4,md,guc
2002-03-06,19:53:42,-71.44,-31.58,40.5,4.0,md,guc
2002-03-06,22:44:00,-68.52,-22.03,115.2,4.2,mb,us
2002-03-07,02:04:14,-70.33,-31.97,117.7,2.9,md,guc
2002-03-07,05:12:40,-71.98,-31.51,28.7,4.0,md,guc
2002-03-07,06:36:39,-69.79,-33.3,4.7,3.6,md,guc
2002-03-07,17:31:16,-71.15,-29.56,62.8,3.8,md,guc
2002-03-07,18:13:16,-69.7,-21.02,97.8,4.0,mb,us
2002-03-07,20:30:41,-71.53,-34.14,55.1,3.1,md,guc
2002-03-07,22:11:27,-70.86,-32.8,77.9,3.2,md,guc
2002-03-07,22:27:39,-71.3,-30.82,58.9,3.3,md,guc
2002-03-07,22:51:42,-66.26,-22.5,262.0,5.1,mb,us
2002-03-08,03:35:22,-70.72,-27.13,70.9,4.3,md,guc
2002-03-08,06:06:45,-71.24,-31.08,65.2,3.3,md,guc
2002-03-08,07:48:02,-71.7,-32.14,9.3,4.0,md,guc
2002-03-08,13:16:06,-71.74,-31.5,33.8,3.8,md,guc
2002-03-08,15:25:46,-71.48,-32.48,67.7,3.7,md,guc
2002-03-09,00:10:03,-71.26,-30.32,29.5,2.7,ml,guc
2002-03-09,02:00:21,-71.18,-34.67,69.0,2.8,md,guc
2002-03-09,08:23:18,-70.54,-31.81,105.3,3.6,md,guc
2002-03-09,10:53:17,-71.72,-32.73,26.3,4.1,md,guc
2002-03-09,13:17:13,-71.67,-32.68,32.6,3.7,md,guc
2002-03-09,18:38:02,-72.51,-34.71,15.0,3.7,md,guc
2002-03-09,18:43:49,-71.51,-32.54,58.1,2.7,md,guc
2002-03-09,22:14:16,-71.7,-32.66,25.0,3.3,ml,guc
2002-03-10,00:12:31,-70.15,-31.87,128.8,3.2,md,guc
2002-03-10,00:44:19,-72.81,-36.62,61.0,3.8,md,guc
2002-03-10,01:31:23,-70.76,-33.4,73.2,2.5,md,guc
2002-03-10,05:58:24,-71.73,-32.7,25.0,3.2,md,guc
2002-03-10,11:13:50,-67.67,-31.63,10.0,4.3,mb,us
2002-03-10,12:18:14,-66.62,-23.78,205.2,4.3,mb,us
2002-03-10,16:44:10,-70.88,-20.25,40.5,4.5,mb,us
2002-03-10,17:09:19,-71.68,-30.5,39.6,3.9,md,guc
2002-03-10,21:51:21,-68.15,-21.36,123.8,4.8,mb,us
2002-03-10,22:48:54,-66.8,-23.23,217.0,4.4,mb,us
2002-03-11,05:32:04,-71.7,-32.56,26.1,3.6,md,guc
2002-03-11,06:47:20,-71.15,-33.33,63.4,2.3,md,guc
2002-03-11,09:15:57,-72.1,-33.79,32.0,4.2,md,guc
2002-03-11,09:23:44,-72.01,-33.76,15.0,3.3,md,guc
2002-03-11,11:25:19,-70.13,-31.77,129.2,2.9,md,guc
2002-03-11,12:15:36,-71.63,-32.69,29.6,3.6,md,guc
2002-03-11,13:41:57,-71.6,-32.57,56.4,3.3,md,guc
2002-03-11,14:07:12,-66.64,-27.96,159.3,3.9,mb,us
2002-03-11,15:22:31,-69.08,-32.38,158.6,3.1,md,guc
2002-03-11,23:45:15,-79.7,-44.54,33.0,5.7,mwc,hrv
2002-03-12,04:46:54,-71.6,-32.68,15.3,4.0,md,guc
2002-03-12,09:28:27,-72.15,-34.64,37.9,3.3,md,guc
2002-03-12,12:41:38,-68.09,-21.5,104.4,4.9,mb,us
2002-03-12,18:37:17,-70.24,-32.78,109.2,2.6,md,guc
2002-03-12,20:33:38,-71.59,-32.72,28.3,3.2,md,guc
2002-03-12,22:11:52,-71.83,-30.95,14.3,3.4,ml,guc
2002-03-13,00:40:37,-68.6,-21.29,123.8,4.2,mb,us
2002-03-13,00:53:43,-71.65,-32.4,14.1,3.8,md,guc
2002-03-13,11:42:44,-71.45,-30.47,76.7,3.9,mb,us
2002-03-13,14:06:58,-70.74,-33.76,74.8,3.4,md,guc
2002-03-13,16:24:04,-68.75,-33.92,21.0,4.1,md,guc
2002-03-13,16:24:06,-68.46,-33.97,19.7,4.1,md,guc
2002-03-13,18:44:43,-71.57,-35.72,108.1,3.5,md,guc
2002-03-13,18:59:38,-70.58,-35.34,15.0,4.0,md,guc
2002-03-13,19:57:25,-68.54,-33.88,5.0,4.0,md,guc
2002-03-14,03:05:34,-69.63,-31.49,135.1,4.3,md,guc
2002-03-14,03:11:50,-70.49,-34.18,108.7,3.3,md,guc
2002-03-14,08:01:10,-72.17,-32.14,31.1,4.5,mb,us
2002-03-14,08:53:17,-71.84,-32.28,10.0,4.4,md,guc
2002-03-14,10:57:54,-71.81,-32.26,9.3,2.5,ml,guc
2002-03-14,13:44:39,-70.04,-33.45,9.0,3.9,md,guc
2002-03-14,19:21:39,-70.38,-31.79,128.9,3.9,md,guc
2002-03-14,21:19:15,-72.33,-33.89,1.0,4.1,md,guc
2002-03-14,21:35:24,-70.74,-31.89,79.9,3.8,md,guc
2002-03-15,03:01:45,-71.64,-30.62,12.6,3.1,ml,guc
2002-03-15,09:08:12,-71.7,-31.98,41.4,3.7,md,guc
2002-03-15,18:03:09,-70.68,-31.98,101.0,3.0,md,guc
2002-03-15,21:35:48,-64.09,-30.99,33.0,4.7,mb,us
2002-03-16,01:46:42,-71.5,-32.45,58.4,2.9,md,guc
2002-03-16,03:35:34,-70.34,-31.8,125.8,2.9,md,guc
2002-03-16,09:09:06,-71.74,-13.74,33.0,4.2,mb,us
2002-03-16,10:58:40,-66.1,-22.82,238.7,4.2,mb,us
2002-03-16,12:33:31,-68.56,-25.0,109.1,4.5,mb,us
2002-03-16,12:50:16,-71.25,-34.48,57.3,3.1,md,guc
2002-03-16,16:09:23,-71.62,-35.59,87.4,3.8,md,guc
2002-03-16,17:28:49,-73.02,-32.98,19.0,3.5,md,guc
2002-03-16,17:44:08,-70.84,-33.72,70.5,2.5,md,guc
2002-03-16,20:20:57,-69.9,-31.64,119.9,4.4,mb,us
2002-03-17,03:31:54,-71.28,-35.02,80.7,3.3,md,guc
2002-03-17,03:46:53,-69.52,-32.17,100.0,3.7,md,guc
2002-03-17,05:07:00,-69.46,-19.73,138.5,3.5,mb,us
2002-03-17,08:39:59,-69.51,-31.44,145.4,3.6,md,guc
2002-03-17,14:36:20,-70.17,-23.1,65.7,4.7,mb,us
2002-03-17,15:08:14,-71.83,-32.27,9.3,3.7,ml,guc
2002-03-17,15:16:52,-71.82,-32.26,10.4,3.6,md,guc
2002-03-17,15:50:17,-80.62,-4.33,50.6,4.3,mb,us
2002-03-17,17:15:26,-70.37,-31.2,120.1,3.5,md,guc
2002-03-17,21:59:31,-70.5,-32.63,88.4,3.2,md,guc
2002-03-17,22:31:08,-71.45,-30.88,55.2,4.1,md,guc
2002-03-17,23:28:14,-78.58,-10.25,55.4,4.0,mb,us
2002-03-18,02:01:58,-79.98,-8.62,48.6,5.1,mwc,hrv
2002-03-18,03:09:57,-69.0,-20.39,92.4,5.5,mwc,hrv
2002-03-18,03:31:12,-72.61,-35.37,8.8,2.9,ml,guc
2002-03-18,04:18:38,-68.95,-18.93,100.0,3.8,mb,us
2002-03-18,06:41:24,-82.23,-43.74,10.0,4.8,mb,us
2002-03-18,09:13:05,-72.98,-32.72,20.9,3.8,md,guc
2002-03-18,12:39:03,-68.51,-32.12,100.0,3.8,md,guc
2002-03-18,15:45:29,-70.16,-34.05,122.0,2.9,md,guc
2002-03-18,16:13:44,-70.17,-23.49,52.5,4.0,mb,us
2002-03-18,17:17:44,-75.64,-9.65,150.0,4.1,mb,us
2002-03-18,18:43:19,-80.38,-6.88,33.0,4.2,mb,us
2002-03-18,20:25:42,-71.79,-36.38,85.0,3.4,md,guc
2002-03-18,22:02:25,-68.71,-31.36,100.0,3.5,md,guc
2002-03-19,00:03:58,-68.38,-22.89,101.6,4.2,mb,us
2002-03-19,01:27:44,-72.1,-33.89,38.1,3.5,md,guc
2002-03-19,08:59:28,-70.63,-35.15,113.0,3.0,md,guc
2002-03-19,10:17:44,-68.88,-31.22,100.0,3.7,md,guc
2002-03-19,11:12:30,-72.96,-32.83,29.3,3.7,md,guc
2002-03-19,14:24:14,-71.66,-34.78,37.5,3.4,md,guc
2002-03-19,16:08:47,-69.45,-31.93,136.3,3.4,md,guc
2002-03-19,17:12:14,-71.64,-31.87,57.6,3.1,md,guc
2002-03-19,19:49:29,-70.13,-32.85,105.4,3.2,md,guc
2002-03-19,19:59:03,-70.19,-34.31,4.9,3.1,md,guc
2002-03-20,00:46:35,-71.03,-34.66,89.9,3.1,md,guc
2002-03-20,01:42:45,-68.77,-29.07,125.0,4.0,md,guc
2002-03-20,05:40:25,-68.77,-21.01,111.6,4.6,mb,us
2002-03-20,06:27:18,-64.77,-23.64,33.0,4.4,mb,us
2002-03-20,08:31:41,-71.69,-30.63,33.3,4.2,md,guc
2002-03-20,08:55:31,-70.43,-33.51,87.1,3.6,md,guc
2002-03-20,08:59:58,-69.83,-32.3,133.1,4.0,md,guc
2002-03-20,09:08:14,-69.08,-34.43,0.0,3.9,md,guc
2002-03-20,11:32:29,-71.65,-14.93,146.6,4.0,mb,us
2002-03-20,13:15:51,-71.86,-33.28,19.5,3.8,md,guc
2002-03-20,19:12:07,-69.39,-31.86,22.5,3.1,ml,guc
2002-03-20,20:21:44,-72.31,-34.77,8.4,3.9,md,guc
2002-03-20,21:29:44,-70.73,-34.14,91.3,2.6,md,guc
2002-03-20,21:35:06,-70.56,-34.26,103.9,3.2,md,guc
2002-03-20,22:29:59,-71.24,-32.9,43.1,4.1,md,guc
2002-03-20,22:54:18,-72.35,-34.78,15.0,3.8,md,guc
2002-03-21,00:00:14,-71.23,-33.26,54.6,3.9,md,guc
2002-03-21,00:35:49,-70.4,-33.89,114.8,2.5,md,guc
2002-03-21,04:45:14,-71.53,-32.59,23.3,3.2,md,guc
2002-03-21,09:41:56,-70.85,-32.47,77.1,2.4,md,guc
2002-03-21,18:37:07,-71.57,-35.43,89.9,3.5,md,guc
2002-03-21,19:09:11,-71.18,-32.49,40.0,3.4,md,guc
2002-03-21,23:41:03,-69.21,-31.26,185.5,3.9,md,guc
2002-03-22,03:13:25,-68.23,-31.16,100.0,4.0,md,guc
2002-03-22,04:53:14,-71.53,-31.59,36.2,3.9,md,guc
2002-03-22,06:34:47,-70.11,-34.06,8.0,3.5,md,guc
2002-03-22,07:26:26,-66.73,-24.13,188.4,4.4,mb,us
2002-03-22,17:08:39,-71.89,-31.63,8.6,4.1,md,guc
2002-03-23,01:33:02,-72.25,-34.74,25.0,3.6,md,guc
2002-03-23,01:55:55,-70.36,-34.07,7.7,3.7,md,guc
2002-03-23,06:31:05,-70.49,-34.56,120.3,3.0,md,guc
2002-03-23,08:04:04,-70.88,-32.98,75.5,2.6,md,guc
2002-03-23,12:19:45,-71.65,-31.94,31.2,3.4,md,guc
2002-03-23,13:07:05,-73.77,-16.57,33.0,5.2,mwc,hrv
2002-03-23,13:49:35,-68.78,-19.9,113.4,4.3,mb,us
2002-03-23,16:25:15,-71.16,-35.13,98.2,3.0,md,guc
2002-03-23,20:43:38,-70.39,-34.69,4.4,3.4,md,guc
2002-03-23,23:40:11,-71.75,-32.42,17.9,3.8,md,guc
2002-03-24,01:51:56,-71.29,-35.04,74.4,3.3,md,guc
2002-03-24,11:12:32,-69.76,-31.8,135.0,3.6,md,guc
2002-03-24,12:11:48,-82.7,-43.03,10.0,5.3,mwc,hrv
2002-03-24,12:27:01,-71.7,-32.66,26.9,3.0,ml,guc
2002-03-24,12:53:42,-70.46,-33.21,94.2,3.1,md,guc
2002-03-24,16:42:38,-66.09,-57.78,10.0,4.4,mb,us
2002-03-24,18:36:28,-70.92,-29.39,80.3,3.1,md,guc
2002-03-24,18:48:54,-66.69,-23.98,214.0,4.6,mb,us
2002-03-24,19:21:28,-71.09,-32.63,4.8,3.3,md,guc
2002-03-24,19:50:48,-70.83,-35.46,125.6,3.3,md,guc
2002-03-24,20:49:08,-73.0,-15.64,35.5,4.6,mb,us
2002-03-25,00:56:21,-71.02,-37.6,140.7,3.9,mb,us
2002-03-25,01:40:21,-67.7,-20.96,209.3,3.7,mb,us
2002-03-25,02:53:11,-73.09,-15.67,52.2,4.1,mb,us
2002-03-25,09:09:08,-63.16,-24.72,33.0,4.3,mb,us
2002-03-25,18:31:06,-67.98,-23.21,132.8,5.2,mwc,hrv
2002-03-26,03:41:20,-70.32,-33.38,4.8,3.2,md,guc
2002-03-26,04:22:11,-102.87,-36.07,10.0,4.9,mb,us
2002-03-26,12:06:41,-71.37,-32.08,43.1,3.6,md,guc
2002-03-26,17:03:27,-70.44,-31.51,121.0,3.2,md,guc
2002-03-26,21:33:32,-71.72,-32.76,15.3,3.5,md,guc
2002-03-26,22:42:06,-69.9,-32.66,109.2,2.8,md,guc
2002-03-27,02:04:08,-68.59,-21.46,113.1,4.3,mb,us
2002-03-27,02:12:34,-66.95,-24.27,197.7,3.7,mb,us
2002-03-27,08:27:21,-70.2,-29.62,93.9,3.1,md,guc
2002-03-27,18:10:31,-69.0,-34.95,6.0,3.6,md,guc
2002-03-27,18:36:26,-71.76,-32.67,25.3,3.3,ml,guc
2002-03-27,20:28:38,-70.3,-33.17,4.7,3.4,md,guc
2002-03-27,20:31:16,-71.73,-32.75,25.9,3.3,ml,guc
2002-03-27,21:46:27,-103.82,-35.67,10.0,4.6,mb,us
2002-03-27,23:18:05,-71.67,-35.89,80.7,3.6,md,guc
2002-03-28,00:24:46,-71.33,-35.39,105.9,3.9,md,guc
2002-03-28,01:44:44,-72.08,-34.49,29.0,3.8,md,guc
2002-03-28,04:56:22,-68.33,-21.66,125.1,6.5,mwc,hrv
2002-03-28,06:29:10,-70.84,-30.73,31.6,3.4,md,guc
2002-03-28,09:56:58,-68.22,-21.73,125.7,4.8,mb,us
2002-03-28,13:42:49,-71.65,-32.14,14.2,4.0,md,guc
2002-03-28,16:45:04,-69.64,-31.93,124.3,3.3,md,guc
2002-03-28,19:45:17,-70.31,-33.16,3.8,3.4,md,guc
2002-03-28,21:45:07,-66.85,-24.14,170.2,4.8,mb,us
2002-03-28,22:05:29,-70.15,-33.47,0.0,3.4,md,guc
2002-03-28,22:40:08,-68.73,-20.84,122.2,4.0,mb,us
2002-03-28,23:07:13,-71.78,-30.79,0.0,3.8,md,guc
2002-03-28,23:09:13,-69.98,-31.68,142.5,4.0,md,guc
2002-03-29,13:49:02,-71.18,-34.94,94.2,2.9,md,guc
2002-03-29,13:54:07,-66.97,-24.2,169.7,4.2,mb,us
2002-03-29,18:27:18,-71.65,-30.57,21.0,3.3,ml,guc
2002-03-29,20:58:45,-71.06,-34.6,69.2,2.4,md,guc
2002-03-29,21:35:49,-71.47,-32.41,23.3,4.2,md,guc
2002-03-30,01:40:16,-71.77,-31.53,28.4,3.1,ml,guc
2002-03-30,02:46:04,-71.61,-32.01,18.2,3.4,ml,guc
2002-03-30,08:41:06,-71.67,-32.57,28.5,2.9,ml,guc
2002-03-30,08:45:50,-71.66,-32.56,30.7,4.0,md,guc
2002-03-30,16:40:00,-71.94,-17.7,36.0,4.5,mb,us
2002-03-30,18:19:15,-71.72,-32.5,28.4,2.8,ml,guc
2002-03-30,18:20:28,-70.4,-34.67,126.4,3.7,md,guc
2002-03-31,03:28:53,-70.04,-33.55,8.6,3.9,md,guc
2002-03-31,03:31:25,-69.5,-15.79,207.3,4.4,mb,us
2002-03-31,06:50:09,-68.38,-21.66,121.3,4.1,mb,us
2002-03-31,07:01:25,-70.68,-31.86,101.1,4.1,md,guc
2002-03-31,10:37:26,-89.34,-40.46,10.0,4.3,mb,us
2002-03-31,14:52:42,-71.25,-34.08,48.9,3.7,md,guc
2002-03-31,16:58:11,-71.58,-32.62,28.0,3.7,md,guc
2002-03-31,19:11:13,-72.17,-14.6,33.0,4.5,mb,us
2002-03-31,21:08:31,-71.46,-32.7,21.8,3.4,md,guc
2002-03-31,21:38:10,-72.22,-35.04,15.7,3.8,md,guc
2002-04-01,01:53:40,-72.11,-33.85,6.9,3.6,md,guc
2002-04-01,02:12:14,-72.16,-33.84,15.4,4.1,md,guc
2002-04-01,04:33:45,-70.72,-34.09,85.0,2.7,md,guc
2002-04-01,10:21:56,-69.03,-32.94,10.0,3.7,md,guc
2002-04-01,18:19:06,-70.14,-34.43,12.5,3.3,md,guc
2002-04-01,18:55:53,-71.21,-35.22,93.8,2.7,md,guc
2002-04-01,19:59:32,-71.38,-29.67,71.0,6.4,mwc,hrv
2002-04-01,21:06:34,-71.59,-30.33,37.1,4.1,md,guc
2002-04-01,22:48:12,-73.17,-31.5,15.0,3.7,md,guc
2002-04-01,23:36:31,-71.06,-32.63,15.0,3.4,md,guc
2002-04-02,01:13:40,-70.04,-33.0,116.8,3.0,md,guc
2002-04-02,01:28:43,-72.11,-11.9,33.0,4.6,mb,us
2002-04-02,03:04:55,-68.08,-32.25,15.0,3.9,md,guc
2002-04-02,03:46:39,-71.65,-32.11,55.7,3.3,md,guc
2002-04-02,04:10:59,-65.82,-21.93,279.6,4.7,mb,us
2002-04-02,10:24:26,-71.42,-34.5,118.3,3.4,md,guc
2002-04-02,12:53:35,-71.28,-36.32,5.0,3.3,ml,guc
2002-04-02,17:09:58,-116.07,-49.53,10.0,5.9,mwc,hrv
2002-04-02,17:53:04,-70.31,-33.18,5.4,3.3,md,guc
2002-04-03,00:36:13,-71.74,-32.3,29.9,3.5,ml,guc
2002-04-03,03:05:59,-70.4,-34.31,103.0,2.8,md,guc
2002-04-03,03:36:16,-71.42,-35.5,100.3,3.9,md,guc
2002-04-03,07:18:22,-70.56,-29.1,91.8,3.3,md,guc
2002-04-03,11:45:47,-80.61,-7.11,25.6,4.6,mb,us
2002-04-03,14:08:58,-80.55,-7.1,28.8,4.8,mb,us
2002-04-03,15:13:55,-70.25,-33.88,119.3,2.8,md,guc
2002-04-03,16:20:35,-72.25,-33.21,3.7,3.4,md,guc
2002-04-03,18:59:04,-70.67,-34.08,7.9,3.1,ml,guc
2002-04-03,20:06:36,-69.13,-32.84,5.0,3.2,ml,guc
2002-04-03,20:15:14,-70.9,-33.73,66.9,2.8,md,guc
2002-04-04,04:09:09,-71.29,-36.2,128.7,3.7,md,guc
2002-04-04,05:16:58,-70.4,-34.46,9.3,3.8,md,guc
2002-04-04,19:16:12,-71.37,-31.27,40.9,4.1,md,guc
2002-04-04,23:28:21,-70.64,-34.08,9.1,3.9,md,guc
2002-04-05,03:37:43,-69.47,-31.49,164.9,3.2,md,guc
2002-04-05,04:18:40,-71.78,-32.33,38.0,3.5,md,guc
2002-04-05,06:08:21,-71.61,-32.94,39.2,3.7,md,guc
2002-04-05,06:43:13,-70.8,-33.85,77.3,3.2,md,guc
2002-04-05,07:35:35,-72.02,-33.52,9.8,3.0,ml,guc
2002-04-05,09:41:46,-66.83,-24.32,182.9,4.2,mb,us
2002-04-05,10:25:39,-71.52,-30.88,33.5,4.0,md,guc
2002-04-05,10:42:27,-71.32,-31.0,58.7,3.6,md,guc
2002-04-05,11:17:09,-68.88,-31.21,201.4,3.7,md,guc
2002-04-05,13:16:22,-70.43,-32.53,98.2,3.6,md,guc
2002-04-05,17:57:26,-70.28,-33.13,6.3,3.8,md,guc
2002-04-05,18:35:04,-71.12,-34.07,66.9,3.0,md,guc
2002-04-05,19:47:56,-70.48,-33.92,13.7,3.0,ml,guc
2002-04-05,22:29:47,-70.06,-33.79,125.1,3.2,md,guc
2002-04-06,04:03:52,-71.58,-31.53,27.8,2.7,ml,guc
2002-04-06,06:41:56,-70.47,-33.91,12.6,3.3,md,guc
2002-04-06,11:36:24,-71.69,-34.72,42.5,4.3,md,guc
2002-04-06,15:37:29,-71.75,-32.54,16.9,3.9,md,guc
2002-04-06,17:46:40,-70.83,-30.68,77.0,3.8,md,guc
2002-04-06,19:12:43,-79.9,-44.99,10.0,4.8,mb,us
2002-04-06,21:27:00,-70.28,-34.06,111.4,3.0,md,guc
2002-04-06,21:31:19,-102.05,-35.74,10.0,4.6,mb,us
2002-04-07,01:57:28,-72.34,-28.77,37.2,4.1,md,guc
2002-04-07,07:17:00,-68.54,-29.66,100.0,3.9,md,guc
2002-04-07,11:13:39,-71.63,-30.54,12.8,3.5,ml,guc
2002-04-07,13:16:00,-71.14,-35.06,90.9,3.2,md,guc
2002-04-07,13:29:53,-70.21,-32.6,85.1,3.1,md,guc
2002-04-07,16:03:46,-72.25,-30.76,20.8,2.5,ml,guc
2002-04-07,20:33:20,-72.13,-30.75,34.5,3.1,ml,guc
2002-04-08,01:35:59,-70.49,-36.92,144.8,4.7,mb,us
2002-04-08,03:30:20,-69.4,-32.21,115.8,3.3,md,guc
2002-04-08,18:24:33,-68.6,-31.16,100.0,3.4,md,guc
2002-04-08,21:53:06,-67.67,-31.0,11.5,3.5,ml,guc
2002-04-09,05:30:08,-71.26,-32.64,59.5,2.8,md,guc
2002-04-09,08:22:01,-70.44,-32.37,92.6,2.8,md,guc
2002-04-09,10:08:30,-71.56,-30.16,38.2,4.3,mb,us
2002-04-09,13:29:02,-66.89,-18.22,276.5,3.9,mb,us
2002-04-09,16:47:29,-72.81,-18.3,33.0,4.5,mb,us
2002-04-09,22:31:26,-71.46,-31.96,37.2,3.7,md,guc
2002-04-10,01:55:04,-71.83,-32.32,40.6,3.7,md,guc
2002-04-10,05:22:57,-72.14,-29.92,33.8,3.1,ml,guc
2002-04-10,06:11:37,-71.65,-32.66,29.5,4.0,md,guc
2002-04-10,10:00:53,-73.22,-31.54,32.7,3.9,md,guc
2002-04-10,12:30:32,-71.34,-32.44,79.5,3.4,md,guc
2002-04-10,14:56:50,-70.28,-34.73,0.0,3.8,md,guc
2002-04-10,18:11:30,-71.23,-34.85,83.0,3.5,md,guc
2002-04-10,19:14:42,-70.7,-34.28,102.8,3.5,md,guc
2002-04-10,19:56:41,-70.56,-33.48,92.8,3.5,md,guc
2002-04-11,04:27:54,-71.18,-31.95,42.2,3.9,md,guc
2002-04-11,05:48:12,-71.8,-32.26,10.7,3.7,md,guc
2002-04-11,06:35:38,-63.44,-27.43,549.8,4.4,mb,us
2002-04-11,13:31:52,-71.36,-30.85,59.5,3.8,md,guc
2002-04-11,17:06:56,-69.95,-32.42,107.6,2.9,md,guc
2002-04-12,00:40:57,-70.04,-32.68,121.7,2.9,md,guc
2002-04-12,02:43:35,-72.61,-39.05,78.2,4.3,md,guc
2002-04-12,06:19:56,-71.02,-34.43,73.1,2.6,md,guc
2002-04-12,07:38:48,-71.61,-29.89,43.1,4.2,md,guc
2002-04-12,09:58:06,-71.18,-35.1,106.2,3.3,md,guc
2002-04-12,10:58:42,-72.36,-34.65,25.3,3.7,md,guc
2002-04-12,11:40:13,-70.37,-33.02,102.8,3.2,md,guc
2002-04-12,16:49:51,-69.48,-31.57,135.4,3.3,md,guc
2002-04-12,20:58:11,-69.95,-32.98,107.2,2.8,md,guc
2002-04-12,23:23:18,-69.28,-32.78,9.0,3.7,md,guc
2002-04-13,01:55:43,-115.09,-23.22,10.0,4.8,mb,us
2002-04-13,05:15:56,-70.29,-19.78,76.9,3.5,mb,us
2002-04-13,14:00:07,-71.91,-31.58,4.6,4.2,md,guc
2002-04-13,20:26:25,-73.03,-32.47,20.0,3.8,md,guc
2002-04-14,03:06:45,-72.52,-34.56,15.1,3.5,md,guc
2002-04-14,13:31:45,-70.33,-31.58,125.4,3.0,md,guc
2002-04-14,13:52:28,-73.88,-37.56,33.0,4.8,mb,us
2002-04-14,15:11:10,-67.08,-24.2,100.0,4.4,mb,us
2002-04-14,18:07:35,-68.36,-29.58,0.0,3.6,ml,guc
2002-04-14,20:27:30,-72.5,-16.14,99.1,4.8,mb,us
2002-04-14,21:43:28,-71.56,-31.97,66.9,5.0,mb,us
2002-04-15,01:27:42,-71.9,-34.88,33.7,4.2,md,guc
2002-04-15,03:53:54,-67.91,-23.08,160.1,4.7,mb,us
2002-04-15,05:08:56,-79.76,-10.09,33.0,4.8,mb,us
2002-04-15,10:21:30,-71.7,-31.6,31.5,3.0,ml,guc
2002-04-15,12:15:05,-70.32,-34.92,0.0,3.1,ml,guc
2002-04-15,12:48:54,-71.74,-35.26,40.3,4.0,md,guc
2002-04-15,19:12:23,-71.18,-32.74,46.8,3.6,md,guc
2002-04-15,23:08:21,-68.97,-22.75,90.5,5.1,mwc,hrv
2002-04-16,01:11:33,-70.27,-32.74,104.3,3.5,md,guc
2002-04-16,02:28:37,-70.18,-33.4,107.9,3.2,md,guc
2002-04-16,04:54:29,-69.22,-19.6,103.3,4.5,mb,us
2002-04-16,05:25:39,-70.87,-34.01,79.0,2.8,md,guc
2002-04-16,05:48:04,-68.5,-31.11,100.0,3.7,md,guc
2002-04-16,09:00:54,-69.95,-32.55,118.5,3.0,md,guc
2002-04-16,11:31:32,-70.19,-32.64,106.3,3.4,md,guc
2002-04-16,17:34:34,-72.07,-33.07,6.2,3.7,md,guc
2002-04-16,19:24:24,-70.69,-34.61,103.7,3.0,md,guc
2002-04-16,20:02:08,-70.36,-34.06,8.0,3.6,md,guc
2002-04-16,22:22:08,-71.09,-32.6,15.0,3.6,md,guc
2002-04-16,22:50:03,-70.41,-33.49,96.6,2.7,md,guc
2002-04-17,02:11:08,-67.45,-30.17,33.0,4.5,md,guc
2002-04-17,05:52:42,-72.93,-32.69,29.2,3.8,md,guc
2002-04-17,06:03:38,-71.45,-32.23,55.6,3.3,md,guc
2002-04-17,06:26:38,-80.03,-8.22,35.0,4.2,mb,us
2002-04-17,09:49:58,-70.09,-33.61,116.5,3.3,md,guc
2002-04-17,11:35:41,-76.2,-14.26,33.0,4.6,mb,us
2002-04-17,11:44:19,-70.62,-34.97,121.6,2.7,md,guc
2002-04-17,21:23:12,-77.54,-10.8,72.8,4.2,mb,us
2002-04-17,21:52:44,-72.45,-15.22,33.0,4.7,mb,us
2002-04-17,22:56:42,-71.22,-35.36,111.3,3.2,md,guc
2002-04-18,02:32:37,-69.65,-32.17,127.6,3.7,md,guc
2002-04-18,13:30:06,-71.58,-32.54,26.1,3.8,md,guc
2002-04-18,16:08:37,-70.59,-27.54,62.0,6.7,mwb,us
2002-04-18,17:55:31,-70.53,-27.6,54.0,4.7,mb,us
2002-04-18,19:23:48,-70.55,-27.56,52.7,4.9,mb,us
2002-04-18,22:03:24,-70.51,-27.6,55.0,4.6,mb,us
2002-04-18,22:11:44,-69.74,-31.61,133.9,3.5,md,guc
2002-04-18,23:24:06,-70.39,-27.58,52.7,5.0,mb,us
2002-04-19,00:48:12,-71.1,-27.21,33.0,4.0,ml,guc
2002-04-19,01:08:04,-70.93,-27.14,33.0,4.0,ml,guc
2002-04-19,06:13:20,-71.97,-27.4,33.0,4.2,ml,guc
2002-04-19,09:37:06,-71.19,-27.43,33.0,4.1,ml,guc
2002-04-19,11:35:52,-76.17,-14.37,33.0,4.4,mb,us
2002-04-19,14:04:21,-69.9,-31.57,151.2,3.6,md,guc
2002-04-19,15:29:03,-70.61,-27.3,33.0,4.2,ml,guc
2002-04-20,00:06:20,-70.14,-31.44,142.6,3.6,md,guc
2002-04-20,03:47:16,-70.59,-27.78,75.9,4.3,mb,us
2002-04-20,06:12:01,-70.64,-34.84,0.0,3.8,md,guc
2002-04-20,15:26:38,-71.72,-32.74,26.5,4.0,md,guc
2002-04-21,01:37:19,-71.55,-32.59,55.9,3.5,md,guc
2002-04-21,05:06:12,-71.23,-30.92,69.3,3.1,md,guc
2002-04-21,09:02:30,-71.58,-32.65,55.9,3.3,md,guc
2002-04-21,12:12:01,-70.22,-32.33,106.2,2.9,md,guc
2002-04-21,15:47:34,-71.11,-34.35,66.9,3.7,md,guc
2002-04-21,21:10:09,-69.29,-19.99,99.7,4.2,mb,us
2002-04-21,21:40:21,-72.29,-34.72,21.4,3.8,md,guc
2002-04-21,22:24:07,-81.03,-5.78,33.0,5.9,mwc,hrv
2002-04-22,01:22:14,-71.99,-33.61,11.9,3.9,md,guc
2002-04-22,01:34:52,-72.0,-33.61,11.0,3.7,md,guc
2002-04-22,04:12:36,-81.0,-5.87,33.0,4.5,mb,us
2002-04-22,04:54:46,-70.34,-33.5,12.2,3.8,md,guc
2002-04-22,04:57:02,-76.52,-12.39,66.6,4.4,mb,us
2002-04-22,10:15:51,-69.13,-34.3,15.1,3.7,md,guc
2002-04-22,11:12:25,-71.92,-33.45,14.1,3.5,md,guc
2002-04-22,13:21:28,-72.0,-33.58,38.3,3.6,md,guc
2002-04-22,17:16:30,-69.08,-28.4,140.0,4.0,md,guc
2002-04-22,23:37:57,-71.72,-55.36,33.0,4.6,mb,us
2002-04-23,01:50:03,-69.68,-27.76,18.3,3.9,ml,guc
2002-04-23,06:43:53,-70.21,-32.4,103.5,2.9,md,guc
2002-04-23,08:54:57,-69.98,-32.48,112.1,3.4,md,guc
2002-04-23,11:08:48,-71.19,-27.48,33.0,4.7,ml,guc
2002-04-23,16:00:28,-71.78,-32.65,29.6,3.8,md,guc
2002-04-23,16:28:05,-70.24,-32.3,105.0,3.2,md,guc
2002-04-23,19:13:19,-70.18,-32.51,98.2,3.2,md,guc
2002-04-23,20:07:44,-72.01,-33.77,9.5,3.4,md,guc
2002-04-23,20:36:14,-71.84,-32.66,18.8,3.4,ml,guc
2002-04-24,01:15:04,-71.78,-32.58,33.2,3.5,md,guc
2002-04-24,01:31:15,-70.38,-33.76,101.5,2.7,md,guc
2002-04-24,06:14:40,-69.08,-31.64,118.4,3.6,md,guc
2002-04-24,08:50:47,-70.71,-27.68,5.4,3.7,ml,guc
2002-04-24,09:46:16,-70.2,-33.85,119.4,3.4,md,guc
2002-04-24,09:48:17,-68.93,-31.17,93.6,4.0,md,guc
2002-04-24,10:31:18,-71.17,-31.92,82.0,3.2,md,guc
2002-04-24,11:00:01,-122.31,-56.14,10.0,6.2,mwc,hrv
2002-04-24,14:32:38,-71.79,-34.75,37.5,4.1,md,guc
2002-04-24,15:17:12,-71.33,-28.92,61.4,3.6,md,guc
2002-04-24,18:42:21,-71.16,-27.52,32.7,3.9,ml,guc
2002-04-24,21:21:05,-70.55,-30.55,123.6,3.6,md,guc
2002-04-24,21:39:09,-70.17,-32.4,122.1,4.2,md,guc
2002-04-24,21:52:34,-69.6,-32.33,124.7,3.1,md,guc
2002-04-25,01:23:56,-68.68,-31.19,292.4,4.0,md,guc
2002-04-25,01:25:09,-71.41,-15.47,140.8,4.0,mb,us
2002-04-25,01:49:49,-70.92,-35.54,130.9,3.7,md,guc
2002-04-25,02:03:03,-70.74,-27.26,51.2,4.3,mb,us
2002-04-25,04:18:38,-69.55,-31.57,145.3,3.3,md,guc
2002-04-25,05:01:36,-71.75,-32.1,7.4,3.7,md,guc
2002-04-25,06:36:52,-70.3,-22.12,43.5,4.6,mb,us
2002-04-25,06:40:14,-72.43,-34.62,31.3,3.7,md,guc
2002-04-25,07:37:18,-71.32,-35.33,102.2,3.1,md,guc
2002-04-25,08:14:16,-70.35,-33.82,110.4,3.5,md,guc
2002-04-25,09:44:59,-70.14,-34.24,130.0,2.9,md,guc
2002-04-25,10:28:44,-66.53,-27.93,165.3,3.8,mb,us
2002-04-25,10:34:14,-63.7,-17.94,33.0,4.1,mb,us
2002-04-25,13:21:41,-69.31,-31.6,167.5,3.5,md,guc
2002-04-25,13:32:02,-70.46,-33.35,97.2,2.8,md,guc
2002-04-25,16:08:11,-71.53,-35.35,59.2,3.2,md,guc
2002-04-25,16:34:00,-69.81,-32.87,126.9,3.1,md,guc
2002-04-25,19:19:22,-71.19,-34.0,63.1,2.5,md,guc
2002-04-25,19:30:41,-71.52,-32.05,27.5,3.9,md,guc
2002-04-25,22:45:17,-70.4,-33.83,97.2,2.8,md,guc
2002-04-25,23:26:53,-71.39,-32.32,45.3,3.4,md,guc
2002-04-25,23:44:40,-70.26,-32.98,102.8,2.7,md,guc
2002-04-26,11:02:20,-70.02,-31.88,124.8,3.5,md,guc
2002-04-27,04:14:26,-69.68,-34.45,192.8,3.4,md,guc
2002-04-27,04:41:05,-70.55,-32.7,25.9,3.7,md,guc
2002-04-27,04:42:59,-71.7,-32.2,11.0,3.1,ml,guc
2002-04-27,08:37:35,-73.83,-16.18,73.4,4.3,mb,us
2002-04-27,16:43:10,-72.54,-34.27,3.1,3.8,md,guc
2002-04-27,18:10:48,-70.5,-28.53,104.6,4.1,mb,us
2002-04-27,19:59:47,-70.32,-34.07,2.3,3.8,md,guc
2002-04-27,22:54:12,-67.13,-24.08,185.2,3.7,mb,us
2002-04-27,23:53:54,-67.39,-30.94,33.0,5.2,mwc,hrv
2002-04-28,00:18:00,-69.91,-32.45,131.2,3.5,md,guc
2002-04-28,03:06:17,-68.91,-32.9,10.0,3.3,ml,guc
2002-04-28,06:38:58,-71.52,-34.98,56.9,3.7,md,guc
2002-04-28,06:50:19,-70.33,-33.26,117.8,3.0,md,guc
2002-04-28,08:03:20,-115.06,-23.51,10.0,4.6,mb,us
2002-04-28,10:11:15,-70.97,-37.28,151.9,4.3,mb,us
2002-04-28,14:11:10,-77.65,-11.23,68.5,3.9,mb,us
2002-04-28,22:30:01,-70.17,-31.94,125.9,3.7,md,guc
2002-04-29,00:08:32,-70.12,-27.67,53.3,4.3,md,guc
2002-04-29,02:11:34,-70.41,-27.59,56.0,4.0,md,guc
2002-04-29,12:40:22,-71.63,-32.42,40.2,3.3,md,guc
2002-04-29,14:20:21,-71.13,-31.95,61.4,3.4,md,guc
2002-04-29,15:57:33,-71.4,-34.08,38.0,3.3,md,guc
2002-04-29,16:16:02,-72.9,-33.23,29.1,3.6,md,guc
2002-04-29,19:48:57,-71.38,-27.9,32.5,3.4,ml,guc
2002-04-29,21:16:33,-71.73,-32.47,29.6,3.7,md,guc
2002-04-30,02:34:24,-72.07,-33.67,39.4,3.7,md,guc
2002-04-30,08:47:58,-72.05,-33.14,6.8,3.8,md,guc
2002-04-30,14:56:29,-115.49,-23.54,10.0,4.8,mb,us
2002-04-30,15:43:47,-69.14,-32.75,173.1,3.5,md,guc
2002-04-30,17:25:19,-69.76,-32.22,134.7,3.5,md,guc
2002-04-30,18:35:02,-71.79,-30.63,33.0,4.0,mb,us
2002-04-30,22:33:22,-71.33,-36.58,149.8,3.5,md,guc
2002-05-01,01:38:16,-72.52,-29.65,10.0,3.3,ml,guc
2002-05-01,07:04:41,-70.84,-32.67,69.2,3.7,md,guc
2002-05-01,07:57:10,-72.96,-32.72,21.4,4.1,md,guc
2002-05-01,09:39:08,-71.19,-31.88,70.1,3.6,md,guc
2002-05-01,11:10:17,-71.04,-34.65,73.6,3.3,md,guc
2002-05-01,11:42:07,-70.74,-27.46,43.9,4.4,md,guc
2002-05-01,12:03:08,-70.58,-31.83,108.9,3.7,md,guc
2002-05-01,13:53:03,-72.97,-32.84,23.0,3.6,md,guc
2002-05-01,15:25:19,-69.83,-32.91,112.2,3.5,md,guc
2002-05-02,01:36:42,-70.69,-34.08,2.6,3.7,md,guc
2002-05-02,02:04:36,-70.18,-31.69,135.4,3.3,md,guc
2002-05-02,02:39:56,-71.32,-30.87,58.2,3.4,md,guc
2002-05-02,06:46:35,-71.55,-30.62,5.7,4.1,md,guc
2002-05-02,08:56:52,-70.04,-33.07,108.3,2.8,md,guc
2002-05-02,09:15:28,-72.49,-29.45,26.7,4.2,mb,us
2002-05-02,10:28:11,-72.54,-29.6,21.7,3.8,ml,guc
2002-05-02,13:49:31,-71.49,-32.04,37.7,3.9,md,guc
2002-05-02,22:42:42,-69.31,-31.34,149.9,4.1,md,guc
2002-05-03,02:14:06,-63.69,-22.75,530.0,5.1,mb,us
2002-05-03,10:25:37,-70.36,-33.86,105.9,3.6,md,guc
2002-05-03,19:31:07,-71.84,-34.58,7.3,3.6,md,guc
2002-05-03,23:29:20,-71.56,-31.97,35.9,4.0,md,guc
2002-05-04,00:20:19,-63.71,-21.89,544.8,4.1,mb,us
2002-05-04,04:43:50,-71.74,-30.7,30.1,2.8,ml,guc
2002-05-04,09:25:15,-71.46,-34.23,52.2,3.5,md,guc
2002-05-04,10:24:50,-71.86,-32.9,33.8,3.5,md,guc
2002-05-04,11:10:20,-69.22,-32.87,183.8,2.9,md,guc
2002-05-04,12:51:26,-72.2,-34.65,31.9,3.6,md,guc
2002-05-04,12:51:39,-64.49,-23.07,33.0,5.3,mwc,hrv
2002-05-04,13:21:36,-70.09,-32.82,111.6,4.0,md,guc
2002-05-04,22:56:30,-72.72,-38.31,33.0,4.3,mb,us
2002-05-05,00:29:35,-72.21,-32.99,27.6,3.4,ml,guc
2002-05-05,02:11:45,-72.1,-33.01,35.3,3.7,md,guc
2002-05-05,05:53:51,-71.09,-35.35,89.0,5.0,mb,us
2002-05-05,07:42:34,-66.58,-21.36,220.5,3.8,mb,us
2002-05-05,09:50:42,-70.4,-32.42,92.7,3.2,md,guc
2002-05-05,10:09:13,-71.88,-34.67,10.9,3.9,ml,guc
2002-05-05,13:05:03,-71.65,-32.55,28.7,3.4,ml,guc
2002-05-05,15:43:39,-70.37,-18.98,108.9,3.6,mb,us
2002-05-05,18:26:53,-69.71,-31.32,148.4,3.2,md,guc
2002-05-05,21:42:35,-71.37,-32.01,43.2,3.7,md,guc
2002-05-05,22:04:10,-71.1,-26.73,54.2,4.0,mb,us
2002-05-05,23:45:25,-71.53,-30.6,45.3,4.3,md,guc
2002-05-06,00:51:45,-74.4,-11.36,71.1,4.0,mb,us
2002-05-06,03:15:45,-71.24,-35.18,93.9,3.4,md,guc
2002-05-06,04:52:15,-72.22,-33.02,34.8,3.7,md,guc
2002-05-06,04:56:49,-72.21,-33.0,34.7,3.7,md,guc
2002-05-06,06:17:13,-68.74,-30.32,59.0,4.4,md,guc
2002-05-06,07:48:54,-72.18,-33.02,33.6,3.6,md,guc
2002-05-06,09:00:51,-72.15,-33.0,34.2,3.9,md,guc
2002-05-06,09:17:50,-70.33,-33.87,115.0,2.8,md,guc
2002-05-06,14:34:50,-70.26,-34.72,1.5,3.3,md,guc
2002-05-06,15:34:38,-70.14,-32.33,111.9,3.4,md,guc
2002-05-06,16:24:03,-70.12,-32.92,117.0,2.8,md,guc
2002-05-06,18:54:52,-70.85,-32.72,73.0,3.6,md,guc
2002-05-07,00:10:17,-70.36,-33.76,106.2,3.8,md,guc
2002-05-07,01:31:16,-73.97,-15.84,55.5,4.6,mb,us
2002-05-07,04:56:37,-69.14,-31.39,115.0,3.8,md,guc
2002-05-07,07:27:51,-67.36,-32.08,133.1,4.7,mb,us
2002-05-07,09:30:39,-68.63,-31.44,106.3,4.4,mb,us
2002-05-08,01:10:56,-70.72,-34.05,83.4,3.2,md,guc
2002-05-08,02:29:31,-70.69,-33.93,80.0,3.3,md,guc
2002-05-08,09:19:45,-68.3,-21.16,128.9,4.0,mb,us
2002-05-08,09:39:31,-70.74,-33.97,79.0,3.1,md,guc
2002-05-08,11:35:22,-70.16,-31.73,118.2,3.4,md,guc
2002-05-08,13:51:09,-69.97,-32.71,122.5,3.2,md,guc
2002-05-08,14:25:25,-71.44,-32.95,50.7,3.8,md,guc
2002-05-08,16:50:16,-71.68,-32.72,25.9,3.6,md,guc
2002-05-08,17:50:10,-71.41,-32.36,51.6,4.4,md,guc
2002-05-08,19:19:26,-78.84,-8.67,33.0,4.6,mb,us
2002-05-08,20:15:18,-72.5,-35.3,15.0,3.7,md,guc
2002-05-09,00:26:55,-71.21,-34.56,63.3,3.2,md,guc
2002-05-09,08:12:03,-72.63,-33.7,35.2,3.9,md,guc
2002-05-09,09:53:23,-70.35,-34.99,2.0,3.8,md,guc
2002-05-09,11:02:56,-70.04,-31.81,131.7,3.3,md,guc
2002-05-09,16:41:54,-68.78,-31.37,157.9,3.8,md,guc
2002-05-09,21:14:04,-114.86,-23.29,10.0,4.8,mb,us
2002-05-10,01:59:08,-71.63,-30.93,7.2,3.0,ml,guc
2002-05-10,02:57:26,-69.74,-31.56,145.0,4.0,md,guc
2002-05-10,04:22:53,-76.36,-14.02,21.2,4.5,mb,us
2002-05-10,04:55:13,-71.39,-33.82,48.4,3.7,md,guc
2002-05-10,06:16:23,-70.83,-33.45,76.4,2.6,md,guc
2002-05-10,08:30:24,-70.13,-32.84,110.5,3.4,md,guc
2002-05-10,09:21:35,-70.42,-33.35,99.3,4.8,mb,us
2002-05-10,16:22:28,-71.28,-35.0,96.4,3.6,md,guc
2002-05-11,01:05:22,-72.1,-34.55,32.7,3.7,md,guc
2002-05-11,01:20:37,-71.23,-35.12,90.0,3.3,md,guc
2002-05-11,08:22:48,-70.9,-25.96,33.0,5.2,mwc,hrv
2002-05-11,10:43:08,-78.51,-10.42,46.9,5.7,mwb,us
2002-05-11,15:29:14,-68.92,-31.06,192.7,3.8,md,guc
2002-05-11,16:41:47,-69.6,-31.93,139.6,3.8,md,guc
2002-05-11,17:19:33,-71.56,-31.98,21.9,3.8,md,guc
2002-05-11,17:48:56,-70.31,-33.15,0.9,3.8,md,guc
2002-05-11,21:37:07,-71.41,-32.46,45.5,3.8,md,guc
2002-05-12,00:41:40,-71.92,-30.82,19.5,3.7,ml,guc
2002-05-12,04:31:26,-72.0,-31.42,43.0,4.0,md,guc
2002-05-12,11:59:54,-70.17,-29.62,0.0,3.6,ml,guc
2002-05-12,13:22:34,-71.97,-34.72,27.0,3.8,ml,guc
2002-05-12,13:24:35,-71.16,-15.03,100.0,3.4,mb,us
2002-05-12,17:29:45,-70.4,-33.92,108.9,3.7,md,guc
2002-05-12,18:20:59,-72.5,-33.99,30.6,3.3,md,guc
2002-05-12,20:03:37,-71.42,-32.26,36.1,3.7,md,guc
2002-05-12,20:58:24,-71.34,-33.54,47.7,3.6,md,guc
2002-05-12,21:10:53,-71.79,-32.8,18.9,3.2,ml,guc
2002-05-13,01:05:47,-69.82,-31.68,135.1,3.4,md,guc
2002-05-13,08:20:00,-70.08,-33.58,115.6,3.7,md,guc
2002-05-13,11:24:07,-75.26,-8.49,140.7,4.2,mb,us
2002-05-13,14:32:40,-70.31,-32.15,123.8,3.3,md,guc
2002-05-13,17:50:36,-70.86,-34.68,98.5,3.3,md,guc
2002-05-14,03:32:40,-69.68,-31.28,156.2,3.4,md,guc
2002-05-14,06:58:18,-70.16,-33.26,101.2,3.2,md,guc
2002-05-14,07:36:15,-70.67,-33.74,79.0,3.4,md,guc
2002-05-14,09:10:00,-70.92,-32.83,72.0,3.4,md,guc
2002-05-14,11:11:43,-69.23,-31.65,170.8,3.8,md,guc
2002-05-14,12:56:08,-71.47,-30.87,24.5,3.8,ml,guc
2002-05-14,16:18:53,-70.03,-29.96,126.1,4.0,md,guc
2002-05-14,17:18:06,-71.56,-32.81,11.3,3.4,ml,guc
2002-05-15,07:25:22,-72.08,-33.46,42.0,3.4,md,guc
2002-05-15,09:20:55,-68.2,-23.06,125.5,5.2,mwc,hrv
2002-05-15,16:49:03,-70.49,-34.11,110.5,2.6,md,guc
2002-05-15,19:09:48,-72.36,-33.5,34.3,3.5,md,guc
2002-05-15,21:22:25,-68.26,-32.87,6.6,3.4,ml,guc
2002-05-16,04:44:12,-71.31,-35.82,95.0,3.8,md,guc
2002-05-16,05:55:56,-72.51,-34.89,15.0,3.9,md,guc
2002-05-16,06:39:24,-70.98,-35.25,121.4,4.1,md,guc
2002-05-16,11:08:52,-71.25,-34.17,56.7,3.6,md,guc
2002-05-16,14:43:55,-71.76,-31.36,46.9,4.0,md,guc
2002-05-16,15:23:05,-72.18,-33.04,33.7,3.8,md,guc
2002-05-16,16:18:46,-71.15,-31.88,42.2,3.8,md,guc
2002-05-17,00:36:18,-71.71,-32.75,26.1,3.9,md,guc
2002-05-17,01:46:34,-70.48,-33.94,14.2,3.2,md,guc
2002-05-17,03:26:28,-70.21,-32.13,109.8,3.7,md,guc
2002-05-17,08:33:08,-70.14,-33.01,102.4,3.1,md,guc
2002-05-17,13:13:38,-70.99,-32.0,83.2,3.4,md,guc
2002-05-17,20:50:03,-72.17,-33.0,34.8,3.6,md,guc
2002-05-17,21:16:35,-71.84,-32.55,5.0,4.3,ml,guc
2002-05-18,02:14:46,-69.21,-31.62,111.1,4.0,mb,us
2002-05-18,12:30:35,-69.16,-24.5,103.1,3.8,mb,us
2002-05-18,13:20:58,-72.17,-33.93,36.2,4.0,md,guc
2002-05-18,15:29:12,-72.11,-33.81,2.9,3.8,md,guc
2002-05-18,18:07:08,-71.74,-32.72,15.0,3.2,ml,guc
2002-05-19,00:57:25,-69.4,-31.19,201.0,4.0,md,guc
2002-05-19,01:19:32,-72.52,-15.38,33.0,4.4,mb,us
2002-05-19,07:23:00,-72.07,-33.83,44.2,3.8,md,guc
2002-05-19,13:07:37,-66.52,-23.58,220.5,4.5,mb,us
2002-05-21,02:58:59,-71.5,-14.33,73.2,4.2,mb,us
2002-05-21,05:28:42,-71.84,-32.72,8.8,3.9,ml,guc
2002-05-21,05:40:00,-70.01,-31.89,126.4,3.3,md,guc
2002-05-21,10:34:14,-69.24,-32.25,174.3,3.7,md,guc
2002-05-21,11:40:26,-71.56,-32.22,11.9,2.9,ml,guc
2002-05-21,13:43:47,-70.59,-32.34,93.1,3.2,md,guc
2002-05-21,15:04:56,-71.72,-32.73,12.5,2.9,ml,guc
2002-05-22,02:03:50,-71.74,-31.64,28.5,3.8,ml,guc
2002-05-22,02:30:40,-75.93,-6.5,44.5,4.4,mb,us
2002-05-22,07:40:28,-72.33,-35.75,50.0,4.1,md,guc
2002-05-22,08:09:16,-70.32,-33.34,10.5,3.6,md,guc
2002-05-22,11:51:17,-71.19,-34.86,68.3,3.7,md,guc
2002-05-22,18:57:19,-97.91,-36.34,10.0,5.7,mwc,hrv
2002-05-23,01:17:40,-71.77,-34.8,36.8,4.4,md,guc
2002-05-23,06:57:44,-71.23,-8.76,625.1,4.5,mb,us
2002-05-23,13:04:55,-72.38,-35.63,39.9,4.4,md,guc
2002-05-23,15:12:54,-68.13,-21.68,114.4,4.2,mb,us
2002-05-23,15:52:15,-71.2,-30.75,52.1,6.0,mwb,us
2002-05-23,16:11:58,-71.26,-30.64,33.0,4.6,mb,us
2002-05-23,16:56:45,-71.4,-30.73,33.0,4.7,mb,us
2002-05-23,18:25:29,-71.32,-30.65,33.0,4.5,mb,us
2002-05-23,19:16:19,-71.17,-30.62,33.0,4.7,mb,us
2002-05-24,00:23:16,-70.95,-31.97,60.2,5.7,mwb,us
2002-05-24,03:38:00,-70.33,-34.35,110.4,2.9,md,guc
2002-05-24,05:43:43,-70.52,-33.76,98.4,2.5,md,guc
2002-05-24,06:02:26,-71.49,-30.75,12.1,3.6,ml,guc
2002-05-24,07:17:29,-71.3,-30.67,43.3,4.8,mb,us
2002-05-24,10:44:22,-71.12,-31.85,34.8,3.8,md,guc
2002-05-24,11:02:04,-71.53,-30.74,14.9,3.8,ml,guc
2002-05-24,11:59:58,-71.41,-30.76,12.4,3.4,ml,guc
2002-05-24,12:42:44,-70.23,-34.15,118.6,3.9,md,guc
2002-05-24,14:32:55,-71.31,-30.68,43.4,4.6,mb,us
2002-05-24,20:30:32,-70.99,-34.42,86.7,2.7,md,guc
2002-05-24,21:38:30,-71.6,-32.43,43.9,3.2,md,guc
2002-05-24,21:46:56,-70.5,-34.31,3.3,3.1,md,guc
2002-05-24,23:26:46,-70.24,-32.84,104.2,3.1,md,guc
2002-05-25,01:38:59,-67.54,-31.7,123.7,4.4,mb,us
2002-05-25,04:46:41,-71.53,-30.75,35.0,4.3,md,guc
2002-05-25,07:13:26,-110.19,-32.63,10.0,4.7,mb,us
2002-05-25,11:16:44,-67.84,-32.28,8.0,3.5,ml,guc
2002-05-25,12:28:55,-68.8,-31.2,111.3,4.4,mb,us
2002-05-25,17:41:21,-76.25,-10.29,134.9,4.3,mb,us
2002-05-25,21:42:21,-70.58,-20.64,33.0,4.5,mb,us
2002-05-26,03:01:31,-71.45,-30.94,73.0,4.1,md,guc
2002-05-26,05:35:54,-71.25,-30.08,67.6,4.1,md,guc
2002-05-26,09:19:21,-68.53,-20.04,118.8,4.7,mb,us
2002-05-26,15:36:08,-68.4,-32.45,121.0,4.0,mb,us
2002-05-26,19:28:06,-71.16,-32.32,50.1,3.5,md,guc
2002-05-27,00:55:57,-111.75,-29.46,10.0,4.6,mb,us
2002-05-27,04:25:56,-66.35,-23.66,211.1,4.5,mb,us
2002-05-27,07:19:51,-70.38,-34.79,138.7,2.7,md,guc
2002-05-27,12:31:35,-71.56,-33.68,41.7,3.4,md,guc
2002-05-27,14:26:01,-69.28,-29.35,100.0,4.1,mb,us
2002-05-27,18:35:01,-71.66,-30.72,33.0,4.9,ml,guc
2002-05-28,00:12:23,-71.31,-34.18,59.3,3.6,md,guc
2002-05-28,04:04:23,-66.8,-28.94,22.2,6.0,mwc,hrv
2002-05-28,09:15:17,-70.81,-34.01,76.4,2.8,md,guc
2002-05-28,12:33:42,-69.31,-32.26,187.9,3.7,md,guc
2002-05-28,13:11:46,-69.85,-31.55,139.4,4.3,md,guc
2002-05-28,14:04:28,-71.6,-32.21,3.5,3.5,ml,guc
2002-05-28,18:57:23,-71.1,-29.36,31.7,4.2,ml,guc
2002-05-29,04:52:20,-69.65,-31.97,160.7,3.7,md,guc
2002-05-29,04:56:19,-71.61,-30.76,26.6,4.3,ml,guc
2002-05-29,05:01:55,-67.28,-28.93,33.0,4.3,md,guc
2002-05-29,06:47:04,-71.7,-32.52,2.0,3.9,md,guc
2002-05-29,08:05:28,-71.46,-30.73,27.8,4.5,ml,guc
2002-05-29,19:07:45,-72.98,-32.73,18.0,4.1,md,guc
2002-05-30,06:48:54,-71.9,-36.96,159.8,3.8,md,guc
2002-05-30,08:14:58,-71.83,-32.72,15.0,3.9,md,guc
2002-05-30,23:49:51,-70.36,-31.71,137.1,3.6,md,guc
2002-05-31,06:51:02,-68.75,-21.14,123.8,4.0,mb,us
2002-05-31,10:55:27,-71.33,-33.45,44.2,3.8,md,guc
2002-05-31,12:22:19,-71.44,-31.96,68.7,3.7,md,guc
2002-05-31,14:30:08,-71.68,-32.65,32.9,3.7,md,guc
2002-05-31,22:18:46,-74.1,-36.75,1.0,4.2,ml,guc
2002-05-31,22:40:49,-71.64,-32.12,25.0,2.5,ml,guc
2002-06-01,18:03:34,-70.53,-33.69,89.5,2.9,md,guc
2002-06-01,19:50:37,-70.61,-34.63,116.0,3.0,md,guc
2002-06-01,22:30:58,-71.37,-31.36,47.0,4.0,md,guc
2002-06-01,23:37:12,-69.89,-32.92,123.3,3.1,md,guc
2002-06-02,03:34:08,-70.72,-34.41,103.7,2.7,md,guc
2002-06-02,05:59:15,-68.99,-19.74,101.1,5.4,mwc,hrv
2002-06-02,12:31:47,-71.14,-35.1,88.6,3.7,md,guc
2002-06-02,13:51:55,-71.1,-34.04,63.0,2.6,md,guc
2002-06-02,15:21:16,-70.96,-34.01,68.4,3.5,md,guc
2002-06-02,16:56:24,-69.09,-33.01,8.9,4.0,ml,guc
2002-06-03,02:35:24,-72.69,-32.61,27.6,3.7,ml,guc
2002-06-03,04:15:21,-68.66,-31.21,153.6,3.8,md,guc
2002-06-03,08:20:38,-71.52,-30.67,23.1,3.5,ml,guc
2002-06-03,08:22:16,-72.5,-29.45,33.0,4.5,mb,us
2002-06-03,09:02:59,-70.66,-34.6,99.1,3.2,md,guc
2002-06-04,09:23:47,-71.7,-32.19,13.4,3.3,ml,guc
2002-06-04,09:40:41,-71.79,-29.47,33.0,4.8,mb,us
2002-06-04,14:26:37,-70.01,-26.83,89.0,4.0,mb,us
2002-06-05,03:44:20,-70.86,-32.92,78.4,3.4,md,guc
2002-06-05,06:27:50,-71.36,-32.03,40.2,3.6,md,guc
2002-06-05,09:31:25,-72.91,-33.28,25.4,4.2,ml,guc
2002-06-05,12:10:15,-71.26,-9.25,581.5,4.5,mb,us
2002-06-05,14:37:54,-71.02,-31.4,73.5,3.6,md,guc
2002-06-05,15:48:33,-71.63,-32.78,28.5,3.5,md,guc
2002-06-05,22:59:23,-71.06,-35.27,119.0,3.7,md,guc
2002-06-05,23:23:42,-72.69,-45.93,33.0,4.5,mb,us
2002-06-06,01:16:42,-70.43,-33.23,103.4,3.3,md,guc
2002-06-06,07:17:42,-67.79,-31.08,160.0,3.7,md,guc
2002-06-06,13:59:40,-70.93,-34.13,79.1,2.8,md,guc
2002-06-06,19:01:17,-70.09,-34.41,11.8,3.8,md,guc
2002-06-06,22:16:03,-68.46,-22.02,117.2,4.2,mb,us
2002-06-06,22:46:54,-71.7,-32.23,18.2,4.1,md,guc
2002-06-07,05:11:51,-71.05,-33.24,71.8,3.1,md,guc
2002-06-07,06:49:10,-71.7,-33.35,20.1,3.6,ml,guc
2002-06-07,07:43:06,-68.82,-31.54,107.5,4.5,mb,us
2002-06-07,08:26:31,-70.92,-33.16,71.9,3.0,md,guc
2002-06-07,14:49:50,-70.99,-32.45,43.0,4.1,md,guc
2002-06-07,22:33:02,-69.38,-19.13,100.0,4.4,mb,us
2002-06-08,06:08:08,-70.59,-34.29,95.8,3.0,md,guc
2002-06-08,10:02:27,-72.08,-33.01,15.0,3.6,md,guc
2002-06-08,10:46:42,-72.42,-37.64,50.0,4.2,md,guc
2002-06-08,10:51:05,-70.24,-33.78,115.8,3.1,md,guc
2002-06-08,14:22:15,-70.96,-32.5,75.6,3.0,md,guc
2002-06-08,15:43:04,-69.54,-31.72,122.1,3.6,md,guc
2002-06-08,19:33:15,-70.21,-34.36,10.1,3.7,ml,guc
2002-06-09,02:57:49,-70.59,-32.49,66.0,3.1,md,guc
2002-06-09,03:23:00,-70.91,-31.86,71.7,3.2,md,guc
2002-06-09,12:26:38,-70.42,-34.91,148.0,3.5,md,guc
2002-06-09,16:08:04,-70.74,-32.95,78.8,3.6,md,guc
2002-06-09,23:12:56,-71.46,-30.69,18.3,3.7,ml,guc
2002-06-09,23:50:15,-70.38,-34.29,119.3,3.1,md,guc
2002-06-10,01:24:25,-68.66,-31.19,159.9,3.6,md,guc
2002-06-10,08:23:33,-68.54,-33.39,9.8,3.7,md,guc
2002-06-10,09:50:10,-71.66,-32.2,13.1,3.5,md,guc
2002-06-10,19:09:48,-71.62,-29.93,38.2,4.5,md,guc
2002-06-10,19:52:50,-71.56,-32.57,17.5,3.2,md,guc
2002-06-10,23:15:36,-70.41,-34.45,9.9,3.1,md,guc
2002-06-11,15:39:26,-70.81,-34.0,76.8,2.9,md,guc
2002-06-11,17:12:34,-66.62,-23.95,190.3,4.3,mb,us
2002-06-11,21:40:09,-70.43,-32.98,96.4,2.8,md,guc
2002-06-12,03:05:13,-68.25,-22.12,114.3,4.0,mb,us
2002-06-12,03:51:26,-71.06,-33.22,58.4,2.8,md,guc
2002-06-12,05:33:19,-71.61,-32.66,15.0,3.8,md,guc
2002-06-12,12:29:56,-71.44,-32.66,28.3,3.9,md,guc
2002-06-12,16:19:12,-71.04,-30.83,67.5,3.8,md,guc
2002-06-12,22:59:11,-68.85,-31.21,135.0,3.3,md,guc
2002-06-12,23:23:03,-70.28,-32.35,104.8,3.2,md,guc
2002-06-13,00:53:00,-66.6,-23.41,192.9,4.3,mb,us
2002-06-13,04:32:21,-70.73,-27.5,52.4,3.9,mb,us
2002-06-13,04:47:00,-68.27,-21.98,116.1,4.1,mb,us
2002-06-13,07:40:36,-70.28,-32.58,115.0,3.0,md,guc
2002-06-13,07:49:55,-69.47,-31.96,129.2,3.8,md,guc
2002-06-13,12:53:15,-71.21,-33.13,60.6,3.0,md,guc
2002-06-14,00:19:16,-68.22,-21.33,119.4,4.0,mb,us
2002-06-14,05:30:24,-71.74,-32.68,35.7,3.6,md,guc
2002-06-14,07:33:09,-76.53,-11.64,33.0,4.6,mb,us
2002-06-14,07:51:32,-66.58,-23.65,200.5,3.9,mb,us
2002-06-14,13:01:38,-70.54,-33.67,85.0,3.4,md,guc
2002-06-15,10:03:54,-68.18,-21.58,106.5,3.9,mb,us
2002-06-15,10:59:17,-71.7,-34.8,45.6,3.5,md,guc
2002-06-15,11:10:36,-71.87,-31.92,13.4,4.1,ml,guc
2002-06-15,12:40:07,-74.79,-8.75,33.0,4.2,mb,us
2002-06-15,15:31:55,-71.66,-33.53,31.7,3.4,md,guc
2002-06-15,17:22:59,-70.44,-33.75,93.7,2.6,md,guc
2002-06-15,18:05:19,-69.9,-31.71,130.0,3.5,md,guc
2002-06-15,20:01:33,-71.48,-34.07,42.5,3.3,md,guc
2002-06-15,21:31:08,-72.24,-31.33,39.8,4.2,md,guc
2002-06-15,21:53:46,-72.56,-33.35,15.2,3.4,ml,guc
2002-06-16,01:10:12,-71.17,-31.78,63.8,3.4,md,guc
2002-06-16,04:40:57,-71.66,-34.76,36.7,3.9,md,guc
2002-06-16,09:58:05,-71.66,-32.44,44.1,4.0,md,guc
2002-06-16,10:20:05,-69.78,-32.15,148.4,3.3,md,guc
2002-06-16,13:44:54,-68.13,-23.65,183.4,4.3,mb,us
2002-06-17,02:53:37,-70.95,-34.74,103.1,3.0,md,guc
2002-06-17,07:40:20,-66.59,-23.88,189.1,4.2,mb,us
2002-06-17,09:59:36,-70.45,-34.48,9.1,3.5,md,guc
2002-06-17,11:29:19,-71.74,-32.25,17.3,3.1,ml,guc
2002-06-17,16:17:38,-71.17,-35.42,112.6,3.1,md,guc
2002-06-17,20:57:32,-75.16,-10.21,56.4,4.7,mb,us
2002-06-17,21:12:51,-71.1,-33.74,63.2,2.9,md,guc
2002-06-17,22:06:38,-70.8,-33.84,79.4,3.3,md,guc
2002-06-18,07:11:09,-69.46,-31.72,150.0,4.0,md,guc
2002-06-18,13:56:23,-71.12,-30.8,54.0,6.6,mwb,us
2002-06-18,15:54:05,-68.89,-31.64,33.0,4.8,mb,us
2002-06-18,16:35:19,-69.22,-31.62,2.0,3.3,ml,guc
2002-06-18,17:54:25,-70.56,-33.3,86.2,2.8,md,guc
2002-06-18,19:00:17,-71.76,-32.66,14.5,3.7,ml,guc
2002-06-18,19:47:29,-71.18,-34.92,82.7,3.2,md,guc
2002-06-19,00:28:45,-74.9,-38.94,22.9,4.1,ml,guc
2002-06-19,03:32:48,-72.84,-32.88,8.2,3.8,md,guc
2002-06-19,04:16:36,-71.48,-31.96,35.8,3.9,md,guc
2002-06-19,05:58:43,-71.87,-32.37,16.2,3.2,md,guc
2002-06-19,15:54:37,-70.44,-31.96,128.3,3.4,md,guc
2002-06-20,04:24:29,-70.52,-34.51,119.7,3.5,md,guc
2002-06-20,07:07:02,-71.63,-33.65,39.4,3.7,md,guc
2002-06-20,11:08:04,-71.07,-34.53,85.0,3.2,md,guc
2002-06-20,14:02:55,-71.32,-30.95,46.2,4.2,md,guc
2002-06-20,18:08:23,-69.53,-30.74,150.0,4.2,md,guc
2002-06-20,20:35:13,-71.43,-17.93,25.2,5.2,mwc,hrv
2002-06-20,23:58:37,-71.42,-32.69,10.4,3.7,md,guc
2002-06-21,02:23:47,-70.14,-34.02,9.0,3.2,md,guc
2002-06-21,02:52:41,-70.12,-34.09,6.6,4.0,ml,guc
2002-06-21,04:29:45,-70.02,-31.56,138.2,3.2,md,guc
2002-06-21,10:05:21,-70.16,-34.11,5.7,3.3,md,guc
2002-06-21,10:15:09,-70.35,-32.36,111.2,2.9,md,guc
2002-06-21,13:22:59,-76.25,-14.37,33.0,4.2,mb,us
2002-06-21,21:18:18,-71.29,-32.87,48.1,3.1,md,guc
2002-06-21,21:32:58,-70.21,-33.4,114.5,4.1,md,guc
2002-06-21,21:45:47,-87.02,-41.56,10.0,4.7,mb,us
2002-06-21,22:53:50,-70.91,-34.32,79.6,2.3,md,guc
2002-06-22,00:17:17,-71.21,-32.09,78.1,3.3,md,guc
2002-06-22,01:31:44,-69.82,-32.61,147.3,3.2,md,guc
2002-06-22,05:35:11,-70.07,-32.36,100.9,3.1,md,guc
2002-06-22,11:02:18,-69.38,-31.78,118.1,4.3,mb,us
2002-06-22,14:48:15,-71.74,-32.15,20.0,3.3,ml,guc
2002-06-22,17:32:52,-70.84,-34.04,94.4,3.1,md,guc
2002-06-23,05:58:18,-69.56,-31.43,202.0,3.6,md,guc
2002-06-23,08:54:37,-72.16,-34.61,10.0,3.4,ml,guc
2002-06-23,09:11:42,-69.79,-31.23,169.0,3.6,md,guc
2002-06-23,11:10:42,-71.17,-30.84,67.1,5.4,mwb,us
2002-06-23,11:42:48,-69.33,-31.46,100.0,3.9,md,guc
2002-06-23,16:46:12,-71.65,-32.68,4.4,3.6,md,guc
2002-06-23,18:24:26,-71.79,-36.17,89.3,3.6,md,guc
2002-06-23,19:38:43,-70.08,-34.09,6.4,3.5,md,guc
2002-06-23,20:11:55,-71.31,-31.48,68.1,4.2,md,guc
2002-06-23,20:41:20,-79.8,-8.07,33.0,4.3,mb,us
2002-06-24,09:09:33,-71.38,-30.86,38.3,3.8,md,guc
2002-06-24,11:03:13,-66.63,-23.87,198.0,4.1,mb,us
2002-06-24,14:18:45,-71.09,-32.29,78.9,3.6,md,guc
2002-06-24,19:04:16,-71.82,-14.81,122.2,4.8,mb,us
2002-06-25,04:09:13,-70.33,-34.47,4.5,2.6,ml,guc
2002-06-25,17:17:51,-68.53,-20.36,122.5,4.3,mb,us
2002-06-26,07:17:11,-71.0,-30.6,64.7,5.3,mb,us
2002-06-26,09:43:12,-71.95,-34.72,6.3,3.1,ml,guc
2002-06-26,10:10:44,-71.49,-32.76,9.1,3.6,md,guc
2002-06-26,14:23:08,-71.4,-33.9,54.1,3.3,md,guc
2002-06-26,22:34:27,-70.38,-31.7,131.2,3.6,md,guc
2002-06-27,00:27:08,-71.22,-30.64,41.8,4.3,md,guc
2002-06-27,06:55:46,-71.33,-32.25,41.6,3.4,md,guc
2002-06-27,07:10:42,-71.26,-30.63,44.1,4.2,md,guc
2002-06-27,10:24:36,-68.46,-33.43,269.0,4.0,md,guc
2002-06-27,17:48:02,-71.21,-28.3,33.0,4.7,mb,us
2002-06-28,01:02:06,-71.43,-31.99,46.2,3.9,md,guc
2002-06-28,05:04:52,-71.7,-29.4,46.9,4.3,md,guc
2002-06-28,11:34:41,-71.36,-32.25,36.2,3.9,md,guc
2002-06-28,20:08:46,-67.38,-22.22,176.0,4.0,mb,us
2002-06-28,21:27:10,-73.98,-11.14,105.5,4.6,mb,us
2002-06-28,23:07:23,-69.46,-16.02,215.3,4.3,mb,us
2002-06-29,09:19:26,-72.01,-33.57,40.6,3.6,md,guc
2002-06-29,12:07:25,-71.85,-32.25,28.9,4.1,ml,guc
2002-06-29,14:40:53,-71.7,-32.65,14.2,3.0,ml,guc
2002-06-29,19:17:53,-76.73,-5.47,33.0,4.8,mb,us
2002-06-30,01:54:07,-71.48,-30.68,34.7,4.3,md,guc
2002-06-30,05:08:29,-69.09,-17.35,132.6,4.3,mb,us
2002-06-30,06:23:48,-76.91,-5.56,33.0,4.7,mb,us
2002-06-30,08:24:32,-71.54,-32.86,31.8,3.3,md,guc
2002-06-30,08:35:00,-72.88,-15.4,107.4,5.2,mwc,hrv
2002-06-30,10:53:39,-70.56,-35.0,0.2,3.6,md,guc
2002-06-30,13:45:18,-70.63,-33.38,62.8,2.6,md,guc
2002-06-30,20:27:08,-71.97,-33.38,15.1,4.0,md,guc
2002-06-30,20:32:12,-69.41,-31.34,214.8,3.8,md,guc
2002-06-30,21:13:12,-69.61,-32.88,1.0,3.6,md,guc
2002-07-01,04:47:07,-71.55,-30.74,28.5,4.4,ml,guc
2002-07-01,10:29:28,-69.83,-32.72,120.0,3.5,md,guc
2002-07-01,10:59:55,-73.51,-34.28,20.7,4.1,md,guc
2002-07-01,15:56:42,-68.39,-33.38,5.0,4.0,ml,guc
2002-07-01,16:38:25,-71.11,-33.68,64.9,3.1,md,guc
2002-07-01,17:04:01,-71.93,-34.66,30.9,3.5,md,guc
2002-07-01,17:44:50,-70.5,-34.6,122.9,2.9,md,guc
2002-07-01,18:32:33,-76.61,-5.6,33.0,4.7,mb,us
2002-07-01,20:22:15,-71.63,-32.11,27.1,3.5,ml,guc
2002-07-02,01:07:17,-73.37,-17.33,33.0,4.2,mb,us
2002-07-02,02:56:57,-70.62,-34.27,108.7,3.4,md,guc
2002-07-02,05:51:12,-70.25,-32.36,105.9,3.7,md,guc
2002-07-02,10:15:59,-112.4,-29.85,10.0,5.8,mwc,hrv
2002-07-02,20:21:00,-67.76,-31.15,27.0,5.5,mwc,hrv
2002-07-03,00:38:54,-71.24,-33.3,52.4,4.2,md,guc
2002-07-03,13:52:50,-72.16,-32.84,6.6,3.5,ml,guc
2002-07-03,19:00:13,-71.81,-33.53,41.9,3.6,md,guc
2002-07-03,20:19:22,-71.67,-33.16,35.3,3.9,md,guc
2002-07-03,23:56:15,-72.43,-15.4,33.0,4.4,mb,us
2002-07-04,00:36:54,-70.62,-33.12,83.1,3.5,md,guc
2002-07-04,07:49:09,-73.94,-8.44,172.7,4.6,mb,us
2002-07-04,08:12:44,-70.78,-33.08,76.4,2.9,md,guc
2002-07-04,10:21:00,-72.26,-32.91,33.4,4.1,md,guc
2002-07-04,10:24:32,-72.24,-32.9,24.3,3.8,md,guc
2002-07-04,10:33:14,-69.76,-31.67,129.9,3.5,md,guc
2002-07-04,12:12:20,-72.23,-32.9,33.3,4.1,md,guc
2002-07-04,14:31:21,-71.08,-17.28,33.0,4.6,mb,us
2002-07-04,19:37:06,-112.01,-32.75,10.0,4.6,mb,us
2002-07-04,20:06:07,-71.25,-32.43,46.4,3.9,md,guc
2002-07-04,22:14:12,-71.53,-35.33,67.6,3.4,md,guc
2002-07-05,00:42:24,-70.27,-32.43,117.4,3.3,md,guc
2002-07-05,03:51:49,-72.1,-32.82,9.5,3.4,ml,guc
2002-07-05,06:54:44,-69.64,-31.53,146.4,3.4,md,guc
2002-07-05,09:16:49,-71.22,-34.07,62.6,3.1,md,guc
2002-07-05,12:24:40,-76.21,-8.46,33.0,4.4,mb,us
2002-07-05,12:34:05,-70.17,-32.75,107.4,3.2,md,guc
2002-07-06,02:00:36,-68.91,-31.19,153.1,3.7,md,guc
2002-07-06,02:10:38,-76.7,-5.3,54.4,4.3,mb,us
2002-07-06,02:52:46,-70.34,-32.35,110.3,3.3,md,guc
2002-07-06,02:57:38,-71.41,-32.8,46.8,3.1,md,guc
2002-07-06,12:56:30,-71.13,-35.37,105.8,3.6,md,guc
2002-07-06,14:20:54,-72.22,-32.88,21.5,4.7,ml,guc
2002-07-06,14:56:44,-72.15,-32.92,8.6,3.9,ml,guc
2002-07-06,19:28:59,-72.18,-32.92,6.1,4.6,ml,guc
2002-07-06,20:27:22,-72.37,-32.95,29.0,3.2,ml,guc
2002-07-07,00:39:13,-71.72,-32.22,31.2,4.0,md,guc
2002-07-07,02:18:38,-69.66,-32.27,122.7,3.3,md,guc
2002-07-07,08:23:03,-71.33,-35.63,117.3,3.0,md,guc
2002-07-07,10:09:53,-71.77,-32.12,33.9,3.7,md,guc
2002-07-07,11:08:35,-71.51,-34.56,67.1,3.6,md,guc
2002-07-07,15:14:32,-71.73,-32.62,12.8,3.0,ml,guc
2002-07-07,15:17:21,-71.68,-32.75,3.9,3.5,md,guc
2002-07-07,19:31:09,-70.04,-33.54,9.8,3.4,md,guc
2002-07-07,21:17:52,-72.24,-32.97,27.0,3.6,md,guc
2002-07-07,22:38:08,-70.72,-34.52,98.0,3.4,md,guc
2002-07-07,23:55:02,-70.56,-33.98,98.2,2.6,md,guc
2002-07-08,08:19:30,-71.14,-35.07,100.6,3.8,md,guc
2002-07-08,18:07:56,-70.06,-33.24,0.5,3.1,ml,guc
2002-07-08,20:12:51,-70.12,-34.0,3.0,3.4,md,guc
2002-07-08,20:43:57,-70.76,-32.09,95.4,3.3,md,guc
2002-07-09,01:58:45,-71.42,-30.74,26.0,3.1,ml,guc
2002-07-09,05:43:33,-70.49,-33.85,11.8,3.3,md,guc
2002-07-09,07:31:14,-71.64,-32.67,6.3,3.0,ml,guc
2002-07-09,08:16:21,-70.63,-33.64,81.7,2.9,md,guc
2002-07-09,09:37:12,-70.1,-32.67,105.6,3.3,md,guc
2002-07-09,09:49:20,-72.44,-34.39,42.2,3.8,md,guc
2002-07-09,19:56:59,-71.32,-34.36,58.8,3.0,md,guc
2002-07-09,21:37:27,-99.03,-36.44,10.0,4.5,mb,us
2002-07-10,00:38:49,-71.67,-31.7,13.6,3.2,ml,guc
2002-07-10,04:41:59,-72.37,-33.48,35.2,3.9,md,guc
2002-07-10,06:03:58,-69.07,-31.25,211.7,3.7,md,guc
2002-07-10,08:40:10,-68.21,-21.21,113.0,4.1,mb,us
2002-07-10,13:29:05,-70.13,-34.01,7.7,3.7,md,guc
2002-07-10,13:51:25,-71.23,-33.4,57.4,3.2,md,guc
2002-07-10,14:44:31,-69.42,-31.37,136.6,3.7,md,guc
2002-07-10,16:32:36,-77.98,-5.37,33.0,4.2,mb,us
2002-07-10,16:42:34,-73.14,-32.6,19.1,4.2,ml,guc
2002-07-10,22:05:20,-70.39,-33.87,106.3,3.3,md,guc
2002-07-11,02:21:18,-70.89,-34.2,79.7,3.1,md,guc
2002-07-11,06:25:38,-70.31,-33.58,15.0,3.3,md,guc
2002-07-11,09:22:22,-111.98,-30.06,10.0,5.1,mb,us
2002-07-12,00:45:22,-72.39,-33.39,69.2,3.3,md,guc
2002-07-12,01:10:11,-68.52,-29.65,41.8,4.5,mb,us
2002-07-12,04:15:17,-66.4,-23.0,213.9,4.0,mb,us
2002-07-12,04:52:11,-70.99,-33.68,74.1,3.2,md,guc
2002-07-12,05:39:05,-72.81,-35.6,5.9,3.4,ml,guc
2002-07-12,08:45:48,-70.76,-33.18,82.7,3.1,md,guc
2002-07-12,10:59:57,-71.44,-32.36,15.2,3.7,md,guc
2002-07-12,23:56:54,-71.7,-32.7,29.5,3.2,ml,guc
2002-07-13,00:08:17,-71.7,-32.7,31.4,3.4,ml,guc
2002-07-13,01:49:09,-72.22,-32.91,34.4,4.3,md,guc
2002-07-13,03:53:44,-69.74,-32.41,117.0,3.5,md,guc
2002-07-13,06:08:29,-70.64,-33.2,81.8,3.7,md,guc
2002-07-13,23:04:54,-66.51,-23.82,198.0,4.6,mb,us
2002-07-14,00:35:15,-70.91,-32.75,69.9,3.1,md,guc
2002-07-14,02:04:43,-71.19,-32.14,66.3,3.2,md,guc
2002-07-14,03:26:53,-93.7,-38.27,10.0,4.5,mb,us
2002-07-14,05:18:36,-71.07,-32.24,75.8,3.3,md,guc
2002-07-14,09:36:54,-71.7,-36.4,82.1,3.5,md,guc
2002-07-14,13:12:54,-70.48,-34.07,101.6,3.2,md,guc
2002-07-14,14:40:04,-71.67,-31.61,51.4,3.8,mb,us
2002-07-14,14:43:42,-78.82,-5.36,44.4,5.0,mb,us
2002-07-14,16:44:18,-71.57,-31.61,4.7,3.9,md,guc
2002-07-14,20:40:39,-68.5,-31.73,145.8,3.8,md,guc
2002-07-15,01:18:29,-68.51,-22.17,109.0,4.3,mb,us
2002-07-15,11:23:14,-71.75,-31.65,26.6,3.4,ml,guc
2002-07-15,11:36:08,-71.47,-33.71,42.6,4.1,md,guc
2002-07-15,23:32:49,-71.8,-31.64,23.0,3.5,ml,guc
2002-07-16,00:14:52,-71.79,-31.64,25.5,3.2,ml,guc
2002-07-16,02:01:47,-69.88,-32.21,118.0,3.9,md,guc
2002-07-16,12:35:31,-72.43,-33.98,31.7,3.3,ml,guc
2002-07-16,21:18:52,-70.27,-33.12,8.1,3.0,ml,guc
2002-07-17,03:12:59,-74.79,-9.63,120.5,4.2,mb,us
2002-07-17,09:17:44,-70.36,-33.99,110.4,3.1,md,guc
2002-07-17,09:46:32,-70.27,-32.16,120.5,3.9,md,guc
2002-07-17,13:15:30,-70.56,-34.14,96.2,2.7,md,guc
2002-07-17,16:42:40,-71.18,-35.28,103.2,2.9,md,guc
2002-07-18,01:25:37,-72.56,-29.34,23.4,5.1,mb,us
2002-07-18,02:30:05,-71.99,-34.5,48.9,4.6,mb,us
2002-07-18,05:23:20,-72.1,-34.48,31.3,4.0,md,guc
2002-07-18,06:18:01,-72.07,-33.08,28.3,3.4,md,guc
2002-07-18,08:19:21,-70.89,-30.85,45.7,3.9,md,guc
2002-07-18,12:23:17,-71.21,-32.18,39.3,4.0,md,guc
2002-07-18,17:04:50,-71.69,-32.58,26.0,2.6,ml,guc
2002-07-18,20:53:40,-71.64,-29.62,33.0,4.5,ml,guc
2002-07-18,21:22:44,-71.68,-34.78,41.4,4.0,md,guc
2002-07-18,21:40:45,-71.4,-35.46,94.5,3.2,md,guc
2002-07-18,21:53:13,-79.75,-44.72,10.0,5.2,mwc,hrv
2002-07-19,00:56:24,-67.86,-23.15,127.0,4.3,mb,us
2002-07-19,02:15:20,-70.12,-32.46,109.0,3.2,md,guc
2002-07-19,02:16:25,-77.55,-11.19,81.7,4.1,mb,us
2002-07-19,03:10:25,-77.13,-5.72,33.0,4.5,mb,us
2002-07-19,05:27:06,-71.32,-35.6,94.0,3.4,md,guc
2002-07-19,06:55:47,-70.75,-33.31,80.7,4.5,mb,us
2002-07-19,07:37:41,-71.71,-32.25,15.0,2.7,ml,guc
2002-07-19,16:08:56,-70.8,-33.3,76.1,3.4,md,guc
2002-07-19,17:47:02,-71.54,-32.61,27.0,3.4,ml,guc
2002-07-19,18:03:09,-71.0,-33.76,67.3,3.7,md,guc
2002-07-19,21:20:23,-70.26,-33.15,6.3,2.8,ml,guc
2002-07-19,22:22:16,-71.13,-35.14,99.8,3.2,md,guc
2002-07-19,23:40:23,-67.44,-21.09,184.1,4.1,mb,us
2002-07-20,05:28:54,-72.64,-35.58,3.0,3.4,md,guc
2002-07-20,16:01:26,-69.72,-31.02,178.3,3.7,md,guc
2002-07-20,19:24:52,-70.88,-33.38,73.1,2.9,md,guc
2002-07-20,22:26:03,-70.53,-33.33,89.2,2.6,md,guc
2002-07-20,23:01:35,-71.53,-31.94,60.7,4.0,md,guc
2002-07-21,02:43:06,-71.52,-31.76,38.3,3.9,md,guc
2002-07-21,10:58:27,-71.25,-35.27,98.1,3.0,md,guc
2002-07-21,23:03:13,-71.55,-33.35,45.6,3.3,md,guc
2002-07-21,23:40:04,-69.7,-32.17,143.8,3.2,md,guc
2002-07-22,01:58:38,-68.62,-23.08,156.4,3.8,mb,us
2002-07-22,04:32:24,-72.37,-30.51,10.0,4.7,mb,us
2002-07-22,06:46:57,-70.25,-31.95,120.6,3.3,md,guc
2002-07-22,07:01:31,-80.8,-4.25,33.0,3.7,mb,us
2002-07-22,07:52:32,-70.22,-31.69,147.0,3.5,md,guc
2002-07-22,09:11:26,-70.56,-34.46,113.5,3.7,md,guc
2002-07-22,09:33:04,-72.06,-33.8,42.1,3.5,md,guc
2002-07-22,10:55:44,-70.86,-33.64,70.0,2.8,md,guc
2002-07-22,20:04:30,-70.22,-32.27,110.4,3.9,md,guc
2002-07-22,22:31:40,-72.68,-34.38,36.1,3.8,md,guc
2002-07-22,23:46:18,-71.6,-32.19,46.9,3.9,md,guc
2002-07-23,01:59:50,-68.42,-31.2,173.9,3.5,md,guc
2002-07-23,02:11:48,-68.32,-31.72,109.9,4.4,mb,us
2002-07-23,10:00:07,-70.25,-34.34,8.5,3.2,md,guc
2002-07-23,17:08:54,-72.05,-29.89,29.7,4.1,ml,guc
2002-07-23,17:15:30,-71.71,-31.64,10.8,3.5,ml,guc
2002-07-23,21:49:33,-70.96,-34.34,78.1,3.0,md,guc
2002-07-24,00:18:04,-71.03,-32.22,85.7,3.2,md,guc
2002-07-24,16:13:55,-70.48,-33.19,88.1,3.1,md,guc
2002-07-24,18:58:18,-69.98,-31.76,125.0,3.6,md,guc
2002-07-24,21:55:04,-70.72,-34.07,91.9,3.7,md,guc
2002-07-25,16:29:47,-69.58,-31.51,135.0,3.5,md,guc
2002-07-25,21:29:08,-72.61,-34.29,17.4,3.7,md,guc
2002-07-26,00:09:08,-70.29,-33.9,116.0,2.9,md,guc
2002-07-26,01:06:40,-70.22,-35.22,169.4,3.5,md,guc
2002-07-26,14:32:34,-70.53,-32.73,10.0,4.5,ml,guc
2002-07-27,00:37:16,-69.66,-32.32,129.5,3.1,md,guc
2002-07-27,00:40:58,-70.25,-33.92,112.8,3.2,md,guc
2002-07-27,02:27:56,-71.63,-32.1,49.0,3.9,md,guc
2002-07-27,02:32:14,-69.27,-31.37,126.4,3.5,md,guc
2002-07-27,04:56:45,-70.62,-32.75,44.4,4.0,md,guc
2002-07-27,09:24:07,-68.78,-28.16,84.3,4.1,mb,us
2002-07-27,15:11:54,-71.65,-32.65,15.2,3.8,md,guc
2002-07-27,18:05:04,-72.51,-37.4,97.8,3.8,md,guc
2002-07-27,23:51:02,-68.87,-32.02,193.4,3.2,md,guc
2002-07-28,08:20:55,-71.29,-33.21,53.5,3.6,md,guc
2002-07-28,08:54:22,-72.68,-36.69,59.0,3.9,md,guc
2002-07-28,10:42:09,-66.7,-21.4,224.2,4.1,mb,us
2002-07-28,15:30:06,-69.88,-31.71,146.9,3.7,md,guc
2002-07-28,16:12:31,-71.83,-29.48,31.3,4.5,ml,guc
2002-07-29,00:12:32,-69.15,-31.24,149.7,3.8,md,guc
2002-07-29,04:33:22,-70.98,-34.84,100.9,3.0,md,guc
2002-07-29,08:45:34,-71.03,-35.24,116.5,2.8,md,guc
2002-07-29,08:46:42,-71.76,-32.32,9.0,3.6,md,guc
2002-07-29,09:39:16,-66.66,-21.35,226.5,4.2,mb,us
2002-07-29,09:50:10,-71.5,-32.58,21.3,2.5,ml,guc
2002-07-29,10:51:35,-70.26,-32.2,115.6,3.0,md,guc
2002-07-29,11:07:01,-71.79,-32.53,15.2,2.8,ml,guc
2002-07-29,12:14:53,-71.68,-32.6,14.9,3.0,ml,guc
2002-07-29,12:20:14,-69.02,-31.19,125.0,3.9,md,guc
2002-07-29,14:20:58,-70.71,-32.16,102.0,3.6,md,guc
2002-07-29,16:18:40,-68.77,-32.73,6.0,3.8,md,guc
2002-07-29,20:18:03,-70.75,-31.93,99.3,3.5,md,guc
2002-07-29,23:40:08,-76.82,-6.98,61.1,5.2,mwc,hrv
2002-07-30,09:14:56,-71.58,-35.81,93.6,3.4,md,guc
2002-07-30,14:57:55,-71.46,-33.04,44.9,3.7,md,guc
2002-07-30,19:23:19,-71.41,-30.83,37.4,4.1,md,guc
2002-07-30,21:08:33,-72.07,-33.84,5.3,3.6,md,guc
2002-07-31,09:04:01,-70.21,-32.04,122.3,3.9,md,guc
2002-07-31,13:20:20,-72.16,-30.65,6.5,4.2,ml,guc
2002-07-31,16:00:57,-70.54,-33.2,92.2,4.0,md,guc
2002-07-31,18:45:00,-69.24,-30.52,0.0,4.0,ml,guc
2002-07-31,23:00:07,-71.32,-35.44,102.5,3.7,md,guc
2002-07-31,23:17:43,-71.91,-32.89,18.6,3.4,ml,guc
2002-08-01,00:27:41,-70.61,-32.76,43.9,3.0,md,guc
2002-08-01,08:32:14,-71.64,-32.11,47.8,3.6,md,guc
2002-08-01,08:52:06,-69.11,-31.51,110.3,3.4,md,guc
2002-08-01,09:35:48,-70.85,-32.44,76.9,3.4,md,guc
2002-08-01,10:21:38,-71.25,-35.66,98.2,3.3,md,guc
2002-08-01,17:01:42,-71.42,-32.51,33.1,3.8,md,guc
2002-08-02,01:13:36,-71.8,-32.9,0.0,3.7,ml,guc
2002-08-02,07:27:26,-69.9,-31.79,127.2,3.4,md,guc
2002-08-02,11:27:00,-71.61,-32.4,34.7,3.8,md,guc
2002-08-02,18:51:51,-71.05,-28.03,33.0,4.7,mb,us
2002-08-02,20:06:05,-69.24,-24.37,80.8,4.3,mb,us
2002-08-02,20:19:09,-75.65,-15.03,37.4,3.7,mb,us
2002-08-02,21:24:36,-70.27,-33.14,3.4,2.3,ml,guc
2002-08-02,23:59:27,-71.84,-32.24,16.5,4.0,ml,guc
2002-08-03,06:50:02,-70.68,-32.43,86.1,3.2,md,guc
2002-08-03,07:15:16,-66.75,-23.14,207.1,4.1,mb,us
2002-08-03,12:52:16,-70.34,-34.08,9.0,3.5,md,guc
2002-08-03,18:13:30,-70.29,-33.58,104.0,2.9,md,guc
2002-08-03,22:38:37,-70.15,-32.37,115.0,3.6,md,guc
2002-08-04,09:17:04,-72.92,-33.05,26.6,4.2,ml,guc
2002-08-04,09:50:25,-80.73,-45.02,10.0,5.9,mwb,us
2002-08-04,10:31:07,-72.09,-33.85,37.9,3.8,md,guc
2002-08-04,11:50:58,-70.35,-32.71,122.9,3.3,md,guc
2002-08-04,19:28:57,-78.99,-9.02,66.9,4.0,mb,us
2002-08-04,23:19:01,-69.39,-31.94,135.0,3.9,md,guc
2002-08-05,02:11:13,-66.69,-23.86,204.4,4.4,mb,us
2002-08-05,04:56:29,-71.57,-32.62,1.6,3.5,md,guc
2002-08-05,05:57:15,-69.05,-19.14,106.9,4.5,mb,us
2002-08-05,06:56:05,-72.25,-32.49,35.4,3.9,md,guc
2002-08-05,13:33:33,-70.05,-34.32,2.5,3.9,md,guc
2002-08-05,17:40:13,-70.26,-33.13,5.0,3.0,ml,guc
2002-08-06,02:02:58,-69.44,-31.51,128.6,3.5,md,guc
2002-08-06,04:34:09,-70.14,-34.54,8.0,3.8,md,guc
2002-08-06,14:26:12,-76.62,-5.36,106.8,5.3,mwb,us
2002-08-06,21:50:16,-68.83,-31.5,145.0,3.8,md,guc
2002-08-06,22:20:32,-71.34,-34.38,66.8,4.3,mb,us
2002-08-06,23:51:13,-71.72,-32.71,9.1,3.6,md,guc
2002-08-07,00:33:44,-69.37,-31.5,129.3,3.5,md,guc
2002-08-07,01:25:39,-71.53,-30.27,53.1,4.2,md,guc
2002-08-07,05:39:18,-71.84,-31.79,37.0,3.9,md,guc
2002-08-07,06:51:09,-69.82,-33.3,6.0,3.7,md,guc
2002-08-07,08:11:09,-70.18,-32.51,113.0,3.2,md,guc
2002-08-07,09:29:49,-70.0,-32.54,120.2,3.1,md,guc
2002-08-07,09:48:46,-69.81,-33.3,6.8,3.4,md,guc
2002-08-07,22:15:19,-72.06,-35.7,75.0,3.3,md,guc
2002-08-08,02:19:32,-71.43,-32.08,76.2,3.4,md,guc
2002-08-08,03:47:52,-70.84,-34.93,126.3,2.9,md,guc
2002-08-08,05:35:26,-72.18,-34.73,11.0,3.8,md,guc
2002-08-08,06:17:40,-70.16,-33.83,105.0,2.9,md,guc
2002-08-08,08:59:08,-78.76,-8.55,76.9,4.9,mb,us
2002-08-08,11:20:30,-71.09,-31.87,81.0,3.5,md,guc
2002-08-08,18:51:27,-70.41,-34.42,124.5,2.9,md,guc
2002-08-08,20:20:44,-66.62,-24.06,188.1,4.3,mb,us
2002-08-09,01:33:44,-70.94,-32.82,68.9,3.6,md,guc
2002-08-09,05:39:52,-70.75,-34.33,91.1,2.9,md,guc
2002-08-09,10:33:11,-71.3,-29.35,40.5,4.3,md,guc
2002-08-09,14:38:13,-68.64,-31.2,200.0,3.4,md,guc
2002-08-09,17:22:45,-71.68,-30.9,28.6,3.1,ml,guc
2002-08-09,21:19:05,-71.44,-33.77,49.6,3.6,md,guc
2002-08-09,22:38:13,-71.45,-29.69,60.5,4.1,md,guc
2002-08-09,22:45:54,-70.26,-33.14,4.5,2.6,ml,guc
2002-08-10,03:50:48,-70.57,-34.32,114.4,3.0,md,guc
2002-08-10,05:38:20,-71.38,-33.11,52.0,3.4,md,guc
2002-08-10,06:46:27,-70.86,-33.6,68.1,2.5,md,guc
2002-08-10,12:51:45,-74.45,-7.93,148.3,4.7,mb,us
2002-08-10,13:31:21,-68.19,-31.86,0.0,3.9,ml,guc
2002-08-10,18:44:33,-69.69,-32.12,139.0,3.1,md,guc
2002-08-10,19:31:49,-70.11,-34.54,7.2,3.3,ml,guc
2002-08-10,23:11:12,-70.07,-34.41,0.0,2.5,ml,guc
2002-08-11,03:26:00,-71.73,-29.4,42.5,4.2,md,guc
2002-08-11,03:33:02,-70.83,-33.3,76.7,2.9,md,guc
2002-08-11,05:06:32,-71.88,-5.58,567.7,5.5,mwc,hrv
2002-08-11,12:09:14,-74.68,-10.77,33.0,5.1,mwc,hrv
2002-08-11,12:48:55,-58.01,-54.24,10.0,4.9,mb,us
2002-08-11,13:14:34,-74.67,-10.74,33.0,4.4,mb,us
2002-08-11,22:47:19,-67.14,-21.25,183.5,4.2,mb,us
2002-08-12,07:11:22,-69.97,-33.2,111.9,3.1,md,guc
2002-08-12,13:07:20,-70.76,-34.63,106.4,3.6,md,guc
2002-08-12,17:49:15,-70.3,-33.13,12.6,2.1,ml,guc
2002-08-12,20:15:21,-71.02,-33.08,64.4,2.5,md,guc
2002-08-12,21:58:21,-72.02,-32.59,38.9,3.8,md,guc
2002-08-12,22:14:14,-71.98,-32.6,4.9,3.3,ml,guc
2002-08-12,22:16:50,-71.41,-34.7,53.6,3.9,md,guc
2002-08-12,22:59:14,-71.95,-32.63,8.5,3.2,ml,guc
2002-08-12,23:42:36,-70.08,-32.8,111.8,3.0,md,guc
2002-08-13,03:49:44,-70.23,-33.13,96.0,3.0,md,guc
2002-08-13,17:59:00,-68.92,-32.72,5.0,3.1,ml,guc
2002-08-13,23:41:57,-70.64,-34.6,111.1,2.9,md,guc
2002-08-14,04:28:23,-69.97,-31.83,138.4,3.4,md,guc
2002-08-14,05:04:32,-71.33,-32.6,44.6,3.6,md,guc
2002-08-15,03:17:23,-72.62,-35.89,33.9,4.2,md,guc
2002-08-15,08:02:26,-71.79,-31.59,36.3,4.0,md,guc
2002-08-15,11:41:31,-69.28,-32.78,161.3,3.7,md,guc
2002-08-15,14:46:45,-68.65,-31.18,150.0,3.7,md,guc
2002-08-15,18:03:11,-70.28,-33.16,0.9,3.3,md,guc
2002-08-15,18:54:36,-71.17,-33.88,63.8,3.8,md,guc
2002-08-15,23:02:43,-71.71,-35.87,93.8,3.9,md,guc
2002-08-16,02:10:21,-67.3,-28.49,137.1,4.5,mb,us
2002-08-16,03:29:19,-67.91,-34.87,20.0,4.8,mb,us
2002-08-16,03:49:47,-73.03,-32.91,21.9,2.7,ml,guc
2002-08-16,07:22:26,-75.5,-46.17,33.0,4.5,mb,us
2002-08-16,12:10:58,-71.16,-34.62,87.5,3.1,md,guc
2002-08-16,17:03:56,-73.01,-32.87,21.7,3.2,ml,guc
2002-08-16,18:28:25,-70.42,-33.09,87.4,2.9,md,guc
2002-08-16,23:12:15,-70.49,-33.38,90.0,2.9,md,guc
2002-08-17,06:07:12,-70.1,-33.91,117.6,4.4,mb,us
2002-08-17,11:48:08,-68.95,-31.52,152.3,3.9,md,guc
2002-08-17,13:40:00,-68.62,-35.53,18.6,4.0,ml,guc
2002-08-17,23:50:45,-70.6,-32.74,45.1,3.9,md,guc
2002-08-18,02:16:29,-70.48,-34.16,96.5,3.0,md,guc
2002-08-18,04:09:04,-68.78,-21.08,119.2,4.1,mb,us
2002-08-18,12:27:07,-70.81,-32.42,83.4,3.7,md,guc
2002-08-18,15:49:24,-70.37,-32.46,105.8,3.6,md,guc
2002-08-18,20:41:49,-71.89,-32.21,26.6,4.2,ml,guc
2002-08-19,02:04:27,-70.92,-32.5,59.1,3.4,md,guc
2002-08-19,02:27:09,-71.84,-32.55,37.0,4.0,md,guc
2002-08-19,11:07:32,-70.6,-34.32,108.7,3.0,md,guc
2002-08-19,13:04:53,-71.48,-36.5,146.3,3.6,md,guc
2002-08-19,18:18:56,-71.47,-32.43,33.0,4.2,md,guc
2002-08-19,19:14:52,-71.34,-36.14,0.0,3.1,ml,guc
2002-08-19,20:50:52,-72.97,-32.76,22.7,4.2,ml,guc
2002-08-19,21:03:18,-71.71,-34.82,54.9,3.6,md,guc
2002-08-20,03:53:58,-72.46,-36.22,19.2,3.9,ml,guc
2002-08-20,07:08:55,-69.84,-32.04,136.4,3.7,md,guc
2002-08-20,12:47:41,-70.4,-34.38,7.7,2.9,ml,guc
2002-08-20,15:30:28,-71.62,-36.75,55.9,3.6,md,guc
2002-08-20,16:30:06,-68.57,-31.16,150.0,4.0,md,guc
2002-08-20,17:40:35,-71.88,-32.28,13.1,3.0,ml,guc
2002-08-20,19:18:38,-70.12,-33.95,3.4,2.5,ml,guc
2002-08-20,20:00:25,-70.11,-33.94,3.4,2.5,ml,guc
2002-08-20,22:36:58,-71.64,-31.0,45.9,4.3,md,guc
2002-08-21,01:45:07,-71.69,-31.51,29.4,3.2,ml,guc
2002-08-21,02:27:58,-69.79,-32.33,114.6,3.3,md,guc
2002-08-21,02:39:00,-69.96,-31.78,116.8,3.6,md,guc
2002-08-21,07:07:39,-70.28,-34.4,108.8,4.4,mb,us
2002-08-21,17:48:27,-70.26,-33.13,2.4,3.6,md,guc
2002-08-22,02:44:47,-67.64,-31.26,37.7,4.3,mb,us
2002-08-22,03:16:36,-71.33,-35.45,121.2,3.8,md,guc
2002-08-22,06:45:28,-67.76,-31.43,135.6,3.8,md,guc
2002-08-22,07:22:49,-70.15,-21.45,54.3,4.2,mb,us
2002-08-22,15:01:14,-70.54,-31.8,120.1,3.4,md,guc
2002-08-22,15:03:26,-67.72,-31.63,170.0,4.0,md,guc
2002-08-22,20:26:50,-70.59,-34.36,107.9,2.9,md,guc
2002-08-22,20:52:28,-70.28,-33.15,3.1,3.6,md,guc
2002-08-23,10:32:27,-66.63,-23.91,199.8,4.2,mb,us
2002-08-23,13:11:39,-110.84,-20.9,10.0,4.7,mb,us
2002-08-24,10:16:35,-70.5,-35.38,15.6,3.8,md,guc
2002-08-25,01:58:49,-68.89,-31.56,10.0,3.7,ml,guc
2002-08-25,03:21:36,-76.18,-8.57,16.2,4.8,mb,us
2002-08-25,04:34:43,-71.22,-31.95,84.5,3.2,md,guc
2002-08-25,06:03:06,-70.61,-33.22,62.0,2.9,md,guc
2002-08-25,06:18:38,-69.69,-31.63,144.8,3.8,md,guc
2002-08-25,14:44:29,-70.73,-34.24,82.4,2.8,md,guc
2002-08-25,15:20:42,-70.31,-31.2,136.1,3.2,md,guc
2002-08-25,17:35:10,-66.54,-23.86,198.8,4.5,mb,us
2002-08-25,18:02:46,-70.95,-32.89,68.8,3.3,md,guc
2002-08-25,20:42:00,-71.51,-32.57,77.4,2.9,md,guc
2002-08-26,03:17:51,-71.81,-32.11,13.3,3.2,ml,guc
2002-08-26,09:06:35,-71.41,-35.43,111.2,3.4,md,guc
2002-08-26,09:39:47,-70.8,-33.3,77.7,2.9,md,guc
2002-08-26,13:03:37,-68.94,-32.55,150.0,4.0,md,guc
2002-08-26,13:53:08,-68.31,-21.25,110.4,4.7,mb,us
2002-08-26,22:25:17,-70.8,-31.51,102.9,3.4,md,guc
2002-08-26,23:03:02,-71.35,-17.8,33.0,5.4,mwc,hrv
2002-08-27,16:53:02,-68.18,-21.33,100.0,4.3,mb,us
2002-08-27,17:04:21,-71.33,-30.75,44.7,4.2,md,guc
2002-08-28,00:54:19,-71.02,-33.67,65.5,2.7,md,guc
2002-08-28,01:01:01,-71.76,-32.78,23.7,3.8,md,guc
2002-08-28,02:22:29,-69.8,-32.44,127.6,3.1,md,guc
2002-08-28,03:38:04,-70.96,-33.68,74.7,2.4,md,guc
2002-08-29,02:28:18,-68.37,-21.24,116.4,5.3,mwc,hrv
2002-08-29,04:03:45,-68.5,-33.94,20.2,3.8,md,guc
2002-08-29,05:58:01,-70.33,-34.94,3.0,2.7,ml,guc
2002-08-29,10:43:41,-70.23,-15.49,226.7,4.3,mb,us
2002-08-29,11:48:24,-70.41,-32.21,110.4,3.6,md,guc
2002-08-29,14:08:55,-70.89,-33.28,71.2,3.1,md,guc
2002-08-29,18:39:15,-71.3,-32.41,44.3,3.9,md,guc
2002-08-30,09:02:09,-70.22,-34.98,26.4,3.1,ml,guc
2002-08-30,15:31:13,-70.78,-33.48,70.7,2.8,md,guc
2002-08-30,16:19:57,-71.45,-35.42,100.9,3.9,md,guc
2002-08-30,18:34:30,-72.22,-36.46,125.6,3.9,md,guc
2002-08-30,18:36:04,-75.0,-8.68,130.5,4.2,mb,us
2002-08-30,21:57:30,-66.56,-23.6,184.9,5.0,mb,us
2002-08-31,00:52:33,-70.28,-33.14,6.4,1.9,ml,guc
2002-08-31,02:33:08,-70.13,-25.97,62.1,4.5,mb,us
2002-09-01,18:07:27,-107.39,-35.15,10.0,4.6,mb,us
2002-09-02,05:19:08,-66.62,-20.87,229.5,4.2,mb,us
2002-09-04,17:56:02,-70.68,-32.37,95.7,3.5,md,guc
2002-09-05,14:25:38,-97.89,-36.37,10.0,4.8,mb,us
2002-09-05,17:32:12,-72.24,-33.13,33.7,3.7,md,guc
2002-09-05,20:30:03,-69.28,-32.57,3.0,3.7,ml,guc
2002-09-06,01:48:44,-112.34,-30.16,10.0,3.8,mb,us
2002-09-06,07:00:06,-70.17,-32.86,104.0,2.9,md,guc
2002-09-06,07:03:57,-71.44,-29.73,48.2,4.1,md,guc
2002-09-06,11:10:04,-68.23,-29.42,40.9,4.1,md,guc
2002-09-06,11:31:44,-68.37,-31.33,33.0,3.8,md,guc
2002-09-06,13:17:30,-68.97,-32.72,3.6,3.5,ml,guc
2002-09-06,16:48:42,-70.49,-33.48,88.7,2.9,md,guc
2002-09-06,19:06:01,-71.51,-32.3,24.1,2.6,ml,guc
2002-09-07,00:21:00,-70.89,-33.79,77.8,2.8,md,guc
2002-09-07,16:36:17,-70.21,-34.34,6.6,3.5,md,guc
2002-09-07,18:11:39,-69.11,-31.32,33.0,3.9,ml,guc
2002-09-07,18:23:51,-70.03,-31.64,138.1,3.0,md,guc
2002-09-07,19:54:40,-70.32,-34.06,1.6,3.5,md,guc
2002-09-07,21:46:58,-71.14,-32.19,72.2,3.4,md,guc
2002-09-07,22:08:10,-71.72,-32.13,8.4,2.7,ml,guc
2002-09-08,07:49:35,-70.23,-32.78,99.4,3.5,md,guc
2002-09-08,08:26:34,-70.45,-36.06,194.3,3.4,md,guc
2002-09-08,21:00:14,-71.37,-33.41,54.1,3.3,md,guc
2002-09-08,22:05:57,-71.66,-32.7,22.6,3.6,md,guc
2002-09-08,23:14:43,-71.57,-32.01,47.0,3.9,md,guc
2002-09-09,03:04:11,-71.48,-32.67,20.3,3.5,md,guc
2002-09-09,05:40:10,-71.39,-30.88,59.7,3.4,md,guc
2002-09-09,06:10:20,-68.78,-31.26,100.0,3.8,md,guc
2002-09-09,09:07:05,-71.66,-33.39,36.9,3.4,md,guc
2002-09-09,09:39:40,-70.68,-34.05,98.5,2.6,md,guc
2002-09-09,10:38:48,-71.89,-33.29,25.0,3.7,md,guc
2002-09-10,01:35:56,-72.94,-32.68,23.8,3.8,md,guc
2002-09-10,05:14:34,-71.21,-35.06,109.3,3.2,md,guc
2002-09-10,07:11:26,-72.93,-32.7,19.8,3.0,ml,guc
2002-09-10,18:01:40,-70.28,-33.16,2.4,1.8,ml,guc
2002-09-11,03:38:31,-68.59,-19.3,90.1,3.5,mb,us
2002-09-11,11:02:08,-76.14,-14.04,33.0,4.0,mb,us
2002-09-11,11:06:33,-72.62,-36.06,74.8,3.7,md,guc
2002-09-11,11:40:16,-71.9,-31.75,21.6,3.7,ml,guc
2002-09-11,13:34:50,-72.08,-33.63,28.3,4.6,ml,guc
2002-09-11,14:11:29,-70.72,-33.36,82.4,3.1,md,guc
2002-09-11,15:05:06,-71.86,-31.8,27.9,3.1,ml,guc
2002-09-11,15:54:22,-71.94,-33.6,25.3,3.5,md,guc
2002-09-11,16:05:34,-71.02,-35.2,111.7,3.5,md,guc
2002-09-12,04:35:02,-71.16,-34.38,64.4,2.7,md,guc
2002-09-12,10:07:24,-71.44,-30.99,53.0,4.0,md,guc
2002-09-12,12:32:12,-68.6,-31.43,111.7,4.4,mb,us
2002-09-12,17:06:07,-70.88,-34.18,78.8,2.9,md,guc
2002-09-12,23:10:24,-70.0,-16.94,153.5,4.5,mb,us
2002-09-12,23:55:16,-71.0,-33.78,69.5,3.6,md,guc
2002-09-13,10:09:50,-72.29,-34.74,26.3,2.9,ml,guc
2002-09-13,10:23:03,-80.65,-4.96,42.7,5.1,mb,us
2002-09-13,12:24:21,-71.19,-31.98,40.0,3.8,md,guc
2002-09-13,13:28:36,-71.8,-32.89,29.7,2.8,ml,guc
2002-09-13,16:05:56,-70.18,-33.02,113.3,3.2,md,guc
2002-09-14,02:41:15,-71.65,-32.16,56.2,3.3,md,guc
2002-09-14,07:23:28,-71.64,-33.66,31.7,3.6,md,guc
2002-09-14,08:41:43,-74.76,-7.17,149.0,4.4,mb,us
2002-09-14,17:00:07,-70.26,-33.06,100.1,3.8,md,guc
2002-09-14,18:15:44,-72.85,-16.3,78.3,4.5,mb,us
2002-09-15,03:51:28,-71.24,-34.14,65.0,2.9,md,guc
2002-09-15,03:59:19,-69.92,-31.8,1.1,3.0,ml,guc
2002-09-15,04:09:10,-69.29,-32.57,0.0,3.1,ml,guc
2002-09-15,06:12:27,-71.79,-32.85,0.0,2.3,ml,guc
2002-09-15,06:24:43,-107.05,-26.85,10.0,4.5,mb,us
2002-09-15,12:26:26,-68.95,-28.33,94.4,4.7,mb,us
2002-09-15,14:11:12,-70.12,-32.06,122.2,3.2,md,guc
2002-09-15,17:12:29,-71.27,-31.02,65.0,3.5,md,guc
2002-09-15,18:56:56,-124.33,-55.96,10.0,4.9,mb,us
2002-09-15,21:53:50,-66.39,-22.81,210.9,4.5,mb,us
2002-09-16,00:58:55,-72.63,-31.66,31.3,3.4,ml,guc
2002-09-16,01:57:57,-71.19,-34.99,92.6,2.9,md,guc
2002-09-16,02:08:59,-69.81,-31.64,135.0,3.6,md,guc
2002-09-16,02:25:31,-68.98,-28.21,91.2,4.4,md,guc
2002-09-16,05:07:46,-71.6,-32.66,64.7,3.3,md,guc
2002-09-16,05:57:22,-73.01,-36.48,30.2,3.4,ml,guc
2002-09-16,08:50:54,-69.31,-32.65,163.0,3.5,md,guc
2002-09-16,12:36:26,-70.49,-15.35,173.0,4.0,mb,us
2002-09-16,22:35:07,-72.45,-16.48,74.4,5.4,mwc,hrv
2002-09-16,23:07:12,-70.45,-30.69,0.0,4.0,ml,guc
2002-09-17,05:30:02,-71.51,-36.13,117.2,3.6,md,guc
2002-09-17,06:14:02,-70.76,-32.56,79.1,3.6,md,guc
2002-09-17,13:05:57,-70.1,-33.4,10.6,3.1,md,guc
2002-09-17,18:23:14,-70.32,-33.18,5.4,2.4,ml,guc
2002-09-17,19:15:31,-70.67,-31.82,116.4,3.9,md,guc
2002-09-18,02:07:04,-71.54,-14.96,119.5,4.4,mb,us
2002-09-18,02:54:59,-71.2,-27.41,18.9,4.5,ml,guc
2002-09-18,03:53:49,-71.58,-32.03,65.0,3.6,md,guc
2002-09-18,04:29:14,-109.33,-9.1,10.0,4.7,mb,us
2002-09-18,06:26:01,-71.73,-32.24,29.2,3.8,md,guc
2002-09-18,07:26:54,-70.89,-34.9,116.3,3.0,md,guc
2002-09-18,13:31:38,-72.15,-33.01,25.5,3.5,md,guc
2002-09-18,19:32:08,-70.39,-34.08,118.4,2.9,md,guc
2002-09-19,02:07:34,-72.0,-32.29,24.3,4.1,md,guc
2002-09-19,02:31:37,-73.9,-36.19,44.1,4.0,md,guc
2002-09-19,02:44:36,-69.9,-32.45,127.8,3.7,md,guc
2002-09-19,06:25:29,-70.53,-15.31,165.2,4.1,mb,us
2002-09-19,11:22:30,-95.26,-36.89,10.0,5.1,mb,us
2002-09-19,11:33:00,-71.72,-32.62,26.7,3.6,md,guc
2002-09-19,14:31:14,-71.34,-33.46,47.2,3.7,md,guc
2002-09-19,18:37:33,-70.15,-33.38,8.4,3.2,md,guc
2002-09-20,02:34:57,-71.92,-35.9,75.6,3.2,md,guc
2002-09-20,03:11:58,-69.2,-19.22,114.5,4.3,mb,us
2002-09-20,04:49:29,-70.26,-33.17,98.3,2.7,md,guc
2002-09-20,06:26:57,-71.4,-32.4,77.7,3.2,md,guc
2002-09-20,08:52:27,-70.36,-32.88,100.5,3.3,md,guc
2002-09-20,15:42:39,-71.78,-32.71,14.3,3.0,ml,guc
2002-09-20,17:44:56,-70.99,-32.45,66.2,3.1,md,guc
2002-09-21,05:03:22,-124.96,-55.58,10.0,5.4,mwc,hrv
2002-09-21,05:40:00,-71.44,-32.62,45.5,3.6,md,guc
2002-09-21,09:19:58,-75.4,-41.8,33.0,4.4,mb,us
2002-09-21,15:59:56,-66.76,-23.73,205.6,4.6,mb,us
2002-09-21,21:53:25,-71.48,-32.41,20.5,2.8,ml,guc
2002-09-22,01:16:22,-71.84,-33.74,40.0,3.5,md,guc
2002-09-22,02:22:14,-71.47,-32.47,61.3,3.1,md,guc
2002-09-22,02:53:57,-69.29,-28.89,101.9,4.2,mb,us
2002-09-22,11:20:30,-68.34,-18.77,132.4,4.5,mb,us
2002-09-22,12:59:09,-67.31,-21.24,33.0,4.6,mb,us
2002-09-22,23:35:58,-70.98,-33.15,67.8,2.5,md,guc
2002-09-23,08:26:07,-71.59,-34.82,107.7,3.1,md,guc
2002-09-23,09:49:46,-72.87,-32.46,23.1,2.5,ml,guc
2002-09-23,11:04:29,-71.67,-31.46,27.5,3.0,ml,guc
2002-09-24,00:18:12,-71.54,-33.69,43.8,3.1,md,guc
2002-09-24,00:32:43,-70.85,-34.81,99.4,3.7,md,guc
2002-09-24,00:43:13,-71.37,-30.7,40.1,4.3,md,guc
2002-09-24,02:04:23,-71.55,-33.94,39.3,3.4,md,guc
2002-09-24,03:57:22,-69.2,-31.52,119.6,6.3,mwc,hrv
2002-09-24,05:05:12,-69.86,-33.79,15.1,3.0,md,guc
2002-09-24,05:27:53,-71.77,-31.59,11.1,4.0,ml,guc
2002-09-24,06:00:04,-69.64,-31.44,156.5,3.9,md,guc
2002-09-24,06:10:35,-69.77,-32.16,149.0,3.0,md,guc
2002-09-24,06:20:09,-70.33,-33.55,102.9,2.9,md,guc
2002-09-24,13:13:18,-70.12,-34.3,1.5,3.4,md,guc
2002-09-24,21:15:19,-71.3,-29.46,33.0,4.5,ml,guc
2002-09-25,03:25:30,-70.08,-34.1,0.7,3.5,md,guc
2002-09-25,09:10:33,-70.54,-31.87,121.9,3.2,md,guc
2002-09-25,16:16:03,-71.03,-33.49,66.5,2.7,md,guc
2002-09-25,17:07:00,-70.51,-33.42,89.3,2.8,md,guc
2002-09-25,18:03:52,-71.5,-30.59,47.0,4.0,md,guc
2002-09-25,22:04:33,-71.28,-33.13,57.8,3.4,md,guc
2002-09-26,07:08:50,-72.16,-35.93,100.0,3.1,md,guc
2002-09-26,09:42:40,-95.26,-37.19,10.0,4.7,mb,us
2002-09-26,11:09:41,-69.83,-33.27,6.1,3.9,md,guc
2002-09-26,20:21:05,-67.48,-31.83,175.0,3.3,md,guc
2002-09-27,08:31:07,-69.84,-33.28,4.6,2.1,ml,guc
2002-09-27,11:53:52,-71.94,-33.32,13.1,3.3,md,guc
2002-09-27,13:26:31,-70.67,-28.47,33.0,3.5,ml,guc
2002-09-27,17:03:24,-71.93,-33.29,15.0,3.0,ml,guc
2002-09-27,17:06:25,-71.89,-33.29,15.0,3.5,ml,guc
2002-09-27,17:12:18,-71.9,-33.31,25.0,2.7,md,guc
2002-09-27,17:13:25,-71.9,-33.29,22.6,2.9,ml,guc
2002-09-27,17:15:58,-71.94,-33.29,20.5,2.7,ml,guc
2002-09-27,17:30:20,-70.47,-34.14,106.3,2.4,md,guc
2002-09-27,17:44:14,-70.56,-32.01,109.4,3.0,md,guc
2002-09-27,19:29:43,-71.97,-33.34,24.5,3.1,md,guc
2002-09-28,03:24:07,-117.45,-53.07,10.0,4.5,mb,us
2002-09-28,03:38:35,-70.34,-31.6,134.5,4.1,md,guc
2002-09-28,03:46:42,-118.0,-53.08,10.0,4.6,mb,us
2002-09-28,03:53:57,-117.5,-53.27,10.0,5.5,mwc,hrv
2002-09-28,04:59:18,-71.66,-30.83,21.8,4.3,ml,guc
2002-09-28,08:45:54,-71.92,-31.45,46.1,4.3,md,guc
2002-09-28,09:52:02,-71.75,-32.67,15.0,2.2,ml,guc
2002-09-28,09:53:50,-70.53,-34.21,109.6,3.3,md,guc
2002-09-28,12:11:29,-71.27,-35.12,101.9,3.3,md,guc
2002-09-28,21:05:08,-69.92,-31.73,119.9,3.3,md,guc
2002-09-29,01:33:38,-72.24,-33.29,3.7,2.9,ml,guc
2002-09-29,02:47:17,-70.44,-33.79,115.0,3.4,md,guc
2002-09-29,02:52:35,-80.68,-4.91,39.7,5.0,mb,us
2002-09-29,04:09:25,-70.12,-33.45,10.6,1.7,ml,guc
2002-09-29,05:10:48,-70.17,-34.31,3.5,3.2,md,guc
2002-09-29,06:58:19,-68.8,-31.28,100.0,3.6,md,guc
2002-09-29,07:09:18,-71.69,-32.33,51.6,4.0,md,guc
2002-09-29,09:44:28,-109.45,-33.41,10.0,5.5,mwc,hrv
2002-09-29,09:48:15,-67.7,-20.2,160.6,4.2,mb,us
2002-09-29,11:35:07,-70.17,-34.34,5.5,2.7,ml,guc
2002-09-29,19:25:41,-109.17,-33.32,10.0,4.7,mb,us
2002-09-29,19:43:32,-71.36,-34.0,53.8,3.5,md,guc
2002-09-29,21:25:39,-71.18,-30.6,63.9,3.6,md,guc
2002-09-29,23:16:13,-66.8,-24.19,191.8,4.8,mb,us
2002-09-30,05:33:11,-112.14,-30.02,10.0,4.8,mb,us
2002-09-30,07:20:14,-71.04,-34.67,91.3,2.7,md,guc
2002-09-30,12:26:43,-71.1,-33.65,61.5,2.4,md,guc
2002-09-30,13:05:58,-70.83,-35.23,95.6,5.3,mwc,hrv
2002-09-30,14:39:12,-71.84,-31.4,15.0,3.2,ml,guc
2002-09-30,16:43:25,-70.93,-34.21,73.6,2.2,md,guc
2002-09-30,19:38:22,-70.16,-33.14,2.5,3.0,md,guc
2002-09-30,19:44:36,-71.72,-32.13,22.6,3.0,ml,guc
2002-09-30,20:37:40,-70.0,-31.58,136.8,3.3,md,guc
2002-10-01,03:39:34,-70.44,-31.61,122.4,3.1,md,guc
2002-10-01,05:41:56,-70.7,-33.68,79.7,3.8,md,guc
2002-10-01,06:25:03,-70.85,-33.58,82.6,3.3,md,guc
2002-10-01,15:56:30,-71.36,-32.32,61.2,2.8,md,guc
2002-10-01,17:03:58,-66.83,-32.44,25.0,3.9,ml,guc
2002-10-01,17:13:18,-71.83,-32.46,40.0,3.3,md,guc
2002-10-01,17:43:46,-70.31,-33.14,12.7,1.9,ml,guc
2002-10-01,20:35:19,-70.25,-33.16,4.5,2.0,ml,guc
2002-10-01,22:12:52,-68.4,-21.28,109.8,4.7,mb,us
2002-10-02,03:41:48,-71.88,-33.59,22.0,3.7,md,guc
2002-10-02,05:08:49,-71.77,-32.68,37.0,3.5,md,guc
2002-10-02,05:50:08,-70.99,-12.53,33.0,4.5,mb,us
2002-10-02,06:28:14,-70.84,-33.83,84.9,3.3,md,guc
2002-10-02,09:39:56,-69.91,-32.45,117.2,3.1,md,guc
2002-10-02,11:25:55,-72.31,-33.66,34.4,3.7,md,guc
2002-10-02,13:27:12,-70.25,-33.73,107.8,2.9,md,guc
2002-10-02,18:06:38,-70.95,-33.03,74.7,3.4,md,guc
2002-10-02,18:22:05,-71.85,-33.4,36.1,3.5,md,guc
2002-10-02,18:42:22,-70.14,-31.94,125.9,3.5,md,guc
2002-10-02,21:40:01,-69.83,-33.27,5.3,4.0,ml,guc
2002-10-02,21:44:50,-69.84,-33.27,3.7,3.6,md,guc
2002-10-02,22:26:07,-70.36,-34.61,7.1,3.3,md,guc
2002-10-03,06:21:50,-68.74,-31.27,10.0,3.6,ml,guc
2002-10-03,07:23:11,-69.85,-33.27,4.9,3.2,md,guc
2002-10-03,09:04:23,-69.09,-31.52,76.6,3.2,md,guc
2002-10-03,11:36:33,-71.8,-15.54,124.7,4.7,mb,us
2002-10-03,17:51:19,-70.27,-33.14,0.0,3.1,md,guc
2002-10-03,23:50:29,-66.61,-23.81,200.0,4.4,mb,us
2002-10-04,02:08:04,-71.68,-32.73,6.0,2.4,ml,guc
2002-10-04,05:16:44,-70.21,-32.06,101.1,3.0,md,guc
2002-10-04,06:04:11,-70.07,-33.5,112.5,2.7,md,guc
2002-10-04,17:53:04,-70.23,-33.12,0.3,2.4,ml,guc
2002-10-04,18:32:12,-70.04,-32.7,108.2,2.2,md,guc
2002-10-04,21:34:33,-76.51,-5.32,33.0,4.4,mb,us
2002-10-04,22:00:35,-72.0,-34.13,39.2,3.2,md,guc
2002-10-05,00:54:40,-68.13,-33.25,3.0,3.9,md,guc
2002-10-05,01:11:44,-70.63,-34.53,113.0,3.3,md,guc
2002-10-05,04:40:59,-70.43,-32.83,89.7,2.8,md,guc
2002-10-05,05:52:23,-76.63,-5.8,115.0,4.7,mb,us
2002-10-05,05:54:40,-71.54,-31.81,38.0,3.6,md,guc
2002-10-05,12:32:26,-70.01,-32.94,115.0,2.7,md,guc
2002-10-05,15:50:49,-70.06,-34.41,6.5,3.4,md,guc
2002-10-05,17:26:54,-71.86,-32.31,8.5,3.2,ml,guc
2002-10-05,20:43:16,-69.37,-32.71,36.5,3.3,md,guc
2002-10-06,04:41:50,-70.78,-33.65,81.3,3.3,md,guc
2002-10-06,05:55:36,-72.18,-34.66,29.2,3.8,md,guc
2002-10-06,08:44:44,-71.59,-30.9,46.5,3.8,md,guc
2002-10-06,08:53:12,-72.36,-34.64,15.3,3.3,md,guc
2002-10-06,11:21:38,-71.21,-28.71,27.2,5.3,mwc,hrv
2002-10-06,13:59:18,-71.37,-30.77,48.6,4.6,mb,us
2002-10-06,17:02:04,-71.74,-32.11,34.2,3.9,md,guc
2002-10-06,23:36:46,-70.42,-33.51,16.5,3.6,md,guc
2002-10-07,10:58:58,-70.96,-34.08,73.8,2.6,md,guc
2002-10-07,12:05:11,-70.99,-33.87,69.6,2.5,md,guc
2002-10-07,19:24:47,-69.37,-31.41,100.0,3.1,md,guc
2002-10-07,22:08:54,-70.55,-35.23,106.5,2.5,md,guc
2002-10-08,03:49:48,-71.93,-33.21,40.0,3.5,md,guc
2002-10-08,06:20:52,-66.6,-19.33,251.7,4.2,mb,us
2002-10-08,07:20:56,-71.4,-33.84,54.1,3.0,md,guc
2002-10-08,13:33:38,-71.74,-31.55,27.0,4.2,ml,guc
2002-10-08,15:26:00,-67.95,-22.62,127.5,4.6,mb,us
2002-10-08,16:27:26,-70.26,-32.2,118.1,3.4,md,guc
2002-10-08,17:18:07,-69.73,-31.69,150.0,3.6,md,guc
2002-10-08,18:32:48,-71.48,-30.88,35.0,3.9,md,guc
2002-10-08,20:01:11,-71.48,-31.23,41.3,3.5,md,guc
2002-10-09,00:58:15,-69.92,-31.66,132.5,2.9,md,guc
2002-10-09,10:08:53,-69.32,-32.62,159.6,3.6,md,guc
2002-10-09,12:29:38,-69.02,-18.93,112.5,4.4,mb,us
2002-10-09,15:19:53,-70.95,-35.34,107.3,2.9,md,guc
2002-10-09,17:04:02,-71.13,-34.98,103.6,2.7,md,guc
2002-10-09,23:34:51,-71.61,-32.7,6.4,3.4,md,guc
2002-10-10,00:04:33,-66.63,-23.88,199.3,3.9,mb,us
2002-10-10,03:59:13,-70.41,-34.28,115.6,3.0,md,guc
2002-10-10,09:17:37,-71.68,-32.74,21.5,3.5,md,guc
2002-10-10,09:42:57,-72.04,-33.58,8.7,3.2,md,guc
2002-10-10,11:42:36,-72.41,-34.65,15.0,3.3,md,guc
2002-10-10,18:16:14,-70.99,-34.38,86.5,2.8,md,guc
2002-10-10,18:30:28,-71.62,-32.71,5.0,3.3,md,guc
2002-10-10,19:49:42,-72.22,-34.69,25.8,3.6,md,guc
2002-10-11,05:43:52,-71.85,-32.38,19.8,2.9,ml,guc
2002-10-11,06:04:13,-72.89,-32.67,22.3,2.8,ml,guc
2002-10-11,08:50:00,-70.16,-30.31,107.2,3.4,md,guc
2002-10-11,09:41:45,-70.22,-34.84,0.2,3.1,ml,guc
2002-10-11,15:07:09,-68.43,-31.23,126.4,3.4,md,guc
2002-10-11,15:25:28,-70.6,-32.77,42.7,2.6,md,guc
2002-10-11,17:59:22,-70.27,-33.18,7.8,2.2,ml,guc
2002-10-11,18:04:59,-70.28,-33.11,4.8,2.3,ml,guc
2002-10-12,05:00:06,-71.21,-35.06,86.7,3.3,md,guc
2002-10-12,11:52:35,-74.74,-9.95,72.2,4.4,mb,us
2002-10-12,11:58:38,-70.59,-33.49,82.9,2.7,md,guc
2002-10-12,15:45:42,-71.75,-32.75,15.2,3.4,md,guc
2002-10-12,15:50:02,-118.44,-52.24,10.0,4.6,mb,us
2002-10-12,19:25:42,-71.24,-34.05,63.9,3.1,md,guc
2002-10-12,20:09:11,-71.74,-8.3,534.3,6.9,mwc,hrv
2002-10-12,22:14:34,-69.72,-33.67,3.0,3.4,md,guc
2002-10-13,04:40:26,-71.79,-32.15,45.0,3.7,md,guc
2002-10-13,04:48:52,-71.87,-32.21,35.3,3.7,md,guc
2002-10-13,21:25:49,-70.03,-31.82,141.6,2.9,md,guc
2002-10-13,23:52:32,-71.63,-32.54,33.2,4.6,mb,us
2002-10-13,23:59:45,-71.57,-32.59,21.4,2.9,ml,guc
2002-10-14,02:13:39,-71.57,-32.33,63.9,3.2,md,guc
2002-10-14,03:53:42,-72.76,-36.43,65.9,4.2,md,guc
2002-10-14,04:04:09,-71.76,-32.15,15.0,2.7,ml,guc
2002-10-14,05:07:28,-69.94,-32.46,133.4,3.2,md,guc
2002-10-14,08:06:00,-71.51,-32.6,27.0,2.1,ml,guc
2002-10-14,08:38:38,-71.31,-30.74,50.7,3.3,md,guc
2002-10-14,11:12:21,-70.07,-34.11,5.0,3.6,md,guc
2002-10-14,17:55:59,-71.87,-32.47,30.1,3.9,ml,guc
2002-10-14,19:16:56,-70.53,-31.67,127.0,3.1,md,guc
2002-10-14,19:40:01,-71.82,-32.44,40.9,3.3,md,guc
2002-10-14,20:17:34,-71.42,-31.02,55.0,3.7,md,guc
2002-10-14,22:36:47,-71.71,-32.11,17.7,3.5,ml,guc
2002-10-14,23:55:16,-69.38,-15.83,213.6,4.8,mb,us
2002-10-15,02:38:24,-70.88,-35.0,104.0,3.4,md,guc
2002-10-15,12:28:02,-71.02,-27.95,33.0,4.7,ml,guc
2002-10-15,15:16:14,-71.11,-30.32,63.2,3.7,md,guc
2002-10-15,15:26:20,-71.66,-33.13,34.7,3.6,md,guc
2002-10-15,15:26:49,-71.66,-32.18,41.6,3.4,md,guc
2002-10-15,15:59:10,-71.83,-30.8,54.1,3.5,md,guc
2002-10-15,16:49:38,-70.28,-33.15,4.1,2.9,md,guc
2002-10-15,16:50:29,-70.28,-33.15,3.2,3.4,md,guc
2002-10-15,23:50:29,-72.74,-14.17,87.3,5.3,mwc,hrv
2002-10-16,00:48:53,-71.17,-35.03,95.2,2.7,md,guc
2002-10-16,07:43:36,-70.99,-34.19,77.0,2.6,md,guc
2002-10-16,18:12:31,-70.32,-34.86,0.1,3.5,ml,guc
2002-10-17,20:59:28,-71.3,-34.23,65.2,2.6,md,guc
2002-10-17,23:14:49,-71.27,-31.28,69.6,3.1,md,guc
2002-10-18,01:50:41,-72.24,-35.35,10.2,3.1,ml,guc
2002-10-18,03:42:52,-70.11,-34.03,7.8,3.0,md,guc
2002-10-18,05:08:24,-71.65,-33.62,30.3,2.5,ml,guc
2002-10-18,05:29:55,-70.7,-33.13,78.3,3.1,md,guc
2002-10-18,11:33:51,-92.24,-39.06,10.0,5.2,ms,us
2002-10-18,12:11:27,-70.35,-33.0,97.1,3.0,md,guc
2002-10-18,17:07:04,-70.28,-33.16,6.4,2.2,ml,guc
2002-10-18,18:32:31,-71.73,-31.69,11.5,3.5,ml,guc
2002-10-18,22:09:24,-70.28,-33.97,106.6,2.5,md,guc
2002-10-18,22:27:26,-70.69,-24.72,33.0,4.5,mb,us
2002-10-18,22:46:08,-70.44,-32.77,14.9,2.2,ml,guc
2002-10-19,04:36:04,-70.46,-15.3,202.6,4.7,mb,us
2002-10-19,05:04:45,-71.02,-29.38,51.5,4.3,md,guc
2002-10-19,05:10:01,-70.14,-33.64,117.1,3.3,md,guc
2002-10-19,08:32:10,-71.7,-32.64,3.8,2.2,ml,guc
2002-10-19,14:32:05,-68.69,-31.51,147.6,3.4,md,guc
2002-10-19,19:03:12,-68.74,-30.31,167.6,3.8,md,guc
2002-10-19,21:08:00,-79.07,-9.11,44.5,4.6,mb,us
2002-10-20,01:43:56,-71.34,-35.43,101.9,3.1,md,guc
2002-10-20,02:47:11,-71.24,-31.76,57.0,3.4,md,guc
2002-10-20,05:06:35,-72.4,-34.34,44.2,3.4,md,guc
2002-10-20,12:34:54,-70.22,-31.92,129.9,3.2,md,guc
2002-10-20,15:53:14,-70.47,-31.78,126.1,2.9,md,guc
2002-10-20,17:00:32,-71.33,-31.97,51.6,3.5,md,guc
2002-10-20,20:40:28,-69.64,-32.31,131.1,2.9,md,guc
2002-10-21,13:55:07,-70.71,-31.62,109.2,3.3,md,guc
2002-10-21,15:26:25,-70.68,-31.35,112.7,3.0,md,guc
2002-10-21,16:39:48,-71.58,-30.04,34.8,3.5,md,guc
2002-10-21,20:10:44,-70.36,-33.21,99.8,2.6,md,guc
2002-10-21,21:11:22,-67.68,-31.44,175.0,3.9,md,guc
2002-10-22,03:06:22,-71.04,-34.86,95.7,2.7,md,guc
2002-10-22,05:04:56,-71.4,-33.16,50.2,3.4,md,guc
2002-10-22,08:56:46,-70.26,-33.22,108.9,2.9,md,guc
2002-10-22,23:21:52,-69.73,-31.56,132.4,3.2,md,guc
2002-10-23,04:23:11,-71.93,-31.39,19.0,4.5,ml,guc
2002-10-23,07:37:31,-109.51,-32.2,10.0,5.5,mwc,hrv
2002-10-23,09:28:54,-71.73,-32.45,42.8,3.7,md,guc
2002-10-23,10:54:42,-68.58,-30.49,125.7,4.2,mb,us
2002-10-23,15:01:07,-69.38,-29.31,125.4,4.6,mb,us
2002-10-23,16:38:01,-69.85,-31.88,146.4,3.8,md,guc
2002-10-23,17:38:16,-69.86,-34.46,3.7,3.7,md,guc
2002-10-23,23:10:35,-70.64,-17.76,49.0,4.2,mb,us
2002-10-24,10:09:30,-74.36,-8.43,150.2,4.7,mb,us
2002-10-24,12:33:46,-71.7,-32.16,23.9,3.6,md,guc
2002-10-24,13:02:05,-94.35,-37.44,10.0,4.4,mb,us
2002-10-24,13:54:21,-69.92,-34.45,33.0,3.9,ml,guc
2002-10-24,14:24:47,-69.87,-34.45,1.9,3.2,md,guc
2002-10-24,20:22:47,-68.43,-16.08,103.0,3.6,mb,us
2002-10-25,02:17:50,-71.04,-33.78,66.9,2.8,md,guc
2002-10-25,05:07:52,-70.46,-32.01,108.9,3.3,md,guc
2002-10-25,06:01:29,-71.76,-32.31,7.1,2.9,ml,guc
2002-10-25,06:46:29,-71.18,-29.89,41.2,3.3,md,guc
2002-10-25,09:34:51,-71.64,-30.16,23.4,3.5,ml,guc
2002-10-25,11:48:59,-68.23,-20.91,109.2,4.5,mb,us
2002-10-25,18:28:05,-71.93,-31.75,20.4,4.1,ml,guc
2002-10-25,19:00:15,-71.82,-31.73,34.8,3.2,md,guc
2002-10-25,19:11:09,-71.87,-31.77,28.4,3.6,ml,guc
2002-10-25,22:12:17,-71.77,-31.76,8.6,3.2,ml,guc
2002-10-25,23:04:55,-71.35,-30.18,41.3,3.2,md,guc
2002-10-26,02:31:28,-71.97,-31.72,27.2,4.3,ml,guc
2002-10-26,03:51:18,-72.1,-37.31,128.8,3.5,md,guc
2002-10-26,06:04:11,-72.99,-32.86,31.3,3.2,md,guc
2002-10-26,06:40:13,-71.57,-29.72,52.0,3.5,md,guc
2002-10-26,12:56:40,-70.7,-17.0,142.9,4.3,mb,us
2002-10-26,13:21:07,-72.16,-29.68,10.8,4.0,ml,guc
2002-10-26,14:12:36,-71.75,-30.97,46.2,3.8,md,guc
2002-10-26,14:58:11,-66.76,-24.24,173.1,4.4,mb,us
2002-10-26,17:43:38,-79.71,-9.66,33.0,4.5,mb,us
2002-10-26,21:55:33,-71.63,-32.6,26.7,3.4,md,guc
2002-10-26,22:36:38,-70.38,-34.47,5.3,2.5,ml,guc
2002-10-26,23:35:21,-71.6,-31.95,50.4,3.7,md,guc
2002-10-26,23:38:40,-72.14,-34.49,16.8,3.8,ml,guc
2002-10-27,01:06:52,-68.13,-33.16,3.0,3.6,ml,guc
2002-10-27,04:29:12,-69.87,-34.45,7.5,3.3,md,guc
2002-10-27,07:30:42,-71.66,-32.77,7.1,3.3,md,guc
2002-10-27,15:26:54,-71.0,-32.68,5.0,3.4,md,guc
2002-10-27,18:49:51,-70.54,-33.13,94.8,2.6,md,guc
2002-10-27,22:59:21,-68.26,-31.14,150.0,3.4,md,guc
2002-10-28,06:01:39,-70.3,-33.93,102.8,2.6,md,guc
2002-10-28,16:47:54,-70.26,-33.14,2.8,3.3,md,guc
2002-10-28,19:38:50,-71.53,-32.48,47.1,3.6,md,guc
2002-10-29,00:13:58,-71.29,-30.92,53.1,4.0,md,guc
2002-10-29,02:39:43,-69.56,-15.8,198.1,4.7,mb,us
2002-10-29,04:35:12,-71.16,-32.01,79.5,2.6,md,guc
2002-10-29,06:00:21,-71.18,-31.95,49.9,4.2,md,guc
2002-10-29,06:07:04,-71.26,-33.36,52.1,4.0,md,guc
2002-10-29,06:25:38,-71.37,-30.92,44.6,3.0,md,guc
2002-10-29,07:24:46,-71.42,-30.94,40.8,3.4,md,guc
2002-10-29,08:52:29,-70.14,-34.1,5.4,3.1,md,guc
2002-10-29,23:52:13,-71.48,-31.07,47.0,3.3,md,guc
2002-10-30,02:37:00,-70.1,-32.62,101.0,2.6,md,guc
2002-10-30,02:42:32,-71.81,-30.67,33.4,3.7,md,guc
2002-10-30,03:50:27,-74.41,-7.95,158.2,4.8,mb,us
2002-10-30,07:55:34,-68.63,-31.43,193.1,3.8,md,guc
2002-10-30,11:10:53,-70.26,-33.6,107.7,2.4,md,guc
2002-10-30,11:56:45,-70.29,-31.32,149.8,3.3,md,guc
2002-10-30,12:07:49,-71.65,-32.64,6.3,3.3,md,guc
2002-10-30,12:23:29,-71.67,-33.63,40.8,3.0,md,guc
2002-10-30,12:24:47,-68.67,-19.81,119.4,4.6,mb,us
2002-10-30,15:03:27,-71.69,-32.64,26.7,3.2,md,guc
2002-10-30,15:06:24,-71.72,-32.6,15.0,3.4,md,guc
2002-10-30,16:39:37,-70.06,-31.64,130.0,3.0,md,guc
2002-10-30,19:19:03,-69.08,-31.29,200.4,3.4,md,guc
2002-10-30,21:09:30,-70.71,-33.12,80.3,3.0,md,guc
2002-10-30,22:07:56,-71.59,-35.7,89.9,3.7,md,guc
2002-10-31,01:45:01,-70.52,-31.95,122.5,2.8,md,guc
2002-10-31,03:07:25,-69.34,-16.57,185.4,4.0,mb,us
2002-10-31,03:21:54,-70.38,-34.47,125.8,2.5,md,guc
2002-10-31,03:55:06,-72.03,-37.04,177.6,3.4,md,guc
2002-10-31,04:23:57,-102.58,-35.84,10.0,4.5,mb,us
2002-10-31,12:06:41,-70.69,-15.59,33.0,4.7,mb,us
2002-10-31,12:53:29,-71.51,-31.9,58.1,2.6,md,guc
2002-10-31,17:16:00,-100.5,-36.17,10.0,4.7,mb,us
2002-10-31,20:36:54,-74.72,-40.1,33.0,5.2,mwc,hrv
2002-10-31,21:46:46,-69.66,-32.21,135.0,2.8,md,guc
2002-10-31,23:00:28,-71.69,-32.85,45.8,2.9,md,guc
2002-11-01,02:50:51,-71.9,-31.83,18.5,3.6,ml,guc
2002-11-01,03:02:51,-70.17,-31.68,155.9,3.3,md,guc
2002-11-01,04:22:38,-69.9,-34.43,0.0,3.3,md,guc
2002-11-01,05:04:00,-76.2,-14.38,21.7,5.3,mwc,hrv
2002-11-01,07:02:17,-77.65,-5.3,33.0,4.2,mb,us
2002-11-01,08:15:59,-76.18,-14.5,33.0,4.8,mb,us
2002-11-01,08:22:24,-71.63,-35.64,91.2,3.1,md,guc
2002-11-01,10:38:19,-70.01,-31.82,120.0,3.0,md,guc
2002-11-01,13:16:18,-68.78,-20.17,109.7,4.2,mb,us
2002-11-01,14:46:43,-70.38,-34.45,10.8,2.6,md,guc
2002-11-01,15:05:30,-70.61,-33.6,25.2,2.8,md,guc
2002-11-01,19:10:35,-71.63,-32.17,39.1,3.5,md,guc
2002-11-02,01:05:54,-71.74,-30.64,13.2,3.7,md,guc
2002-11-02,06:11:53,-66.75,-24.09,180.6,4.6,mb,us
2002-11-02,09:54:57,-78.26,-10.4,68.1,4.9,mb,us
2002-11-02,10:45:21,-72.33,-34.12,42.8,3.5,md,guc
2002-11-02,20:11:33,-71.64,-30.76,9.9,2.6,ml,guc
2002-11-02,23:42:07,-71.53,-32.53,56.5,2.7,md,guc
2002-11-03,02:47:32,-69.26,-32.91,0.0,2.4,ml,guc
2002-11-03,03:32:24,-73.43,-35.38,19.8,3.4,ml,guc
2002-11-03,03:37:56,-70.65,-35.28,160.6,3.3,md,guc
2002-11-03,04:35:40,-71.22,-35.36,105.5,3.4,md,guc
2002-11-03,06:55:18,-67.51,-31.56,5.0,3.9,ml,guc
2002-11-03,07:14:18,-69.5,-31.27,176.7,3.6,md,guc
2002-11-03,09:29:02,-70.83,-31.99,89.4,2.8,md,guc
2002-11-03,10:17:15,-72.28,-33.99,1.4,3.5,md,guc
2002-11-03,14:55:50,-71.7,-32.76,28.3,3.3,md,guc
2002-11-03,19:42:34,-71.78,-30.86,13.2,3.3,md,guc
2002-11-03,23:04:33,-68.97,-31.16,201.3,3.4,md,guc
2002-11-04,03:34:26,-71.32,-30.96,63.0,2.9,md,guc
2002-11-04,07:26:37,-68.91,-30.62,11.9,3.1,ml,guc
2002-11-04,15:56:30,-70.32,-30.89,112.6,3.3,md,guc
2002-11-04,18:33:01,-70.53,-34.36,115.0,2.9,md,guc
2002-11-04,18:35:52,-71.31,-30.96,64.0,2.8,md,guc
2002-11-05,08:21:19,-71.14,-35.01,95.8,2.9,md,guc
2002-11-05,09:19:18,-70.81,-34.23,88.0,2.7,md,guc
2002-11-05,09:35:48,-71.73,-32.31,41.5,3.8,md,guc
2002-11-05,14:12:05,-113.88,-26.92,10.0,4.9,mb,us
2002-11-05,20:37:02,-70.86,-34.86,106.2,2.8,md,guc
2002-11-05,21:14:25,-70.48,-34.34,112.3,3.0,md,guc
2002-11-05,23:47:56,-71.67,-32.74,4.2,2.4,ml,guc
2002-11-06,02:16:02,-70.93,-32.88,67.5,2.7,md,guc
2002-11-06,07:26:22,-70.9,-32.85,31.1,2.8,md,guc
2002-11-06,08:36:31,-70.97,-28.19,28.6,3.2,ml,guc
2002-11-06,09:51:44,-71.12,-30.85,56.0,2.7,md,guc
2002-11-06,10:21:50,-69.61,-32.28,127.0,3.7,md,guc
2002-11-06,11:03:43,-72.53,-36.58,56.0,4.0,md,guc
2002-11-06,12:42:40,-71.76,-32.3,4.1,3.6,md,guc
2002-11-06,13:45:50,-67.61,-31.69,159.5,4.1,md,guc
2002-11-06,13:58:53,-69.82,-32.51,117.2,3.2,md,guc
2002-11-06,23:15:54,-70.12,-20.83,80.1,4.7,mb,us
2002-11-07,01:41:00,-69.73,-31.6,139.3,3.4,md,guc
2002-11-07,01:58:17,-72.11,-34.48,27.5,3.4,md,guc
2002-11-07,05:22:16,-71.56,-30.43,32.4,2.1,ml,guc
2002-11-07,11:05:16,-69.72,-32.34,136.7,3.3,md,guc
2002-11-07,12:18:42,-75.04,-41.12,33.0,4.8,mb,us
2002-11-07,12:38:44,-71.89,-32.3,7.9,2.9,ml,guc
2002-11-07,16:53:45,-70.99,-15.05,200.0,3.9,mb,us
2002-11-07,17:10:34,-71.85,-32.26,10.7,3.2,ml,guc
2002-11-07,17:51:31,-71.77,-32.23,38.8,3.5,md,guc
2002-11-07,21:13:10,-71.63,-30.0,17.6,3.9,md,guc
2002-11-08,00:03:05,-67.38,-28.13,128.4,4.5,mb,us
2002-11-08,00:22:04,-71.8,-30.84,7.4,3.6,ml,guc
2002-11-08,00:36:18,-71.56,-30.88,28.6,3.7,ml,guc
2002-11-08,09:47:45,-71.3,-31.56,76.2,2.7,md,guc
2002-11-08,13:04:33,-71.28,-35.35,94.9,3.4,md,guc
2002-11-08,13:11:42,-71.31,-30.95,62.1,2.7,md,guc
2002-11-08,15:04:24,-72.16,-33.09,15.1,3.3,ml,guc
2002-11-08,17:02:33,-70.29,-33.17,5.3,2.7,ml,guc
2002-11-08,18:00:00,-70.97,-33.5,66.3,1.7,md,guc
2002-11-08,18:02:32,-70.87,-33.31,56.7,2.2,md,guc
2002-11-08,19:12:56,-69.46,-31.18,100.0,2.9,md,guc
2002-11-08,22:48:35,-71.51,-32.03,62.4,2.6,md,guc
2002-11-09,02:37:18,-72.08,-33.12,3.0,3.6,ml,guc
2002-11-09,03:07:44,-74.45,-8.04,162.7,4.5,mb,us
2002-11-09,04:34:49,-72.08,-33.16,8.3,3.5,md,guc
2002-11-09,06:05:58,-75.51,-48.14,33.0,5.6,mwc,hrv
2002-11-09,09:43:20,-72.32,-30.3,32.3,3.2,ml,guc
2002-11-09,11:36:53,-71.63,-31.59,34.7,3.3,md,guc
2002-11-09,11:58:50,-70.73,-34.51,97.4,2.5,md,guc
2002-11-09,15:28:25,-71.4,-30.76,41.2,3.9,md,guc
2002-11-09,16:48:12,-69.6,-20.48,121.0,4.2,mb,us
2002-11-09,18:39:04,-70.12,-31.8,128.6,3.2,md,guc
2002-11-10,01:54:54,-72.14,-33.1,15.0,3.7,md,guc
2002-11-10,02:23:03,-72.04,-33.85,8.6,2.9,ml,guc
2002-11-10,02:24:07,-72.08,-33.86,14.1,2.7,ml,guc
2002-11-10,02:50:24,-71.55,-32.6,14.9,2.2,ml,guc
2002-11-10,03:49:29,-69.55,-31.87,156.8,3.1,md,guc
2002-11-10,04:47:28,-71.87,-33.25,36.7,3.4,md,guc
2002-11-10,10:54:08,-72.96,-16.6,45.7,5.2,mwc,hrv
2002-11-10,10:56:43,-71.84,-32.47,15.0,2.4,ml,guc
2002-11-10,11:04:14,-68.07,-21.24,106.3,4.4,mb,us
2002-11-10,16:55:42,-69.46,-31.22,159.5,3.4,md,guc
2002-11-10,19:29:38,-70.79,-32.81,71.2,2.7,md,guc
2002-11-10,20:41:57,-69.62,-32.33,123.8,2.9,md,guc
2002-11-11,00:53:32,-70.94,-35.36,112.9,3.3,md,guc
2002-11-11,01:27:15,-71.77,-31.7,44.3,4.8,mb,us
2002-11-11,01:31:18,-71.83,-31.75,11.7,4.3,ml,guc
2002-11-11,01:55:03,-71.82,-31.72,15.7,3.6,ml,guc
2002-11-11,02:31:20,-71.83,-31.73,28.2,3.4,ml,guc
2002-11-11,03:13:16,-70.46,-34.76,131.8,2.8,md,guc
2002-11-11,04:13:19,-71.76,-32.25,8.7,3.4,ml,guc
2002-11-11,05:34:32,-70.19,-31.89,126.4,3.4,md,guc
2002-11-11,06:31:10,-71.84,-31.71,34.0,4.0,md,guc
2002-11-11,06:37:44,-71.78,-31.7,11.2,2.5,ml,guc
2002-11-11,09:28:01,-71.85,-31.73,15.2,2.7,ml,guc
2002-11-11,09:57:14,-71.31,-30.78,77.2,4.2,md,guc
2002-11-11,10:17:20,-71.23,-30.75,63.0,2.4,md,guc
2002-11-11,10:33:32,-71.71,-29.93,35.0,4.1,md,guc
2002-11-11,11:51:12,-71.79,-35.06,41.9,3.6,md,guc
2002-11-11,12:25:43,-71.84,-31.72,32.9,3.4,ml,guc
2002-11-11,16:18:31,-71.8,-31.73,27.9,2.6,ml,guc
2002-11-11,17:44:11,-71.19,-31.47,54.9,4.1,md,guc
2002-11-11,18:32:24,-71.26,-33.07,41.2,2.9,md,guc
2002-11-11,20:13:53,-70.63,-34.42,108.5,2.7,md,guc
2002-11-11,21:54:47,-71.51,-34.1,61.0,2.9,md,guc
2002-11-12,06:32:02,-71.84,-31.73,15.0,2.6,ml,guc
2002-11-12,06:44:06,-71.65,-29.92,40.2,3.9,md,guc
2002-11-12,07:20:03,-71.24,-18.24,33.0,4.7,mb,us
2002-11-12,08:01:41,-68.79,-19.98,111.5,4.2,mb,us
2002-11-12,08:55:44,-71.18,-33.8,58.3,2.6,md,guc
2002-11-12,09:20:30,-71.25,-30.69,28.1,3.2,md,guc
2002-11-12,11:42:04,-71.78,-31.72,33.7,4.0,md,guc
2002-11-12,12:29:40,-69.71,-31.86,126.8,3.3,md,guc
2002-11-12,13:06:39,-68.76,-20.16,109.9,5.3,mwc,hrv
2002-11-12,15:05:17,-71.92,-33.63,26.6,2.7,md,guc
2002-11-12,15:11:50,-71.91,-33.61,30.0,3.4,md,guc
2002-11-12,17:31:17,-70.44,-33.79,100.6,3.4,md,guc
2002-11-12,20:59:59,-71.81,-33.72,10.7,3.5,md,guc
2002-11-12,21:03:37,-71.94,-33.64,27.5,3.6,md,guc
2002-11-12,21:50:25,-70.38,-33.63,100.5,2.5,md,guc
2002-11-12,22:01:59,-70.26,-33.12,4.7,3.2,md,guc
2002-11-12,22:12:20,-71.71,-30.7,27.5,3.3,md,guc
2002-11-13,03:07:24,-70.91,-26.8,33.0,4.4,mb,us
2002-11-13,03:19:02,-78.38,-4.81,33.0,5.0,mb,us
2002-11-13,07:26:12,-70.26,-31.94,117.3,3.2,md,guc
2002-11-13,13:01:19,-68.43,-31.22,100.0,3.7,md,guc
2002-11-13,18:48:00,-71.95,-33.63,26.7,3.2,md,guc
2002-11-14,00:15:39,-71.72,-31.28,22.4,3.4,md,guc
2002-11-14,09:40:02,-70.2,-32.67,110.0,2.9,md,guc
2002-11-14,17:50:28,-71.41,-32.55,23.0,3.5,md,guc
2002-11-14,23:25:50,-70.09,-31.78,123.9,3.0,md,guc
2002-11-15,13:59:26,-72.18,-32.95,33.1,3.3,md,guc
2002-11-15,15:02:04,-72.4,-34.56,20.8,3.2,ml,guc
2002-11-15,15:33:01,-71.02,-34.77,76.4,2.9,md,guc
2002-11-15,20:53:58,-71.79,-32.76,15.0,2.8,ml,guc
2002-11-16,01:33:09,-70.98,-32.35,68.9,3.3,md,guc
2002-11-16,02:31:40,-71.12,-34.38,69.5,3.7,md,guc
2002-11-16,02:55:32,-67.61,-31.59,165.5,4.0,md,guc
2002-11-16,03:23:34,-68.8,-31.51,116.5,3.6,md,guc
2002-11-16,03:26:58,-69.74,-32.69,127.9,3.3,md,guc
2002-11-16,06:11:43,-71.58,-29.55,8.7,2.7,ml,guc
2002-11-16,06:51:01,-71.16,-32.06,81.8,3.2,md,guc
2002-11-16,16:10:16,-72.82,-33.43,30.5,3.5,ml,guc
2002-11-16,18:42:56,-71.76,-31.23,14.9,2.5,ml,guc
2002-11-16,19:28:02,-71.46,-32.02,30.4,2.6,ml,guc
2002-11-16,19:49:20,-72.12,-33.3,8.7,3.0,md,guc
2002-11-16,19:53:25,-72.12,-33.29,7.9,2.2,ml,guc
2002-11-16,20:08:50,-68.51,-31.95,162.1,3.6,md,guc
2002-11-16,21:51:14,-69.04,-31.69,120.2,3.7,md,guc
2002-11-16,22:06:04,-70.05,-33.45,8.6,2.9,ml,guc
2002-11-16,23:21:22,-70.79,-32.31,71.9,2.7,md,guc
2002-11-16,23:53:54,-70.6,-31.25,110.8,3.0,md,guc
2002-11-17,06:45:37,-71.76,-32.36,41.6,2.8,md,guc
2002-11-17,07:25:15,-71.83,-30.0,27.3,3.9,ml,guc
2002-11-17,12:58:06,-71.47,-32.7,13.0,2.7,ml,guc
2002-11-17,15:31:52,-71.51,-31.99,27.8,3.1,ml,guc
2002-11-17,16:17:44,-70.0,-31.25,150.4,2.6,md,guc
2002-11-17,18:10:35,-66.75,-23.97,197.1,4.1,mb,us
2002-11-18,02:15:06,-70.16,-33.79,120.9,2.9,md,guc
2002-11-18,08:47:32,-66.54,-23.0,182.4,4.9,mb,us
2002-11-18,16:50:24,-70.27,-33.15,0.0,3.5,md,guc
2002-11-18,22:38:33,-67.09,-21.17,196.6,4.5,mb,us
2002-11-19,00:30:56,-71.76,-31.85,46.6,3.4,md,guc
2002-11-19,04:14:20,-69.04,-29.92,128.4,4.8,mb,us
2002-11-19,06:26:03,-71.57,-31.93,38.4,3.5,md,guc
2002-11-19,08:05:55,-70.32,-31.4,111.2,2.6,md,guc
2002-11-19,09:05:16,-71.33,-31.05,58.1,2.3,md,guc
2002-11-19,09:45:10,-71.11,-32.18,67.0,2.5,md,guc
2002-11-19,12:56:41,-67.4,-21.05,185.7,4.9,mb,us
2002-11-19,14:58:16,-71.12,-34.62,71.8,2.4,md,guc
2002-11-19,22:39:08,-111.63,-13.44,10.0,4.8,mb,us
2002-11-19,23:32:41,-71.45,-32.78,11.2,3.0,md,guc
2002-11-20,01:46:18,-71.32,-30.7,64.5,3.3,md,guc
2002-11-20,07:04:15,-71.02,-29.43,45.9,4.5,mb,us
2002-11-20,07:52:20,-71.74,-30.75,14.7,3.4,md,guc
2002-11-21,01:13:11,-71.37,-29.67,25.2,3.4,ml,guc
2002-11-21,01:24:55,-71.28,-29.78,43.8,4.4,md,guc
2002-11-21,02:17:01,-71.17,-29.62,47.8,4.5,mb,us
2002-11-21,03:08:18,-71.3,-29.63,41.8,4.1,md,guc
2002-11-21,03:27:35,-72.7,-35.89,56.8,3.6,md,guc
2002-11-21,05:09:30,-71.28,-29.76,44.6,3.8,md,guc
2002-11-21,06:07:39,-71.65,-30.7,29.5,3.9,ml,guc
2002-11-21,13:09:46,-71.44,-34.1,56.7,2.1,md,guc
2002-11-22,06:04:24,-71.84,-30.0,10.1,3.2,ml,guc
2002-11-22,13:15:57,-67.88,-33.47,183.2,4.1,mb,us
2002-11-22,13:22:25,-70.75,-33.96,79.2,2.3,md,guc
2002-11-22,17:17:52,-68.4,-33.81,10.0,3.8,ml,guc
2002-11-22,17:30:03,-70.26,-33.14,1.2,2.0,ml,guc
2002-11-23,08:12:19,-71.91,-33.32,25.5,3.4,md,guc
2002-11-23,11:14:32,-71.51,-32.6,15.2,3.1,md,guc
2002-11-23,13:33:32,-68.64,-21.32,100.7,4.8,mb,us
2002-11-23,14:50:12,-70.09,-31.65,144.0,3.2,md,guc
2002-11-23,20:16:15,-70.47,-31.72,129.0,3.1,md,guc
2002-11-24,02:54:47,-66.78,-24.16,182.0,4.2,mb,us
2002-11-24,10:42:55,-70.38,-32.12,107.6,3.1,md,guc
2002-11-24,16:21:18,-71.53,-29.94,40.2,4.3,md,guc
2002-11-24,18:59:14,-70.85,-31.06,3.7,3.8,md,guc
2002-11-25,02:17:36,-71.92,-34.1,40.3,3.8,md,guc
2002-11-25,02:36:04,-71.13,-33.09,59.8,2.5,md,guc
2002-11-25,03:11:10,-71.78,-33.76,42.4,3.1,md,guc
2002-11-25,04:37:59,-70.93,-34.08,79.7,2.5,md,guc
2002-11-25,09:07:39,-71.86,-33.6,20.9,2.9,md,guc
2002-11-25,13:23:29,-71.33,-33.35,56.1,3.8,md,guc
2002-11-26,03:15:29,-71.02,-32.31,83.5,2.3,md,guc
2002-11-26,03:22:25,-70.81,-33.05,73.2,3.0,md,guc
2002-11-26,04:54:28,-71.44,-30.76,57.0,3.2,md,guc
2002-11-26,06:27:45,-71.89,-35.98,78.3,3.3,md,guc
2002-11-26,14:30:32,-71.76,-29.19,10.0,4.1,ml,guc
2002-11-26,15:37:38,-71.33,-29.76,63.0,4.0,md,guc
2002-11-26,23:44:09,-66.67,-28.05,180.1,4.6,mb,us
2002-11-27,00:38:46,-70.12,-31.13,119.1,3.0,md,guc
2002-11-27,02:24:55,-71.75,-30.74,10.8,2.5,ml,guc
2002-11-27,06:44:49,-71.21,-18.65,47.3,4.0,mb,us
2002-11-27,10:53:47,-71.54,-29.52,86.6,4.0,md,guc
2002-11-27,16:25:19,-72.55,-36.05,54.3,3.7,md,guc
2002-11-27,17:56:01,-72.9,-16.43,33.0,4.9,mb,us
2002-11-27,19:12:34,-68.22,-22.01,126.5,4.2,mb,us
2002-11-27,19:19:23,-70.24,-34.71,4.3,3.3,md,guc
2002-11-27,22:33:51,-69.21,-31.32,135.9,3.7,md,guc
2002-11-27,23:27:11,-71.24,-30.94,57.4,3.3,md,guc
2002-11-28,03:47:02,-69.39,-31.28,140.3,3.8,md,guc
2002-11-28,03:57:32,-69.29,-18.18,117.6,4.8,mb,us
2002-11-28,04:14:37,-77.84,-9.4,33.0,4.2,mb,us
2002-11-28,04:22:54,-67.4,-30.18,135.0,3.9,md,guc
2002-11-28,06:02:32,-69.28,-18.8,119.6,4.8,mb,us
2002-11-28,10:28:09,-70.42,-33.43,95.9,3.2,md,guc
2002-11-28,15:58:23,-71.8,-32.76,14.9,3.1,md,guc
2002-11-28,19:02:22,-72.36,-27.29,20.0,4.3,md,guc
2002-11-28,19:24:03,-69.32,-15.63,235.5,4.9,mb,us
2002-11-28,19:40:39,-80.54,-6.74,33.0,4.5,mb,us
2002-11-28,21:29:18,-71.33,-31.02,70.1,2.6,md,guc
2002-11-29,06:18:10,-63.07,-28.88,601.2,5.5,mwc,hrv
2002-11-29,07:31:22,-70.54,-14.89,185.8,4.3,mb,us
2002-11-29,07:36:00,-71.88,-31.55,51.2,4.3,md,guc
2002-11-29,13:13:15,-71.03,-32.7,64.5,3.2,md,guc
2002-11-29,17:54:01,-68.86,-19.87,105.5,4.7,mb,us
2002-11-29,22:58:36,-71.53,-31.01,84.5,4.7,mb,us
2002-11-30,03:41:58,-72.94,-33.07,25.9,3.1,ml,guc
2002-11-30,04:55:22,-70.48,-31.3,127.2,3.2,md,guc
2002-11-30,06:47:13,-71.83,-32.5,30.8,2.4,ml,guc
2002-11-30,15:30:12,-71.32,-31.84,56.6,2.7,md,guc
2002-11-30,15:46:41,-70.62,-33.46,72.0,2.5,md,guc
2002-11-30,22:01:33,-72.4,-34.74,9.0,3.4,md,guc
2002-12-01,02:46:54,-78.88,-10.68,27.2,5.3,mb,us
2002-12-01,03:28:09,-69.66,-20.14,73.3,4.4,mb,us
2002-12-01,04:12:13,-72.22,-33.27,3.5,3.8,md,guc
2002-12-01,05:05:13,-71.86,-33.57,36.2,3.3,md,guc
2002-12-01,06:05:27,-70.59,-32.44,85.6,3.6,md,guc
2002-12-01,07:33:47,-70.68,-33.81,84.2,2.3,md,guc
2002-12-01,12:57:05,-71.42,-35.95,145.0,3.3,md,guc
2002-12-01,17:52:49,-71.71,-32.67,15.0,3.2,md,guc
2002-12-01,20:41:39,-70.14,-33.92,6.3,3.3,md,guc
2002-12-01,22:35:02,-69.64,-31.77,119.7,4.1,mb,us
2002-12-01,23:26:38,-71.38,-35.57,106.7,3.2,md,guc
2002-12-02,01:25:30,-71.16,-30.59,44.3,5.1,mb,us
2002-12-02,02:40:41,-71.87,-32.26,5.3,3.7,md,guc
2002-12-02,08:20:29,-72.26,-34.72,15.2,3.6,md,guc
2002-12-02,08:45:24,-70.01,-33.47,116.5,3.3,md,guc
2002-12-02,09:53:50,-71.32,-30.87,53.8,3.6,md,guc
2002-12-02,11:55:16,-71.26,-30.92,63.9,3.1,md,guc
2002-12-02,12:58:13,-70.46,-31.67,120.4,3.7,md,guc
2002-12-02,14:01:44,-70.16,-33.47,109.7,2.4,md,guc
2002-12-02,16:52:18,-70.27,-33.14,3.1,3.4,md,guc
2002-12-02,16:53:48,-70.27,-33.13,0.1,3.1,md,guc
2002-12-02,21:37:35,-71.52,-31.58,33.9,4.1,md,guc
2002-12-02,22:27:32,-71.39,-30.68,50.4,3.8,md,guc
2002-12-03,01:25:46,-71.73,-30.11,47.8,3.3,md,guc
2002-12-03,03:38:02,-72.83,-33.17,30.0,3.7,md,guc
2002-12-03,04:31:23,-71.95,-33.51,42.9,3.7,md,guc
2002-12-03,06:38:35,-69.13,-31.57,111.7,4.7,mb,us
2002-12-03,08:21:20,-70.04,-32.5,124.6,3.4,md,guc
2002-12-03,08:56:41,-71.25,-30.71,43.2,4.0,md,guc
2002-12-03,09:09:49,-71.29,-30.72,45.2,4.1,md,guc
2002-12-03,18:00:01,-71.79,-36.83,68.2,3.8,md,guc
2002-12-03,18:48:28,-77.53,-4.45,33.0,4.4,mb,us
2002-12-03,19:42:35,-70.25,-33.14,2.1,3.3,md,guc
2002-12-04,03:01:57,-70.18,-31.8,141.5,3.0,md,guc
2002-12-04,04:12:05,-70.54,-33.27,93.5,2.4,md,guc
2002-12-04,05:08:28,-69.81,-34.77,3.0,3.4,md,guc
2002-12-04,12:59:15,-69.93,-32.55,126.3,3.3,md,guc
2002-12-04,15:01:12,-69.59,-32.46,145.0,3.0,md,guc
2002-12-04,15:30:42,-118.84,-54.61,10.0,4.7,mb,us
2002-12-04,17:02:51,-70.62,-33.13,86.2,2.5,md,guc
2002-12-04,20:29:39,-71.24,-34.48,62.4,3.0,md,guc
2002-12-04,21:03:03,-67.6,-30.06,29.5,4.9,mwc,hrv
2002-12-05,00:04:13,-71.46,-30.76,18.6,3.9,md,guc
2002-12-05,02:07:32,-71.46,-29.85,57.9,3.7,md,guc
2002-12-05,04:59:49,-69.63,-32.04,138.7,3.9,md,guc
2002-12-05,07:17:15,-70.61,-34.2,100.4,3.1,md,guc
2002-12-05,07:53:32,-71.41,-31.04,47.4,4.2,md,guc
2002-12-05,18:49:56,-70.75,-34.06,80.5,2.5,md,guc
2002-12-05,23:37:12,-72.9,-32.74,20.4,3.5,md,guc
2002-12-06,05:18:39,-71.57,-27.28,33.0,4.5,ml,guc
2002-12-06,07:27:02,-71.72,-32.75,29.6,2.9,ml,guc
2002-12-06,08:31:17,-71.17,-15.28,63.0,4.1,mb,us
2002-12-06,11:53:42,-71.56,-32.69,15.1,3.2,md,guc
2002-12-06,13:01:31,-71.7,-33.37,25.3,2.7,md,guc
2002-12-06,16:32:20,-70.25,-34.37,9.8,2.6,ml,guc
2002-12-06,18:10:03,-72.68,-30.48,33.0,4.4,ml,guc
2002-12-06,19:48:21,-71.07,-33.7,67.3,2.5,md,guc
2002-12-06,21:58:10,-71.63,-32.6,28.3,3.1,md,guc
2002-12-07,00:04:13,-71.93,-31.7,24.7,3.2,ml,guc
2002-12-07,01:02:50,-70.57,-34.52,115.3,3.4,md,guc
2002-12-07,03:39:56,-71.09,-31.83,91.1,2.7,md,guc
2002-12-07,05:20:35,-66.72,-24.2,196.9,4.1,mb,us
2002-12-07,19:08:40,-73.99,-16.25,33.0,4.6,mb,us
2002-12-08,03:11:25,-69.44,-24.38,100.0,3.6,mb,us
2002-12-08,04:20:31,-70.49,-32.59,94.7,2.7,md,guc
2002-12-08,07:34:13,-71.44,-35.51,96.4,3.4,md,guc
2002-12-08,08:57:54,-71.4,-36.14,88.4,3.3,md,guc
2002-12-08,10:21:05,-70.13,-33.43,121.2,2.6,md,guc
2002-12-08,15:17:56,-69.42,-31.58,150.0,3.1,md,guc
2002-12-08,21:57:59,-117.45,-51.15,10.0,4.8,mb,us
2002-12-08,23:02:34,-71.17,-34.93,88.3,2.5,md,guc
2002-12-09,06:35:24,-70.57,-33.86,103.1,2.2,md,guc
2002-12-09,14:39:43,-71.96,-32.23,49.1,3.6,md,guc
2002-12-09,14:46:18,-68.19,-21.84,96.0,4.6,mb,us
2002-12-09,14:58:01,-72.04,-33.82,13.8,3.1,md,guc
2002-12-09,21:59:06,-70.62,-33.6,25.1,3.0,md,guc
2002-12-10,00:10:07,-72.08,-33.79,25.0,3.5,md,guc
2002-12-10,01:28:34,-114.12,-50.03,10.0,6.0,mwb,us
2002-12-10,06:24:12,-72.35,-34.75,15.2,3.3,md,guc
2002-12-10,11:07:34,-71.81,-32.88,22.3,3.9,md,guc
2002-12-10,11:31:35,-71.61,-31.68,42.1,3.9,md,guc
2002-12-10,11:44:45,-77.81,-44.65,33.0,4.4,mb,us
2002-12-10,12:48:10,-70.11,-33.62,121.9,2.7,md,guc
2002-12-10,21:19:18,-71.34,-30.76,57.7,3.2,md,guc
2002-12-10,22:31:48,-70.59,-34.56,127.0,2.7,md,guc
2002-12-11,01:27:52,-71.86,-32.21,33.7,3.5,md,guc
2002-12-11,06:40:38,-71.65,-32.6,32.9,3.3,md,guc
2002-12-11,09:07:36,-72.16,-34.0,41.9,3.4,md,guc
2002-12-11,10:17:54,-79.84,-8.19,33.0,4.9,mb,us
2002-12-12,02:58:44,-71.63,-30.88,37.5,3.7,md,guc
2002-12-12,04:03:16,-67.3,-31.8,126.0,5.3,mwc,hrv
2002-12-12,06:47:01,-71.21,-30.87,56.3,2.8,md,guc
2002-12-12,10:10:56,-68.7,-31.42,153.9,3.6,md,guc
2002-12-12,12:46:58,-71.6,-30.68,31.0,3.4,md,guc
2002-12-12,14:04:55,-71.36,-33.96,79.5,2.3,md,guc
2002-12-12,22:44:05,-83.56,-41.85,10.0,5.5,mwc,hrv
2002-12-13,00:44:07,-72.15,-33.71,43.6,3.2,md,guc
2002-12-13,02:57:00,-71.75,-31.21,15.1,2.5,ml,guc
2002-12-13,03:31:57,-74.01,-16.33,56.2,4.0,mb,us
2002-12-13,04:09:17,-70.38,-33.36,104.9,2.6,md,guc
2002-12-13,07:36:39,-69.38,-31.14,189.8,3.3,md,guc
2002-12-13,08:33:33,-71.35,-31.05,61.9,3.5,md,guc
2002-12-13,09:46:44,-71.95,-15.68,33.0,4.0,mb,us
2002-12-13,16:31:12,-71.94,-15.6,11.5,5.3,mwc,hrv
2002-12-13,17:25:32,-71.44,-31.32,59.6,2.5,md,guc
2002-12-13,18:34:31,-72.21,-32.48,34.3,3.4,md,guc
2002-12-13,19:25:36,-68.54,-22.26,110.0,5.2,mwc,hrv
2002-12-14,00:02:44,-118.78,-54.88,10.0,4.8,mb,us
2002-12-14,00:19:00,-71.34,-32.08,42.9,3.3,md,guc
2002-12-14,00:26:41,-71.92,-15.69,33.0,4.3,mb,us
2002-12-14,01:17:46,-66.65,-23.09,195.3,4.7,mb,us
2002-12-14,02:54:06,-66.59,-23.88,211.0,3.8,mb,us
2002-12-14,03:42:23,-71.81,-15.78,33.0,4.2,mb,us
2002-12-14,05:04:30,-69.34,-19.13,164.6,4.7,mb,us
2002-12-14,11:42:00,-79.89,-9.25,33.0,4.3,mb,us
2002-12-14,11:42:08,-79.59,-9.05,33.0,4.7,mb,us
2002-12-14,12:49:13,-70.6,-34.26,110.2,2.9,md,guc
2002-12-14,19:17:15,-71.83,-33.16,38.2,3.2,md,guc
2002-12-14,19:18:05,-71.17,-35.51,110.6,3.2,md,guc
2002-12-14,19:48:30,-71.08,-32.64,0.2,3.1,md,guc
2002-12-14,20:39:59,-71.0,-34.4,73.3,3.3,md,guc
2002-12-14,22:24:34,-70.89,-31.39,80.7,3.2,md,guc
2002-12-14,22:50:55,-70.26,-32.72,105.0,2.4,md,guc
2002-12-15,02:12:49,-67.44,-28.56,114.4,4.6,mb,us
2002-12-15,04:05:22,-81.01,-5.48,33.0,4.3,mb,us
2002-12-15,13:02:16,-118.32,-52.63,10.0,4.6,mb,us
2002-12-15,13:35:31,-118.3,-52.59,10.0,4.6,mb,us
2002-12-15,15:24:12,-69.85,-19.13,54.6,4.4,mb,us
2002-12-15,18:05:14,-72.13,-30.46,39.2,3.6,md,guc
2002-12-16,00:04:52,-69.83,-30.31,139.3,3.5,md,guc
2002-12-16,01:39:23,-70.29,-34.06,3.3,3.4,md,guc
2002-12-16,02:27:26,-70.66,-31.71,111.1,2.7,md,guc
2002-12-16,05:20:00,-66.53,-23.1,206.2,4.7,mb,us
2002-12-16,06:24:30,-71.91,-32.46,15.0,3.6,md,guc
2002-12-16,09:46:32,-107.21,-26.78,10.0,5.0,mb,us
2002-12-16,11:57:01,-71.6,-32.1,8.0,3.5,md,guc
2002-12-16,16:28:00,-70.24,-16.71,143.4,4.3,mb,us
2002-12-16,18:50:59,-70.15,-30.38,116.5,3.0,md,guc
2002-12-16,20:03:02,-70.07,-34.02,0.9,3.5,md,guc
2002-12-17,01:59:38,-71.72,-30.89,18.8,3.8,md,guc
2002-12-17,12:51:08,-70.79,-34.83,107.1,3.2,md,guc
2002-12-17,18:48:59,-70.28,-33.14,0.4,3.3,md,guc
2002-12-18,01:15:49,-71.12,-35.02,89.3,3.1,md,guc
2002-12-18,01:44:34,-71.56,-32.47,44.5,3.4,md,guc
2002-12-18,09:24:55,-68.81,-28.77,140.0,3.7,md,guc
2002-12-18,10:13:34,-71.12,-33.27,66.9,2.1,md,guc
2002-12-18,12:20:39,-72.24,-33.05,37.7,3.4,md,guc
2002-12-18,15:32:52,-70.51,-34.43,110.8,2.7,md,guc
2002-12-18,17:31:03,-70.6,-31.72,109.3,2.9,md,guc
2002-12-18,18:25:48,-72.22,-38.56,94.4,4.5,mb,us
2002-12-18,18:58:51,-70.14,-33.98,0.2,3.4,md,guc
2002-12-19,02:00:52,-71.65,-32.57,26.0,3.7,md,guc
2002-12-19,05:54:37,-78.49,-9.53,100.0,4.1,mb,us
2002-12-19,09:11:07,-71.19,-34.93,71.2,2.6,md,guc
2002-12-19,10:50:50,-66.56,-28.8,38.3,4.6,mb,us
2002-12-19,12:38:05,-66.56,-23.95,199.6,4.5,mb,us
2002-12-19,12:44:12,-67.94,-28.94,125.0,4.1,md,guc
2002-12-19,20:06:55,-71.23,-33.53,62.8,2.1,md,guc
2002-12-19,20:07:30,-71.69,-30.72,13.3,2.9,ml,guc
2002-12-19,21:56:26,-71.78,-32.2,13.9,3.6,md,guc
2002-12-19,22:13:16,-71.71,-32.19,11.0,3.3,md,guc
2002-12-19,23:40:08,-70.91,-31.92,87.0,3.0,md,guc
2002-12-20,03:29:49,-68.74,-19.65,73.8,4.7,mb,us
2002-12-20,04:42:58,-69.83,-33.27,6.9,3.0,md,guc
2002-12-20,08:30:00,-67.94,-20.96,131.7,4.7,mb,us
2002-12-20,12:04:14,-71.34,-30.78,44.6,3.4,md,guc
2002-12-20,13:10:08,-69.09,-30.74,200.0,3.1,md,guc
2002-12-20,13:16:33,-70.24,-32.23,117.6,3.4,md,guc
2002-12-20,14:02:44,-69.96,-32.96,111.0,3.2,md,guc
2002-12-20,16:08:01,-71.72,-30.96,10.5,2.9,ml,guc
2002-12-20,19:17:26,-70.38,-27.92,15.9,3.7,ml,guc
2002-12-20,21:54:16,-71.4,-33.38,50.9,3.2,md,guc
2002-12-21,00:36:02,-70.19,-32.4,113.3,2.9,md,guc
2002-12-21,04:46:32,-70.12,-32.99,0.0,2.0,ml,guc
2002-12-21,07:32:55,-72.13,-38.49,75.5,4.5,mb,us
2002-12-21,08:10:15,-72.13,-30.44,0.0,2.3,ml,guc
2002-12-21,15:34:08,-71.35,-35.73,106.9,3.3,md,guc
2002-12-21,16:03:58,-71.29,-28.26,33.0,3.5,ml,guc
2002-12-21,18:28:16,-67.96,-19.72,234.4,3.7,mb,us
2002-12-21,18:30:17,-71.58,-32.6,59.6,3.3,md,guc
2002-12-21,20:29:32,-71.41,-29.93,46.0,3.2,md,guc
2002-12-22,00:58:52,-71.7,-31.61,29.8,3.4,md,guc
2002-12-22,04:41:46,-70.92,-33.86,78.1,2.4,md,guc
2002-12-22,05:30:02,-70.91,-33.76,68.1,2.6,md,guc
2002-12-22,09:13:02,-71.29,-35.72,125.0,2.9,md,guc
2002-12-22,09:24:53,-71.49,-30.96,72.5,3.3,md,guc
2002-12-22,09:34:04,-70.04,-31.95,123.8,3.0,md,guc
2002-12-22,10:55:19,-71.89,-32.23,26.9,3.4,md,guc
2002-12-22,13:10:44,-72.17,-33.01,32.3,3.5,md,guc
2002-12-22,13:47:18,-70.55,-35.14,142.0,3.1,md,guc
2002-12-22,14:38:58,-70.63,-32.41,92.1,2.6,md,guc
2002-12-22,14:54:22,-71.06,-32.37,83.4,2.5,md,guc
2002-12-22,22:19:41,-70.9,-34.82,102.1,2.5,md,guc
2002-12-23,01:27:57,-72.28,-33.16,33.7,3.5,md,guc
2002-12-23,07:57:09,-66.06,-22.55,251.9,4.7,mb,us
2002-12-23,10:19:52,-71.77,-32.3,31.9,3.2,md,guc
2002-12-23,10:58:05,-70.56,-35.11,0.0,3.1,md,guc
2002-12-23,21:42:14,-66.53,-23.89,210.3,4.7,mb,us
2002-12-23,22:33:41,-71.35,-31.5,79.7,2.7,md,guc
2002-12-23,23:24:15,-71.02,-34.17,64.5,2.4,md,guc
2002-12-24,01:32:09,-71.76,-32.68,22.5,3.3,md,guc
2002-12-24,08:52:18,-69.56,-32.64,146.1,2.9,md,guc
2002-12-24,10:38:18,-71.35,-38.06,105.3,3.3,md,guc
2002-12-24,11:58:16,-71.64,-31.48,18.7,3.4,md,guc
2002-12-24,12:13:32,-69.7,-31.52,146.1,2.9,md,guc
2002-12-24,13:58:16,-70.42,-33.42,24.9,2.8,md,guc
2002-12-24,14:45:35,-71.34,-33.39,53.5,3.3,md,guc
2002-12-24,16:44:48,-70.58,-34.19,89.9,3.2,md,guc
2002-12-25,00:41:20,-70.51,-33.31,108.2,2.2,md,guc
2002-12-25,01:33:38,-71.7,-32.53,19.0,2.9,md,guc
2002-12-25,03:58:55,-70.18,-32.62,106.2,2.9,md,guc
2002-12-25,04:33:04,-72.01,-34.68,60.8,4.7,mb,us
2002-12-25,05:09:00,-118.61,-54.74,10.0,4.8,mb,us
2002-12-25,07:00:47,-107.19,-26.86,10.0,4.1,mb,us
2002-12-25,09:13:30,-70.83,-33.3,74.7,2.1,md,guc
2002-12-25,10:40:38,-70.24,-33.02,103.4,2.6,md,guc
2002-12-25,12:57:13,-71.23,-34.69,64.8,2.7,md,guc
2002-12-25,16:05:38,-67.17,-22.25,183.8,3.5,mb,us
2002-12-25,16:32:59,-71.75,-32.61,29.9,2.7,ml,guc
2002-12-25,17:44:54,-71.46,-29.86,50.1,3.2,md,guc
2002-12-25,20:54:14,-71.75,-32.58,27.9,3.1,md,guc
2002-12-26,01:59:22,-69.52,-31.44,149.5,3.3,md,guc
2002-12-26,02:09:36,-70.33,-34.56,8.8,3.5,md,guc
2002-12-26,02:42:08,-68.93,-31.31,152.1,4.0,md,guc
2002-12-26,05:39:49,-71.45,-35.6,108.4,3.7,md,guc
2002-12-26,09:36:43,-74.35,-7.9,136.2,4.5,mb,us
2002-12-26,16:12:48,-70.59,-36.82,155.0,4.1,md,guc
2002-12-26,19:57:24,-69.11,-31.37,156.6,3.5,md,guc
2002-12-26,22:20:21,-68.57,-31.23,112.4,5.3,mwc,hrv
2002-12-26,22:49:19,-70.37,-33.01,94.6,2.6,md,guc
2002-12-27,03:07:24,-69.07,-31.5,178.2,3.5,md,guc
2002-12-27,05:40:17,-70.9,-32.22,95.8,3.0,md,guc
2002-12-27,09:22:05,-71.59,-31.05,41.7,3.9,md,guc
2002-12-27,09:41:58,-67.31,-31.46,150.0,3.5,md,guc
2002-12-27,17:17:56,-71.1,-30.62,66.5,2.5,md,guc
2002-12-27,18:56:50,-70.93,-32.91,76.5,2.8,md,guc
2002-12-27,19:10:12,-71.82,-32.71,12.0,3.2,md,guc
2002-12-27,20:15:52,-66.44,-27.9,176.3,4.4,mb,us
2002-12-27,21:03:21,-70.23,-33.01,107.5,2.6,md,guc
2002-12-28,01:05:52,-71.58,-30.06,30.1,2.4,ml,guc
2002-12-28,13:51:43,-72.4,-15.1,118.8,4.8,mb,us
2002-12-28,17:04:04,-71.59,-35.8,102.3,3.2,md,guc
2002-12-28,17:13:20,-71.82,-32.67,40.7,3.2,md,guc
2002-12-28,19:15:14,-71.5,-32.69,29.1,2.6,ml,guc
2002-12-28,19:16:56,-71.49,-32.69,25.2,2.9,ml,guc
2002-12-28,22:55:22,-70.66,-35.0,115.1,3.2,md,guc
2002-12-28,23:37:12,-72.32,-37.06,121.9,3.5,md,guc
2002-12-29,00:28:02,-70.55,-31.78,117.6,3.2,md,guc
2002-12-29,03:35:09,-70.6,-32.68,95.8,3.1,md,guc
2002-12-29,05:43:49,-68.44,-22.14,117.4,3.8,mb,us
2002-12-29,07:01:59,-70.3,-32.38,103.2,2.7,md,guc
2002-12-29,12:26:53,-70.28,-33.02,100.9,2.3,md,guc
2002-12-29,19:20:29,-74.7,-10.44,33.0,4.2,mb,us
2002-12-29,19:34:00,-71.63,-30.9,34.5,3.2,md,guc
2002-12-29,19:47:40,-71.24,-29.51,40.1,3.7,md,guc
2002-12-29,22:17:17,-70.48,-33.78,105.2,2.6,md,guc
2002-12-29,23:12:11,-68.98,-23.11,102.9,4.5,mb,us
2002-12-30,04:27:59,-71.35,-35.68,105.0,3.4,md,guc
2002-12-30,07:28:37,-67.3,-21.17,199.3,4.7,mb,us
2002-12-30,09:36:57,-71.85,-31.79,27.4,3.3,md,guc
2002-12-30,09:55:57,-71.74,-30.76,8.8,2.9,ml,guc
2002-12-30,09:57:56,-71.17,-30.82,54.4,3.3,md,guc
2002-12-30,11:17:53,-72.22,-34.71,15.0,3.4,md,guc
2002-12-30,11:29:46,-71.12,-34.95,97.7,3.3,md,guc
2002-12-30,13:18:13,-69.36,-31.25,156.5,3.2,md,guc
2002-12-30,13:47:59,-71.76,-31.07,11.7,3.0,ml,guc
2002-12-30,20:53:49,-68.68,-31.24,157.0,3.8,md,guc
2002-12-31,07:50:45,-71.51,-31.1,31.1,3.5,md,guc
2002-12-31,08:27:18,-72.18,-34.7,10.2,3.6,ml,guc
2002-12-31,14:19:51,-72.33,-34.72,0.0,3.4,md,guc
2002-12-31,16:11:05,-70.44,-34.25,112.2,2.3,md,guc
2002-12-31,18:27:21,-71.48,-32.28,21.1,3.0,md,guc
2002-12-31,20:57:33,-69.71,-31.46,157.1,3.4,md,guc
2003-01-01,02:15:14,-69.47,-31.19,159.0,3.1,md,guc
2003-01-01,02:59:20,-71.6,-30.4,30.7,3.2,md,guc
2003-01-01,04:35:44,-71.42,-30.75,40.7,3.5,md,guc
2003-01-01,06:07:20,-71.72,-32.25,12.4,3.4,md,guc
2003-01-01,08:25:31,-71.68,-32.25,12.3,3.5,md,guc
2003-01-01,10:23:34,-72.18,-34.51,27.7,3.5,md,guc
2003-01-01,15:49:51,-71.54,-32.33,30.2,3.8,md,guc
2003-01-01,15:54:34,-71.75,-32.14,11.0,3.6,md,guc
2003-01-01,16:25:51,-70.14,-30.16,5.4,3.3,md,guc
2003-01-01,17:22:22,-71.38,-35.11,63.1,2.9,md,guc
2003-01-01,19:26:00,-70.17,-34.71,0.0,3.1,md,guc
2003-01-02,00:20:12,-72.57,-17.4,33.0,5.3,mwc,hrv
2003-01-02,03:18:53,-68.85,-33.56,1.5,3.4,ml,guc
2003-01-02,06:08:06,-71.51,-30.54,51.5,4.6,mb,us
2003-01-02,07:43:37,-70.2,-33.28,81.8,2.6,md,guc
2003-01-02,09:07:38,-76.05,-43.11,33.0,4.7,mb,us
2003-01-02,11:46:30,-70.4,-27.23,105.1,3.7,mb,us
2003-01-03,05:01:00,-70.55,-34.0,91.1,2.8,md,guc
2003-01-03,06:24:49,-70.1,-34.01,6.3,3.3,md,guc
2003-01-03,06:28:15,-71.94,-29.94,34.3,4.0,md,guc
2003-01-03,07:35:54,-71.92,-30.0,4.2,2.6,ml,guc
2003-01-03,08:29:49,-71.53,-30.58,41.5,4.1,md,guc
2003-01-03,09:28:43,-70.42,-33.69,15.0,2.6,md,guc
2003-01-03,13:01:51,-69.88,-30.02,136.2,3.4,md,guc
2003-01-03,18:23:36,-69.96,-34.43,2.3,3.3,md,guc
2003-01-03,18:27:30,-69.99,-34.41,7.7,3.3,md,guc
2003-01-03,18:37:22,-70.01,-34.43,0.2,3.1,md,guc
2003-01-03,19:44:03,-71.5,-30.96,73.9,3.2,md,guc
2003-01-04,01:31:44,-70.16,-31.78,136.4,3.6,md,guc
2003-01-04,01:57:33,-73.6,-37.62,23.1,3.5,ml,guc
2003-01-04,03:18:07,-71.29,-31.02,63.9,3.1,md,guc
2003-01-04,03:34:32,-72.75,-17.68,33.0,4.4,mb,us
2003-01-04,06:34:47,-70.35,-35.47,181.5,3.6,md,guc
2003-01-04,08:48:41,-72.03,-31.37,45.6,3.7,md,guc
2003-01-04,10:18:44,-71.07,-34.57,76.3,2.4,md,guc
2003-01-04,12:01:28,-71.23,-36.19,18.4,3.0,ml,guc
2003-01-04,12:30:50,-71.35,-30.84,57.0,3.3,md,guc
2003-01-05,01:43:02,-71.65,-29.28,35.1,4.2,md,guc
2003-01-05,03:46:06,-70.97,-34.84,107.5,3.7,md,guc
2003-01-05,09:25:55,-68.29,-21.54,126.1,5.2,mwc,hrv
2003-01-05,11:21:39,-71.38,-30.84,60.6,3.4,md,guc
2003-01-05,19:00:10,-69.94,-32.86,102.4,3.5,md,guc
2003-01-06,02:20:58,-69.61,-33.19,130.1,3.2,md,guc
2003-01-06,07:11:50,-70.98,-35.02,102.6,3.3,md,guc
2003-01-06,08:18:46,-72.18,-33.99,0.4,3.3,md,guc
2003-01-06,08:31:35,-71.39,-35.71,101.7,3.6,md,guc
2003-01-06,08:39:56,-69.75,-31.73,147.1,3.6,md,guc
2003-01-06,09:31:48,-70.45,-33.22,97.9,2.5,md,guc
2003-01-06,09:34:30,-72.13,-33.9,37.3,3.6,md,guc
2003-01-06,10:36:36,-70.89,-33.02,72.3,2.2,md,guc
2003-01-06,21:12:01,-70.97,-34.81,103.4,3.5,md,guc
2003-01-07,00:54:52,-70.05,-33.76,110.8,5.7,mwc,hrv
2003-01-07,01:19:03,-70.37,-33.77,110.7,3.3,md,guc
2003-01-07,01:30:22,-70.18,-33.77,106.1,2.4,md,guc
2003-01-07,02:25:16,-71.54,-34.55,59.3,2.5,md,guc
2003-01-07,02:28:01,-70.19,-33.79,105.3,2.4,md,guc
2003-01-07,03:07:18,-70.31,-33.77,107.5,3.0,md,guc
2003-01-07,04:03:34,-69.92,-32.47,118.0,3.1,md,guc
2003-01-07,09:06:16,-71.92,-29.96,6.7,3.3,md,guc
2003-01-07,09:18:15,-70.27,-33.77,105.5,2.9,md,guc
2003-01-07,09:25:24,-70.57,-29.55,97.6,3.5,md,guc
2003-01-07,10:54:30,-70.22,-33.79,105.6,2.5,md,guc
2003-01-07,12:52:23,-71.6,-29.81,27.8,3.4,md,guc
2003-01-07,14:31:42,-71.72,-30.58,33.0,4.7,mb,us
2003-01-07,15:21:03,-71.68,-32.22,13.0,2.6,ml,guc
2003-01-07,16:43:07,-70.28,-33.18,2.7,2.9,md,guc
2003-01-07,17:27:12,-68.67,-21.23,111.1,5.0,mb,us
2003-01-07,17:40:38,-68.69,-20.26,124.9,4.7,mb,us
2003-01-07,22:11:19,-69.76,-31.56,158.4,3.1,md,guc
2003-01-07,23:10:08,-71.61,-31.98,12.0,2.8,ml,guc
2003-01-07,23:22:16,-70.5,-34.24,107.4,3.0,md,guc
2003-01-08,01:55:02,-71.95,-34.55,0.9,3.2,md,guc
2003-01-08,04:45:05,-75.55,-9.44,34.9,5.1,mb,us
2003-01-08,08:02:24,-71.42,-32.12,1.4,2.7,ml,guc
2003-01-08,14:33:33,-70.87,-27.66,12.4,4.3,ml,guc
2003-01-08,16:37:33,-71.38,-31.94,36.5,3.2,md,guc
2003-01-08,16:52:55,-70.22,-33.18,0.0,3.5,md,guc
2003-01-09,01:45:01,-68.02,-20.99,131.9,4.6,mb,us
2003-01-09,07:02:57,-71.0,-18.15,33.0,5.3,mwc,hrv
2003-01-09,08:59:40,-71.12,-18.3,40.5,4.5,mb,us
2003-01-09,09:49:08,-79.24,-44.44,10.0,5.9,mwc,hrv
2003-01-09,10:29:30,-71.15,-18.31,40.7,4.6,mb,us
2003-01-09,14:43:21,-70.36,-30.66,0.0,3.7,ml,guc
2003-01-09,15:26:33,-71.89,-32.73,5.0,3.2,md,guc
2003-01-09,15:43:56,-58.11,-60.01,10.0,5.3,mwc,hrv
2003-01-09,22:16:17,-70.43,-30.57,116.5,2.6,md,guc
2003-01-10,00:44:33,-69.92,-31.77,33.0,2.9,ml,guc
2003-01-10,14:24:56,-72.28,-35.35,14.2,3.1,ml,guc
2003-01-10,17:55:04,-113.1,-28.36,10.0,4.8,mb,us
2003-01-11,04:01:55,-71.97,-32.7,7.9,2.6,ml,guc
2003-01-11,04:34:21,-68.84,-31.19,157.0,3.3,md,guc
2003-01-11,06:24:20,-70.9,-33.39,73.4,2.3,md,guc
2003-01-11,09:05:42,-70.1,-34.02,5.1,3.0,md,guc
2003-01-11,13:37:36,-97.1,-36.52,10.0,4.8,mb,us
2003-01-11,16:00:35,-69.61,-30.47,3.0,3.3,ml,guc
2003-01-11,20:13:44,-70.18,-31.14,128.4,3.5,md,guc
2003-01-11,21:45:27,-69.51,-31.41,0.1,2.9,ml,guc
2003-01-11,23:11:31,-71.63,-29.24,47.4,4.4,mb,us
2003-01-11,23:18:47,-70.3,-33.28,98.6,2.4,md,guc
2003-01-12,00:04:33,-71.59,-32.5,60.0,2.8,md,guc
2003-01-12,08:21:01,-68.99,-33.27,3.0,3.3,md,guc
2003-01-12,16:19:39,-71.8,-31.57,52.8,4.4,md,guc
2003-01-12,17:02:00,-70.26,-33.15,1.8,3.2,md,guc
2003-01-12,20:25:01,-71.75,-31.38,11.6,4.1,md,guc
2003-01-12,20:37:24,-71.7,-30.68,11.2,2.9,ml,guc
2003-01-13,19:34:09,-71.58,-32.0,58.9,2.9,md,guc
2003-01-15,01:52:55,-71.77,-32.75,32.6,3.0,md,guc
2003-01-15,02:46:53,-70.4,-34.44,10.3,2.8,md,guc
2003-01-15,10:16:58,-69.48,-29.01,153.5,3.6,md,guc
2003-01-15,10:32:53,-69.84,-31.52,153.2,3.1,md,guc
2003-01-15,11:21:51,-72.11,-28.66,48.2,3.8,md,guc
2003-01-16,03:12:43,-69.67,-31.48,21.8,3.6,md,guc
2003-01-16,05:39:15,-70.68,-33.82,85.0,2.8,md,guc
2003-01-17,00:23:57,-71.46,-32.55,41.8,4.1,md,guc
2003-01-17,06:01:51,-81.18,-5.19,33.0,4.3,mb,us
2003-01-19,06:53:33,-70.59,-32.01,33.0,3.9,ml,guc
2003-01-19,17:27:53,-67.71,-18.79,218.8,4.1,mb,us
2003-01-20,17:18:55,-116.66,-42.0,10.0,4.9,mb,us
2003-01-21,13:26:48,-71.23,-30.12,59.1,2.6,md,guc
2003-01-21,19:21:12,-71.62,-15.33,142.3,4.2,mb,us
2003-01-22,15:05:50,-70.76,-29.84,69.8,4.2,mb,us
2003-01-22,16:37:06,-71.2,-30.14,63.1,4.3,mb,us
2003-01-22,18:34:49,-68.61,-20.27,122.1,4.4,mb,us
2003-01-25,09:22:10,-68.61,-34.85,2.3,3.2,md,guc
2003-01-25,23:36:49,-102.38,-35.68,10.0,4.7,mb,us
2003-01-28,00:53:49,-74.08,-15.37,68.2,5.2,mwc,hrv
2003-01-28,03:49:30,-71.32,-30.59,42.9,3.1,md,guc
2003-01-28,04:32:50,-71.88,-34.69,33.5,3.2,md,guc
2003-01-28,05:03:45,-72.36,-34.59,15.0,3.1,md,guc
2003-01-28,06:42:27,-68.28,-32.94,0.0,3.2,md,guc
2003-01-28,07:15:37,-72.36,-34.75,15.1,3.1,md,guc
2003-01-28,07:56:24,-65.16,-30.65,168.2,5.1,mb,us
2003-01-29,00:51:08,-72.24,-35.14,44.9,4.4,md,guc
2003-01-29,09:47:25,-69.76,-31.79,105.1,3.5,md,guc
2003-01-29,10:05:52,-71.08,-33.81,69.0,2.3,md,guc
2003-01-29,11:15:17,-70.3,-34.97,0.0,3.2,ml,guc
2003-01-29,12:47:36,-71.64,-33.55,39.8,3.2,md,guc
2003-01-29,13:12:07,-70.45,-34.29,10.2,2.4,ml,guc
2003-01-29,16:53:03,-70.26,-33.13,2.8,2.0,ml,guc
2003-01-29,17:19:14,-71.74,-32.29,14.2,3.4,ml,guc
2003-01-29,18:44:11,-72.28,-36.65,62.6,3.7,md,guc
2003-01-29,20:31:32,-71.25,-31.32,85.0,3.4,md,guc
2003-01-29,21:56:02,-71.66,-32.53,31.6,3.3,ml,guc
2003-01-29,23:26:15,-70.79,-33.8,77.6,2.2,md,guc
2003-01-30,04:17:38,-71.66,-29.89,37.2,3.5,md,guc
2003-01-30,05:54:39,-68.51,-22.83,97.7,5.0,mb,us
2003-01-30,07:07:29,-70.38,-33.15,99.0,2.0,md,guc
2003-01-30,08:48:17,-72.02,-34.52,15.0,3.2,md,guc
2003-01-30,13:17:45,-65.83,-31.26,163.3,4.4,mb,us
2003-01-30,20:44:51,-70.3,-33.17,4.3,3.4,md,guc
2003-01-31,00:40:07,-70.36,-34.02,106.2,3.1,md,guc
2003-01-31,06:31:20,-70.33,-34.08,10.0,3.4,md,guc
2003-01-31,07:49:55,-71.07,-32.84,59.0,2.7,md,guc
2003-01-31,11:13:58,-70.25,-33.29,99.0,2.9,md,guc
2003-01-31,16:51:36,-54.68,-61.77,33.0,4.2,mb,us
2003-02-01,03:23:06,-70.7,-32.78,77.2,4.0,md,guc
2003-02-01,05:35:05,-71.9,-30.54,5.0,3.7,ml,guc
2003-02-01,18:23:24,-71.31,-32.27,43.3,3.4,md,guc
2003-02-01,23:07:00,-71.04,-34.22,74.8,2.4,md,guc
2003-02-02,02:46:40,-71.77,-30.69,20.5,3.8,ml,guc
2003-02-02,06:36:51,-70.53,-27.21,55.0,4.1,md,guc
2003-02-02,09:46:31,-71.63,-31.12,69.1,4.4,md,guc
2003-02-02,10:21:57,-71.11,-26.23,33.0,3.7,mb,us
2003-02-02,11:14:38,-70.54,-33.49,87.3,2.4,md,guc
2003-02-02,15:59:02,-70.89,-27.63,37.7,4.1,md,guc
2003-02-02,19:29:45,-71.2,-35.11,90.0,2.9,md,guc
2003-02-02,21:08:28,-70.12,-33.3,0.0,3.3,md,guc
2003-02-02,21:22:58,-70.22,-34.95,23.5,3.6,ml,guc
2003-02-03,02:12:41,-70.4,-34.46,4.8,3.2,ml,guc
2003-02-03,03:45:32,-70.4,-34.44,6.3,3.7,md,guc
2003-02-03,14:00:18,-70.82,-33.3,75.5,2.1,md,guc
2003-02-03,14:03:30,-70.22,-33.95,125.8,3.7,md,guc
2003-02-03,22:17:59,-72.85,-33.04,20.5,3.8,md,guc
2003-02-04,02:31:06,-72.97,-32.61,15.9,4.0,ml,guc
2003-02-04,05:23:37,-70.35,-33.02,100.2,2.4,md,guc
2003-02-04,05:29:37,-69.21,-31.32,100.0,3.7,md,guc
2003-02-04,07:48:00,-69.94,-33.56,7.7,3.1,md,guc
2003-02-04,08:22:40,-71.72,-32.67,27.0,3.4,md,guc
2003-02-04,13:49:00,-71.56,-32.9,46.1,3.5,md,guc
2003-02-04,18:11:03,-73.12,-32.72,23.2,4.3,ml,guc
2003-02-04,18:16:26,-73.08,-33.0,15.7,3.7,md,guc
2003-02-04,18:20:11,-73.12,-32.89,13.5,3.8,md,guc
2003-02-04,19:49:18,-70.58,-29.2,87.4,3.1,md,guc
2003-02-04,21:13:13,-73.05,-32.7,22.9,3.9,md,guc
2003-02-05,02:07:59,-73.03,-32.88,21.2,3.5,md,guc
2003-02-05,09:48:39,-70.77,-33.83,77.7,2.2,md,guc
2003-02-05,10:05:13,-71.05,-32.32,72.0,2.6,md,guc
2003-02-05,10:19:12,-73.1,-32.84,18.6,3.5,md,guc
2003-02-05,17:07:48,-70.25,-33.17,5.5,3.6,ml,guc
2003-02-05,23:40:29,-73.09,-32.74,21.1,3.9,md,guc
2003-02-06,04:40:34,-73.04,-32.67,21.3,3.5,md,guc
2003-02-06,05:01:15,-68.63,-20.58,107.2,4.3,mb,us
2003-02-06,05:09:03,-73.09,-32.88,21.3,3.6,md,guc
2003-02-06,11:06:10,-70.14,-34.35,4.0,3.2,md,guc
2003-02-06,12:29:12,-70.76,-35.44,126.3,2.7,md,guc
2003-02-06,19:55:02,-70.25,-32.4,112.2,2.6,md,guc
2003-02-06,21:32:22,-71.8,-32.68,29.2,4.1,ml,guc
2003-02-06,23:11:02,-70.4,-34.47,128.3,3.0,md,guc
2003-02-06,23:55:33,-71.8,-32.69,15.0,3.3,md,guc
2003-02-07,02:28:12,-68.35,-31.12,94.6,3.4,md,guc
2003-02-07,11:06:37,-72.11,-29.88,25.9,3.6,ml,guc
2003-02-07,17:13:38,-71.35,-29.55,55.2,5.0,mb,us
2003-02-07,20:42:46,-71.7,-31.36,27.6,4.3,ml,guc
2003-02-08,00:12:59,-70.48,-34.34,108.7,2.6,md,guc
2003-02-08,03:24:14,-69.89,-32.06,132.6,2.9,md,guc
2003-02-08,09:51:16,-70.61,-31.0,137.7,3.2,md,guc
2003-02-08,16:32:39,-72.3,-34.77,28.9,3.2,ml,guc
2003-02-08,17:09:58,-70.27,-33.15,4.1,2.3,md,guc
2003-02-08,17:33:15,-71.89,-30.9,24.8,3.4,ml,guc
2003-02-09,01:51:56,-70.99,-33.63,67.1,2.4,md,guc
2003-02-09,04:11:43,-71.07,-28.69,44.1,4.0,md,guc
2003-02-09,04:23:13,-71.74,-32.55,27.6,3.2,md,guc
2003-02-09,06:48:43,-71.82,-30.74,15.2,3.5,md,guc
2003-02-09,07:42:37,-71.75,-30.74,8.7,3.7,md,guc
2003-02-09,19:59:44,-71.41,-32.34,43.8,3.5,md,guc
2003-02-09,22:26:53,-71.67,-31.12,9.7,4.1,md,guc
2003-02-09,23:56:33,-71.5,-31.95,46.3,3.8,md,guc
2003-02-10,03:25:25,-70.28,-34.28,8.1,3.4,md,guc
2003-02-10,07:47:14,-71.7,-32.46,27.4,3.4,md,guc
2003-02-10,10:02:52,-73.62,-14.76,89.3,4.6,mb,us
2003-02-10,11:58:31,-69.17,-31.68,100.0,3.1,md,guc
2003-02-10,12:04:12,-70.8,-33.2,76.2,2.4,md,guc
2003-02-10,17:46:25,-70.25,-33.14,3.6,3.2,md,guc
2003-02-11,05:23:10,-71.65,-32.27,40.2,3.7,md,guc
2003-02-11,05:55:50,-69.33,-31.89,126.0,3.0,md,guc
2003-02-11,08:28:14,-71.7,-34.82,51.5,3.2,md,guc
2003-02-11,09:28:04,-70.28,-32.15,121.7,2.9,md,guc
2003-02-11,20:20:56,-71.46,-33.21,49.7,3.5,md,guc
2003-02-11,23:39:05,-69.11,-31.81,100.0,3.6,md,guc
2003-02-12,02:47:36,-70.47,-34.31,7.6,3.7,md,guc
2003-02-12,06:32:10,-69.37,-31.52,100.0,3.5,md,guc
2003-02-12,09:45:26,-68.94,-34.88,10.0,3.9,md,guc
2003-02-12,13:28:17,-67.01,-24.25,200.0,4.6,mb,us
2003-02-12,15:30:02,-71.35,-34.01,43.9,3.2,md,guc
2003-02-12,20:25:46,-71.08,-34.94,97.4,2.8,md,guc
2003-02-12,20:51:28,-70.8,-32.22,107.5,2.7,md,guc
2003-02-13,02:18:31,-71.04,-36.07,166.6,3.0,md,guc
2003-02-13,02:28:19,-71.44,-38.07,126.5,3.5,md,guc
2003-02-13,05:42:59,-67.98,-31.97,1.4,3.5,ml,guc
2003-02-13,06:41:33,-70.52,-27.61,67.6,4.0,md,guc
2003-02-13,16:52:10,-70.28,-33.14,5.1,3.2,md,guc
2003-02-13,17:38:40,-71.28,-30.03,47.0,4.4,md,guc
2003-02-13,21:06:26,-69.58,-31.24,127.8,3.2,md,guc
2003-02-14,03:46:02,-67.7,-21.19,156.8,4.5,mb,us
2003-02-14,07:10:06,-71.28,-30.8,44.5,4.9,mb,us
2003-02-14,13:55:42,-71.25,-30.8,45.8,4.1,md,guc
2003-02-14,17:28:42,-73.0,-33.44,33.1,3.7,md,guc
2003-02-14,18:53:38,-68.54,-31.37,100.0,3.2,md,guc
2003-02-14,19:03:21,-54.04,-61.53,10.0,5.0,mwc,hrv
2003-02-14,22:44:14,-78.19,-12.88,33.0,5.1,mwc,hrv
2003-02-15,03:37:47,-69.75,-32.03,130.1,3.1,md,guc
2003-02-15,08:42:15,-68.59,-31.11,140.0,3.7,md,guc
2003-02-15,09:59:08,-70.48,-33.09,102.8,2.6,md,guc
2003-02-15,17:05:14,-70.26,-33.14,2.8,1.9,ml,guc
2003-02-15,19:16:48,-70.74,-33.67,79.4,2.4,md,guc
2003-02-15,20:43:04,-64.4,-26.48,33.0,4.6,mb,us
2003-02-16,00:04:13,-71.76,-32.67,29.2,3.7,md,guc
2003-02-16,00:46:02,-71.67,-32.24,13.2,3.2,md,guc
2003-02-16,04:47:20,-71.38,-29.53,50.0,4.2,md,guc
2003-02-16,05:15:16,-68.88,-18.22,131.8,4.9,mb,us
2003-02-16,12:42:46,-71.9,-32.46,31.8,3.8,ml,guc
2003-02-16,14:02:31,-71.7,-32.65,29.8,3.4,md,guc
2003-02-16,14:09:42,-71.36,-33.75,54.4,3.8,md,guc
2003-02-16,15:37:04,-70.47,-34.25,109.4,2.6,md,guc
2003-02-16,16:41:46,-70.22,-33.15,0.9,3.5,md,guc
2003-02-16,21:41:38,-70.19,-31.87,122.2,3.1,md,guc
2003-02-16,22:09:10,-71.68,-32.52,41.6,3.5,md,guc
2003-02-17,03:48:22,-70.36,-34.59,132.7,2.6,md,guc
2003-02-17,04:07:11,-68.41,-31.08,150.0,3.9,md,guc
2003-02-17,11:48:01,-71.88,-30.99,19.1,4.0,ml,guc
2003-02-17,15:25:50,-71.58,-32.02,25.3,4.1,md,guc
2003-02-18,00:43:25,-70.29,-33.77,105.7,2.6,md,guc
2003-02-18,01:40:32,-71.92,-31.74,34.0,3.8,md,guc
2003-02-18,03:54:30,-65.44,-23.83,33.0,4.3,mb,us
2003-02-18,15:01:37,-71.8,-30.96,10.2,3.1,ml,guc
2003-02-18,15:07:03,-70.57,-33.24,94.8,2.7,md,guc
2003-02-18,16:01:07,-112.15,-34.43,10.0,5.3,mwc,hrv
2003-02-18,18:55:27,-72.06,-30.88,33.0,4.7,mb,us
2003-02-19,01:03:55,-68.77,-31.2,125.0,3.5,md,guc
2003-02-19,02:34:51,-69.81,-31.71,128.7,3.2,md,guc
2003-02-19,03:59:04,-71.63,-30.37,30.3,3.6,ml,guc
2003-02-19,13:21:31,-71.8,-32.39,28.9,2.8,ml,guc
2003-02-19,16:35:50,-70.28,-33.15,6.0,1.8,ml,guc
2003-02-19,17:34:10,-71.49,-35.99,89.5,4.2,md,guc
2003-02-19,17:57:03,-70.3,-33.76,107.0,2.6,md,guc
2003-02-19,19:03:41,-71.93,-30.74,4.6,4.0,ml,guc
2003-02-20,20:07:05,-70.99,-18.44,33.0,5.6,mwc,hrv
2003-02-20,22:47:49,-71.0,-18.67,33.0,4.9,mb,us
2003-02-21,05:24:06,-70.61,-36.11,169.6,3.4,md,guc
2003-02-21,05:53:24,-70.3,-20.01,37.7,4.9,mb,us
2003-02-21,08:07:54,-71.32,-35.41,102.2,3.0,md,guc
2003-02-21,19:09:27,-71.67,-14.93,127.9,4.6,mb,us
2003-02-21,19:16:14,-71.65,-32.02,36.3,3.4,md,guc
2003-02-21,21:08:15,-70.24,-33.13,3.2,1.9,ml,guc
2003-02-21,22:40:33,-69.83,-33.3,3.9,2.5,ml,guc
2003-02-22,03:12:59,-71.69,-32.84,3.0,3.3,md,guc
2003-02-22,04:19:59,-71.59,-29.53,34.6,4.4,md,guc
2003-02-22,06:00:52,-71.57,-32.1,35.6,3.3,md,guc
2003-02-22,08:57:52,-111.24,-30.45,10.0,4.7,mb,us
2003-02-22,11:30:10,-69.23,-31.39,140.0,3.2,md,guc
2003-02-22,16:12:30,-71.81,-34.38,43.7,3.2,md,guc
2003-02-22,16:55:44,-70.26,-33.14,5.4,2.3,ml,guc
2003-02-22,18:04:44,-71.28,-33.07,56.7,4.4,mb,us
2003-02-22,22:12:38,-71.49,-34.07,41.7,3.0,md,guc
2003-02-22,23:29:22,-66.95,-24.12,170.0,4.7,mb,us
2003-02-23,04:07:30,-68.46,-21.58,116.9,4.9,mb,us
2003-02-23,06:36:42,-69.14,-31.18,140.0,2.9,md,guc
2003-02-23,11:07:15,-71.64,-30.58,34.9,4.5,md,guc
2003-02-23,11:47:31,-71.18,-34.65,84.1,2.9,md,guc
2003-02-23,17:03:08,-71.72,-32.57,32.3,4.3,md,guc
2003-02-23,17:41:08,-72.2,-33.01,40.1,3.7,md,guc
2003-02-23,21:29:57,-71.79,-32.67,15.0,3.5,md,guc
2003-02-24,00:30:18,-71.51,-29.58,65.0,3.6,md,guc
2003-02-24,02:27:57,-68.5,-31.9,100.0,3.8,md,guc
2003-02-24,03:47:45,-63.63,-22.84,525.6,4.5,mb,us
2003-02-24,13:46:12,-72.95,-32.76,25.3,3.6,md,guc
2003-02-24,14:25:14,-69.04,-32.89,10.0,3.5,md,guc
2003-02-24,16:25:47,-70.85,-33.53,72.9,2.4,md,guc
2003-02-24,16:52:48,-70.27,-33.14,5.2,3.3,md,guc
2003-02-24,17:13:58,-70.9,-34.22,81.3,2.5,md,guc
2003-02-24,20:00:20,-71.19,-35.57,41.7,3.1,md,guc
2003-02-24,21:56:41,-70.03,-32.96,97.1,2.5,md,guc
2003-02-25,00:47:04,-70.19,-33.92,5.7,3.5,md,guc
2003-02-25,02:06:18,-71.29,-34.31,66.3,2.4,md,guc
2003-02-25,02:40:10,-70.77,-32.35,64.9,2.8,md,guc
2003-02-25,03:14:06,-71.91,-30.85,1.1,2.4,ml,guc
2003-02-25,03:51:04,-72.04,-30.72,16.3,4.0,md,guc
2003-02-25,07:29:25,-68.95,-33.14,10.0,3.6,md,guc
2003-02-25,08:48:08,-70.02,-33.91,2.5,3.2,md,guc
2003-02-25,09:39:51,-71.27,-35.16,78.6,2.9,md,guc
2003-02-25,12:44:45,-71.46,-34.05,43.3,3.8,md,guc
2003-02-25,17:07:33,-70.01,-32.62,125.0,3.2,md,guc
2003-02-25,20:19:37,-68.95,-31.45,140.0,3.6,md,guc
2003-02-26,02:45:42,-71.27,-30.95,59.6,3.8,md,guc
2003-02-26,08:33:16,-70.31,-33.78,108.8,2.5,md,guc
2003-02-26,08:37:15,-72.96,-33.36,27.2,3.3,md,guc
2003-02-26,12:21:31,-66.96,-24.15,174.9,4.6,mb,us
2003-02-26,17:01:56,-70.24,-33.1,1.6,3.5,md,guc
2003-02-26,20:15:39,-71.8,-32.14,15.3,3.8,md,guc
2003-02-27,01:07:37,-70.38,-34.48,4.8,3.4,md,guc
2003-02-27,01:09:16,-71.52,-32.58,26.9,3.4,md,guc
2003-02-27,05:03:15,-70.35,-34.53,133.9,2.6,md,guc
2003-02-27,07:28:10,-70.5,-33.51,99.0,2.7,md,guc
2003-02-27,08:37:04,-70.74,-35.25,1.5,3.5,md,guc
2003-02-27,10:37:08,-69.76,-33.12,3.6,3.5,md,guc
2003-02-27,18:19:50,-70.77,-33.38,78.9,2.3,md,guc
2003-02-27,20:08:39,-63.68,-22.8,520.5,4.6,mb,us
2003-02-27,22:15:41,-70.24,-30.98,132.0,3.0,md,guc
2003-02-28,00:06:26,-70.09,-29.34,2.5,3.1,ml,guc
2003-02-28,01:40:22,-73.18,-35.33,33.8,5.4,mwc,hrv
2003-02-28,02:51:17,-67.28,-20.95,183.4,4.0,mb,us
2003-02-28,06:32:40,-70.4,-34.69,3.4,2.5,ml,guc
2003-02-28,09:41:48,-73.08,-32.87,21.1,3.4,md,guc
2003-02-28,10:57:53,-69.05,-31.13,116.6,3.8,md,guc
2003-02-28,12:51:58,-69.18,-30.62,61.3,4.8,mb,us
2003-02-28,16:54:01,-70.27,-33.13,3.8,2.1,ml,guc
2003-02-28,20:01:59,-72.24,-34.02,2.1,3.5,md,guc
2003-02-28,21:49:59,-70.06,-34.1,7.0,3.6,md,guc
2003-02-28,22:37:36,-71.08,-30.37,75.6,4.0,md,guc
2003-03-01,00:04:00,-70.38,-34.49,4.6,2.3,ml,guc
2003-03-01,00:42:35,-70.39,-34.49,5.6,2.5,ml,guc
2003-03-01,05:10:30,-72.83,-36.5,32.5,3.4,ml,guc
2003-03-01,07:03:36,-71.7,-32.57,30.6,3.8,ml,guc
2003-03-01,07:17:00,-71.67,-32.56,33.0,3.8,ml,guc
2003-03-01,07:48:56,-71.7,-32.59,27.7,3.2,md,guc
2003-03-01,10:15:54,-73.1,-33.1,25.0,4.2,ml,guc
2003-03-01,16:05:05,-68.72,-33.61,15.0,2.8,ml,guc
2003-03-01,21:57:17,-71.35,-32.48,66.4,2.7,md,guc
2003-03-02,00:17:46,-68.9,-31.53,146.1,3.8,md,guc
2003-03-02,00:33:12,-70.09,-35.82,171.7,3.1,md,guc
2003-03-02,05:25:25,-71.18,-34.78,73.1,3.1,md,guc
2003-03-02,11:54:04,-70.13,-34.0,7.7,0.0,,us
2003-03-02,12:26:59,-68.57,-31.16,149.2,3.4,md,guc
2003-03-02,13:16:45,-70.49,-34.43,12.3,3.2,md,guc
2003-03-02,14:13:28,-72.28,-33.54,15.1,4.2,md,guc
2003-03-02,16:02:26,-72.31,-33.5,15.0,4.2,md,guc
2003-03-02,16:53:33,-70.25,-33.14,6.8,3.4,md,guc
2003-03-02,20:58:58,-70.61,-34.39,104.0,3.3,md,guc
2003-03-02,21:43:53,-70.37,-34.07,10.2,3.4,md,guc
2003-03-02,23:19:14,-69.88,-31.58,134.8,3.0,md,guc
2003-03-03,01:44:14,-71.82,-32.12,33.5,3.6,md,guc
2003-03-03,02:04:52,-70.74,-28.25,64.6,0.0,,us
2003-03-03,02:41:37,-73.89,-43.68,33.0,3.9,mb,us
2003-03-03,03:03:48,-70.95,-32.63,64.3,3.5,md,guc
2003-03-03,06:23:36,-71.71,-29.34,44.6,0.0,,us
2003-03-03,06:52:29,-71.67,-32.56,32.5,4.1,md,guc
2003-03-03,08:46:15,-70.12,-33.19,109.3,2.9,md,guc
2003-03-03,12:52:03,-69.6,-32.03,147.1,3.0,md,guc
2003-03-03,14:11:32,-70.24,-32.95,115.0,2.8,md,guc
2003-03-03,16:33:18,-69.81,-31.92,136.8,3.0,md,guc
2003-03-03,17:00:43,-70.09,-33.08,7.9,3.5,md,guc
2003-03-03,17:13:26,-70.34,-33.17,4.1,3.4,md,guc
2003-03-03,22:10:16,-70.61,-34.52,117.7,2.5,md,guc
2003-03-04,03:31:22,-71.76,-32.21,21.5,3.5,md,guc
2003-03-04,04:38:25,-70.16,-17.73,33.0,0.0,,us
2003-03-04,07:09:27,-71.38,-33.18,47.1,3.6,md,guc
2003-03-04,12:00:44,-70.59,-34.52,108.4,2.9,md,guc
2003-03-04,13:16:20,-71.17,-35.42,107.3,2.7,md,guc
2003-03-04,15:40:57,-66.55,-21.03,267.7,0.0,,us
2003-03-04,18:45:02,-68.12,-21.42,100.0,0.0,,us
2003-03-04,19:33:09,-70.3,-33.26,101.7,2.6,md,guc
2003-03-04,20:02:15,-71.64,-33.6,34.3,3.3,md,guc
2003-03-04,21:00:26,-71.63,-30.82,33.1,3.5,md,guc
2003-03-05,00:16:17,-71.31,-32.55,46.4,3.2,md,guc
2003-03-05,02:52:43,-67.29,-21.13,191.3,3.8,mb,us
2003-03-05,05:37:54,-71.91,-33.56,29.1,3.3,md,guc
2003-03-05,06:35:38,-70.41,-33.04,98.0,2.6,md,guc
2003-03-05,11:03:58,-71.04,-33.0,64.0,2.4,md,guc
2003-03-05,12:29:53,-70.04,-35.25,15.0,3.9,md,guc
2003-03-05,15:22:12,-64.51,-32.2,33.0,4.1,mb,us
2003-03-05,17:17:46,-70.06,-31.91,122.7,3.3,md,guc
2003-03-05,20:54:24,-71.59,-32.01,24.9,3.6,md,guc
2003-03-05,23:20:05,-71.82,-32.65,28.6,3.7,ml,guc
2003-03-06,02:50:39,-72.54,-33.94,31.8,3.6,md,guc
2003-03-06,02:57:54,-72.61,-36.79,37.9,0.0,,us
2003-03-06,03:17:03,-77.35,-11.55,102.0,4.4,mb,us
2003-03-06,06:36:52,-71.04,-29.69,79.9,3.6,md,guc
2003-03-06,07:50:28,-68.83,-31.48,140.0,3.9,md,guc
2003-03-06,08:50:30,-70.24,-32.39,108.0,2.5,md,guc
2003-03-06,09:01:54,-69.93,-33.82,115.9,2.7,md,guc
2003-03-06,09:18:03,-71.69,-29.98,46.5,0.0,,us
2003-03-06,09:58:28,-71.34,-29.78,42.7,3.8,md,guc
2003-03-06,11:13:36,-70.13,-34.03,6.7,3.3,md,guc
2003-03-06,11:39:59,-71.57,-31.54,33.1,3.7,md,guc
2003-03-06,12:55:17,-72.43,-33.63,36.6,3.7,md,guc
2003-03-06,14:49:42,-71.43,-34.02,52.1,3.4,md,guc
2003-03-06,16:58:11,-70.18,-33.12,6.2,3.5,md,guc
2003-03-06,18:19:53,-70.59,-34.46,115.9,2.9,md,guc
2003-03-06,21:50:04,-70.91,-34.8,112.7,3.7,md,guc
2003-03-06,22:37:42,-72.55,-33.55,37.2,3.7,md,guc
2003-03-06,22:42:30,-71.01,-36.3,157.0,3.1,md,guc
2003-03-07,01:11:16,-71.24,-32.9,59.6,3.1,md,guc
2003-03-07,02:21:50,-70.27,-32.25,110.4,2.7,md,guc
2003-03-07,02:57:26,-71.68,-32.41,24.5,3.2,ml,guc
2003-03-07,03:31:46,-71.82,-32.3,50.7,3.8,md,guc
2003-03-07,03:44:21,-71.33,-30.96,64.3,3.7,md,guc
2003-03-07,04:41:49,-71.74,-32.16,25.6,3.4,ml,guc
2003-03-07,04:52:26,-71.79,-32.24,15.0,2.4,ml,guc
2003-03-07,13:02:56,-69.23,-31.5,120.9,3.3,md,guc
2003-03-07,16:31:45,-70.26,-33.15,5.8,2.1,ml,guc
2003-03-07,16:39:54,-71.18,-34.9,86.5,2.7,md,guc
2003-03-07,17:00:36,-71.33,-32.35,52.9,3.4,md,guc
2003-03-07,20:24:15,-70.18,-34.73,1.4,2.8,ml,guc
2003-03-07,21:35:39,-71.75,-31.72,27.2,3.1,ml,guc
2003-03-08,00:15:53,-70.91,-35.33,108.8,2.7,md,guc
2003-03-08,03:40:06,-71.7,-30.91,24.5,2.6,ml,guc
2003-03-08,06:06:34,-71.27,-33.79,60.4,4.3,md,guc
2003-03-08,09:47:11,-71.08,-33.57,65.9,2.8,md,guc
2003-03-08,16:06:58,-69.82,-31.52,150.9,3.0,md,guc
2003-03-08,16:48:54,-71.44,-34.18,46.9,3.1,md,guc
2003-03-08,18:36:59,-68.98,-32.68,1.0,3.3,ml,guc
2003-03-08,21:13:25,-70.32,-34.75,136.5,2.8,md,guc
2003-03-08,23:45:40,-71.78,-32.26,13.9,2.6,ml,guc
2003-03-09,02:21:32,-70.45,-34.46,11.9,3.7,md,guc
2003-03-09,07:49:06,-71.55,-30.43,32.9,3.6,md,guc
2003-03-09,11:04:35,-70.64,-34.25,9.3,3.5,md,guc
2003-03-09,16:38:31,-71.8,-32.11,34.9,4.3,md,guc
2003-03-09,18:03:15,-69.77,-32.4,134.7,3.5,md,guc
2003-03-09,19:19:18,-70.57,-34.3,101.9,3.0,md,guc
2003-03-09,19:26:04,-71.32,-33.36,63.4,2.7,md,guc
2003-03-09,20:01:36,-70.35,-32.86,101.2,2.6,md,guc
2003-03-10,02:57:55,-69.06,-30.77,150.0,3.7,md,guc
2003-03-10,11:20:13,-70.18,-30.92,123.1,3.2,md,guc
2003-03-10,17:01:35,-69.94,-31.79,135.0,3.0,md,guc
2003-03-10,19:36:45,-69.96,-31.74,130.6,3.2,md,guc
2003-03-10,20:47:40,-71.97,-30.84,5.0,4.5,ml,guc
2003-03-10,21:09:04,-71.89,-30.86,1.3,4.1,md,guc
2003-03-10,21:17:40,-70.28,-33.16,5.4,3.2,md,guc
2003-03-10,21:32:52,-71.93,-30.82,2.0,3.3,ml,guc
2003-03-10,21:38:32,-71.93,-30.83,2.0,3.5,ml,guc
2003-03-10,22:14:08,-69.95,-34.43,4.8,3.3,md,guc
2003-03-10,22:23:22,-71.98,-30.82,12.2,3.6,md,guc
2003-03-10,23:02:14,-72.13,-30.87,19.4,4.8,ml,guc
2003-03-10,23:23:51,-68.83,-31.43,148.0,3.2,md,guc
2003-03-11,00:38:15,-71.74,-30.7,74.3,3.1,md,guc
2003-03-11,00:49:34,-67.35,-31.78,155.0,3.7,md,guc
2003-03-11,01:15:12,-71.9,-30.85,2.7,3.9,md,guc
2003-03-11,02:33:36,-71.18,-30.85,51.3,3.5,md,guc
2003-03-11,03:50:12,-71.97,-30.82,13.3,3.7,md,guc
2003-03-11,04:25:59,-72.61,-33.87,30.6,4.0,ml,guc
2003-03-11,05:36:36,-69.91,-31.63,136.8,3.2,md,guc
2003-03-11,06:36:31,-70.12,-35.2,150.0,2.9,md,guc
2003-03-11,07:33:19,-72.08,-30.84,19.7,4.0,ml,guc
2003-03-11,09:59:06,-70.21,-35.3,190.5,2.9,md,guc
2003-03-11,10:54:37,-63.7,-22.84,525.7,4.0,mb,us
2003-03-11,18:06:50,-70.27,-33.15,3.2,3.3,md,guc
2003-03-11,18:25:39,-71.8,-36.09,88.8,3.6,md,guc
2003-03-11,19:15:04,-71.38,-29.66,66.4,0.0,,us
2003-03-11,19:23:01,-70.74,-33.89,85.0,2.5,md,guc
2003-03-12,03:46:08,-72.13,-33.0,15.0,3.5,md,guc
2003-03-12,03:59:10,-71.9,-30.86,1.8,2.6,ml,guc
2003-03-12,08:01:32,-71.97,-30.85,2.0,4.0,md,guc
2003-03-12,09:27:16,-69.62,-21.22,38.3,4.6,mb,us
2003-03-12,10:41:03,-69.49,-31.41,33.0,3.2,ml,guc
2003-03-12,13:14:57,-71.9,-30.84,3.0,3.6,ml,guc
2003-03-12,16:52:21,-71.2,-18.33,29.1,4.4,mb,us
2003-03-12,17:39:34,-71.64,-29.92,37.6,4.4,md,guc
2003-03-12,17:43:47,-70.26,-33.14,4.4,3.5,md,guc
2003-03-12,18:16:28,-74.55,-7.79,141.0,4.6,mb,us
2003-03-12,18:20:44,-71.82,-32.54,19.8,3.3,md,guc
2003-03-13,02:37:19,-69.02,-24.41,94.7,4.8,mb,us
2003-03-13,04:04:43,-71.78,-35.84,103.8,3.7,md,guc
2003-03-13,06:17:45,-71.05,-34.6,86.7,2.8,md,guc
2003-03-13,07:12:54,-71.57,-30.43,38.2,4.1,md,guc
2003-03-13,08:16:46,-70.77,-30.45,79.1,2.9,md,guc
2003-03-13,08:31:40,-70.69,-35.42,128.0,3.1,md,guc
2003-03-13,09:27:39,-72.66,-35.03,23.3,2.7,ml,guc
2003-03-13,09:27:46,-71.4,-29.88,32.8,4.7,ml,guc
2003-03-13,09:35:49,-71.36,-29.92,45.2,0.0,,us
2003-03-13,13:24:34,-70.28,-32.98,103.7,3.4,md,guc
2003-03-13,17:58:54,-70.27,-33.15,5.3,3.3,md,guc
2003-03-13,23:22:23,-67.76,-31.04,10.0,4.1,mb,us
2003-03-14,02:35:14,-66.61,-23.86,184.8,4.4,mb,us
2003-03-14,04:11:08,-73.03,-32.63,27.2,3.2,ml,guc
2003-03-14,04:28:54,-70.44,-33.8,10.7,1.9,ml,guc
2003-03-14,09:38:05,-71.24,-29.55,52.0,0.0,,us
2003-03-14,12:17:50,-71.71,-32.66,30.6,2.6,ml,guc
2003-03-14,14:16:40,-70.18,-32.9,102.2,2.6,md,guc
2003-03-14,19:01:42,-70.25,-33.14,2.6,1.8,ml,guc
2003-03-14,21:49:47,-71.06,-33.4,63.5,2.3,md,guc
2003-03-15,00:33:51,-71.7,-32.55,28.2,2.8,ml,guc
2003-03-15,07:07:47,-69.88,-31.8,147.9,3.2,md,guc
2003-03-15,14:12:07,-71.87,-32.5,26.9,3.0,ml,guc
2003-03-15,15:46:12,-70.68,-34.32,101.4,2.8,md,guc
2003-03-15,17:44:54,-71.71,-32.56,26.4,3.2,ml,guc
2003-03-15,19:38:08,-72.48,-33.76,34.3,3.4,md,guc
2003-03-15,22:07:20,-63.31,-27.08,576.2,0.0,,us
2003-03-15,23:53:35,-70.6,-33.62,25.9,1.5,ml,guc
2003-03-16,04:25:10,-70.59,-33.61,27.3,3.0,md,guc
2003-03-16,09:37:48,-70.6,-33.62,24.4,2.8,md,guc
2003-03-16,17:28:18,-70.6,-33.62,25.2,2.9,md,guc
2003-03-16,18:03:38,-70.6,-33.61,24.7,2.9,md,guc
2003-03-16,18:15:55,-66.67,-24.19,206.0,0.0,,us
2003-03-16,18:23:37,-70.6,-33.61,25.2,3.2,md,guc
2003-03-16,20:16:03,-70.6,-33.61,25.3,3.4,md,guc
2003-03-16,20:31:02,-72.98,-32.76,24.1,3.5,md,guc
2003-03-16,21:53:21,-70.6,-33.6,25.0,3.1,md,guc
2003-03-16,22:29:19,-70.29,-33.14,5.5,3.4,md,guc
2003-03-16,22:51:25,-71.79,-32.67,26.1,3.8,md,guc
2003-03-17,01:07:44,-71.84,-32.32,23.8,4.1,md,guc
2003-03-17,01:13:20,-70.6,-33.61,25.8,3.3,md,guc
2003-03-17,01:18:46,-71.23,-29.73,53.8,3.7,md,guc
2003-03-17,03:07:12,-69.88,-28.62,124.9,3.4,md,guc
2003-03-17,07:26:53,-71.35,-28.96,40.1,4.0,md,guc
2003-03-17,07:50:22,-69.23,-33.99,142.7,2.6,md,guc
2003-03-17,09:10:09,-70.59,-33.62,26.0,2.7,md,guc
2003-03-17,09:21:11,-70.6,-33.62,24.4,2.7,md,guc
2003-03-17,17:15:22,-70.59,-33.62,27.8,2.4,md,guc
2003-03-17,17:53:40,-70.6,-33.61,25.2,2.8,md,guc
2003-03-17,17:56:54,-71.55,-32.7,30.7,3.1,md,guc
2003-03-17,22:05:21,-71.81,-32.65,27.0,3.4,md,guc
2003-03-18,02:22:28,-71.39,-33.19,41.4,3.6,md,guc
2003-03-18,04:29:12,-71.42,-31.02,51.3,3.4,md,unm
2003-03-18,06:23:43,-71.6,-30.86,45.6,3.4,md,guc
2003-03-18,11:50:14,-69.32,-31.71,100.0,3.3,md,guc
2003-03-18,12:43:34,-71.77,-32.71,35.8,3.5,md,guc
2003-03-18,13:10:18,-71.66,-32.13,27.0,3.7,md,guc
2003-03-18,13:37:13,-69.63,-31.84,142.4,3.4,md,guc
2003-03-18,17:50:49,-70.27,-33.13,3.7,3.3,md,guc
2003-03-18,23:49:55,-66.53,-20.47,249.4,0.0,,us
2003-03-19,00:24:58,-70.05,-33.0,105.7,2.5,md,guc
2003-03-19,01:35:26,-72.85,-32.82,18.9,3.3,md,guc
2003-03-19,02:05:40,-70.65,-34.01,93.6,3.1,md,guc
2003-03-19,03:01:30,-68.95,-34.76,5.0,3.6,md,guc
2003-03-19,04:51:49,-70.84,-34.2,79.9,2.3,md,guc
2003-03-19,07:57:33,-68.51,-31.26,115.9,3.9,md,guc
2003-03-19,10:30:26,-72.09,-32.97,36.3,3.9,md,guc
2003-03-19,14:08:42,-71.05,-33.3,69.7,2.3,md,guc
2003-03-19,17:04:14,-69.71,-31.56,150.0,3.3,md,guc
2003-03-19,17:52:01,-70.27,-33.14,1.4,3.6,md,guc
2003-03-19,17:56:15,-69.46,-31.6,33.0,3.3,md,guc
2003-03-19,18:33:13,-70.58,-19.48,33.0,5.1,mwc,hrv
2003-03-19,21:47:33,-70.22,-31.73,6.5,3.4,md,guc
2003-03-19,23:29:06,-70.44,-33.98,12.6,3.2,md,guc
2003-03-20,00:36:04,-72.74,-29.69,45.7,3.8,md,guc
2003-03-20,01:35:28,-79.58,-8.13,54.3,4.8,mb,us
2003-03-20,03:00:02,-70.5,-32.26,104.3,3.7,md,guc
2003-03-20,05:11:27,-70.59,-33.62,26.0,2.6,md,guc
2003-03-20,05:42:53,-70.67,-34.48,120.5,3.3,md,guc
2003-03-20,06:47:08,-70.11,-34.52,131.8,2.5,md,guc
2003-03-20,10:31:18,-72.86,-33.18,26.5,3.4,md,guc
2003-03-20,14:26:25,-72.02,-33.64,31.7,3.1,md,guc
2003-03-20,15:11:05,-71.39,-32.48,19.2,2.9,md,guc
2003-03-20,18:20:57,-70.59,-33.61,22.0,2.8,md,guc
2003-03-20,20:33:57,-70.56,-31.74,15.0,3.6,md,guc
2003-03-20,21:40:21,-70.25,-33.14,5.9,3.2,md,guc
2003-03-20,22:52:41,-70.86,-34.03,74.9,3.0,md,guc
2003-03-20,23:40:39,-71.32,-34.03,57.2,2.4,md,guc
2003-03-21,02:15:28,-68.39,-21.55,102.3,4.8,mb,us
2003-03-21,02:22:39,-70.39,-34.56,122.3,3.2,md,guc
2003-03-21,07:23:20,-70.5,-35.18,5.0,3.3,md,guc
2003-03-21,07:52:15,-73.4,-36.4,35.0,4.4,md,guc
2003-03-21,17:48:48,-70.28,-33.14,3.0,1.8,ml,guc
2003-03-21,18:01:01,-70.29,-33.15,6.2,2.8,ml,guc
2003-03-21,19:34:20,-69.14,-31.24,33.0,3.2,ml,guc
2003-03-21,19:55:16,-71.29,-33.55,60.0,3.1,md,guc
2003-03-21,22:48:14,-70.24,-33.13,3.2,2.1,ml,guc
2003-03-22,01:16:11,-71.38,-35.6,105.5,3.2,md,guc
2003-03-22,02:53:53,-71.48,-32.68,28.8,2.3,ml,guc
2003-03-22,06:04:10,-70.34,-33.1,115.5,2.2,md,guc
2003-03-22,07:00:54,-70.59,-33.62,25.1,1.1,ml,guc
2003-03-22,10:50:54,-69.87,-18.81,138.6,0.0,,us
2003-03-22,11:39:46,-70.27,-32.38,110.7,3.0,md,guc
2003-03-22,12:46:39,-71.43,-31.92,39.6,3.5,md,guc
2003-03-22,13:16:11,-71.05,-32.97,54.9,3.0,md,guc
2003-03-22,15:19:55,-68.76,-31.39,140.0,3.8,md,guc
2003-03-22,19:01:42,-71.61,-32.17,57.8,3.6,md,guc
2003-03-22,21:22:16,-71.83,-34.1,6.5,3.4,md,guc
2003-03-22,22:11:57,-69.45,-31.96,0.0,2.8,ml,guc
2003-03-23,01:05:18,-71.53,-32.7,27.7,3.6,md,guc
2003-03-23,01:15:56,-71.48,-32.69,26.5,3.0,md,guc
2003-03-23,01:36:11,-71.63,-29.83,27.7,3.8,md,guc
2003-03-23,02:50:41,-70.6,-33.6,25.8,3.1,md,guc
2003-03-23,04:46:48,-70.27,-33.77,109.7,2.1,md,guc
2003-03-23,06:30:23,-69.69,-31.69,140.9,3.6,md,guc
2003-03-23,07:07:32,-71.42,-33.79,53.2,3.7,md,guc
2003-03-23,08:08:12,-68.99,-31.2,90.1,3.7,md,guc
2003-03-23,16:48:06,-71.13,-34.19,70.6,2.1,md,guc
2003-03-23,17:47:52,-70.27,-33.14,2.9,3.3,md,guc
2003-03-23,18:43:30,-71.5,-32.05,50.9,4.2,md,guc
2003-03-23,18:49:31,-71.74,-32.73,28.7,3.3,ml,guc
2003-03-23,18:53:37,-71.02,-32.81,63.1,2.6,md,guc
2003-03-23,22:29:47,-71.81,-32.64,30.2,3.6,md,guc
2003-03-24,02:07:18,-69.74,-32.09,144.2,3.1,md,guc
2003-03-24,04:30:09,-69.94,-32.91,102.6,2.6,md,guc
2003-03-24,06:33:46,-70.58,-33.58,83.6,2.8,md,guc
2003-03-24,07:08:03,-71.75,-32.75,8.1,0.0,,us
2003-03-24,07:23:08,-68.35,-29.79,0.0,0.0,,us
2003-03-24,09:33:06,-70.95,-33.28,67.9,2.1,md,guc
2003-03-24,09:35:52,-71.49,-32.79,5.0,4.3,md,guc
2003-03-24,09:39:32,-71.51,-32.72,26.5,3.3,md,guc
2003-03-24,09:45:37,-69.39,-19.73,100.0,3.8,mb,us
2003-03-24,09:46:28,-71.45,-32.68,24.8,2.7,ml,guc
2003-03-24,11:38:35,-71.23,-29.8,43.0,3.1,md,guc
2003-03-24,11:55:54,-72.22,-34.94,30.3,3.2,md,guc
2003-03-24,11:57:53,-71.51,-32.72,20.9,3.1,md,guc
2003-03-24,13:02:23,-71.68,-32.4,29.1,3.0,md,guc
2003-03-24,17:41:08,-70.27,-33.15,3.9,3.1,md,guc
2003-03-24,18:27:56,-71.51,-32.71,23.1,3.0,md,guc
2003-03-24,18:35:17,-70.25,-33.81,107.1,2.1,md,guc
2003-03-24,20:09:07,-70.38,-31.82,119.5,2.7,md,guc
2003-03-24,20:13:20,-69.16,-32.47,183.4,2.5,md,guc
2003-03-24,22:59:48,-70.24,-33.14,1.3,2.7,md,guc
2003-03-25,02:21:31,-70.83,-27.5,75.0,0.0,,us
2003-03-25,02:55:41,-71.03,-27.53,45.2,4.4,md,guc
2003-03-25,05:17:00,-72.08,-32.97,15.0,3.0,md,guc
2003-03-25,05:21:45,-72.05,-33.02,13.8,3.0,md,guc
2003-03-25,08:13:55,-71.06,-33.69,81.7,1.8,md,guc
2003-03-25,08:33:28,-70.94,-32.94,66.7,2.3,md,guc
2003-03-25,10:23:56,-71.26,-30.27,53.3,2.3,md,guc
2003-03-25,15:47:59,-66.7,-23.92,203.5,0.0,,us
2003-03-25,17:52:52,-70.28,-33.14,4.1,3.4,md,guc
2003-03-25,18:53:43,-70.47,-33.3,88.1,2.3,md,guc
2003-03-26,00:10:23,-70.02,-33.59,4.0,3.6,ml,guc
2003-03-26,03:57:29,-71.62,-30.76,24.6,2.9,md,guc
2003-03-26,07:21:48,-71.89,-32.75,12.9,3.1,md,guc
2003-03-26,08:45:20,-70.27,-34.92,3.7,3.4,ml,guc
2003-03-26,09:37:07,-69.74,-32.57,134.6,2.4,md,guc
2003-03-26,13:42:54,-70.02,-31.83,150.0,3.3,md,guc
2003-03-26,20:21:33,-70.11,-32.79,105.7,2.3,md,guc
2003-03-26,21:25:39,-70.29,-33.16,4.9,3.0,md,guc
2003-03-27,03:53:04,-71.69,-32.84,45.6,3.1,md,guc
2003-03-27,04:36:31,-71.7,-32.62,25.1,3.1,md,guc
2003-03-27,05:09:10,-71.61,-29.99,38.7,3.4,md,guc
2003-03-27,05:45:00,-69.22,-31.31,109.5,3.9,md,guc
2003-03-27,06:30:16,-69.43,-31.6,100.0,3.3,md,guc
2003-03-27,07:53:28,-70.71,-34.32,103.2,2.1,md,guc
2003-03-27,08:16:07,-71.21,-32.42,68.7,0.0,,us
2003-03-27,14:00:34,-72.12,-33.9,4.5,3.2,md,guc
2003-03-27,15:16:16,-70.07,-34.15,8.4,2.9,md,guc
2003-03-27,21:55:35,-71.74,-31.63,15.0,3.1,md,guc
2003-03-28,03:50:41,-69.77,-31.46,150.0,2.7,md,guc
2003-03-28,06:29:10,-76.02,-12.68,33.0,4.5,mb,us
2003-03-28,13:43:14,-71.71,-32.13,7.2,2.5,ml,guc
2003-03-28,14:41:02,-68.46,-21.46,110.4,4.6,mb,us
2003-03-28,17:46:42,-70.27,-33.13,3.7,2.7,ml,guc
2003-03-28,18:18:05,-70.95,-32.72,63.0,2.4,md,guc
2003-03-28,22:52:38,-70.28,-33.16,4.8,2.4,ml,guc
2003-03-29,07:09:48,-69.96,-31.88,145.0,3.2,md,guc
2003-03-29,11:17:15,-68.59,-29.65,98.0,4.7,mb,us
2003-03-29,13:50:56,-70.29,-34.89,2.0,3.3,md,guc
2003-03-29,22:10:14,-66.47,-27.99,155.0,4.0,md,guc
2003-03-29,23:10:39,-70.6,-35.16,2.0,3.6,md,guc
2003-03-29,23:53:08,-71.7,-31.56,27.2,3.6,ml,guc
2003-03-30,06:14:47,-70.99,-33.2,73.7,2.8,md,guc
2003-03-30,18:27:45,-70.7,-34.89,113.8,2.8,md,guc
2003-03-30,20:22:53,-68.84,-31.39,120.0,3.1,md,guc
2003-03-31,00:11:32,-71.4,-35.68,112.0,3.6,md,guc
2003-03-31,03:56:59,-71.94,-32.68,11.0,3.2,md,guc
2003-03-31,07:27:02,-70.91,-34.28,78.1,2.4,md,guc
2003-03-31,07:35:33,-63.38,-25.84,598.2,4.8,mb,us
2003-03-31,14:17:43,-66.82,-24.45,144.7,3.9,mb,us
2003-03-31,17:55:09,-70.27,-33.14,2.6,3.5,md,guc
2003-03-31,20:40:36,-72.14,-39.55,70.0,0.0,,us
2003-03-31,22:02:49,-70.52,-34.32,117.4,2.8,md,guc
2003-03-31,22:08:22,-74.88,-10.45,33.0,4.8,mb,us
2003-04-01,01:24:50,-70.33,-33.89,109.6,2.6,md,guc
2003-04-01,02:31:12,-72.24,-34.7,23.2,3.6,md,guc
2003-04-01,03:35:20,-70.9,-33.12,68.1,2.3,md,guc
2003-04-01,10:38:32,-70.52,-34.54,120.4,3.2,md,guc
2003-04-01,11:24:22,-71.72,-32.48,29.0,3.5,md,guc
2003-04-01,12:27:06,-70.78,-31.92,77.2,3.5,md,guc
2003-04-01,14:12:40,-71.95,-33.62,12.9,3.4,md,guc
2003-04-01,15:47:53,-73.04,-32.91,13.7,3.7,md,guc
2003-04-01,16:35:50,-71.49,-29.89,43.4,3.5,md,guc
2003-04-01,20:41:59,-72.58,-36.81,70.0,3.6,md,guc
2003-04-01,20:49:56,-71.34,-32.95,49.8,2.9,md,guc
2003-04-02,00:57:27,-109.39,-14.64,10.0,5.0,mb,us
2003-04-02,08:15:01,-71.34,-28.7,36.1,4.2,md,guc
2003-04-02,10:46:59,-71.32,-36.28,122.1,3.2,md,guc
2003-04-02,12:26:40,-71.74,-32.75,29.5,3.2,md,guc
2003-04-02,17:56:48,-70.27,-33.12,4.2,3.6,md,guc
2003-04-02,19:57:49,-70.17,-34.31,4.1,3.0,md,guc
2003-04-02,22:51:57,-71.32,-35.39,93.1,2.6,md,guc
2003-04-03,08:33:20,-71.77,-32.77,32.5,3.6,md,guc
2003-04-03,13:27:29,-71.87,-33.33,23.5,4.0,md,guc
2003-04-03,15:01:48,-71.92,-33.76,11.0,3.4,md,guc
2003-04-03,18:38:39,-70.26,-33.13,5.6,3.5,md,guc
2003-04-04,04:33:17,-73.1,-39.96,33.0,0.0,,us
2003-04-04,05:49:35,-71.49,-32.66,28.5,2.3,ml,guc
2003-04-04,07:50:40,-69.23,-17.42,180.0,4.1,mb,us
2003-04-04,08:43:50,-70.64,-36.22,200.4,2.9,md,guc
2003-04-04,09:22:18,-71.56,-31.61,31.3,3.4,md,guc
2003-04-04,10:46:53,-86.14,-41.38,10.0,5.5,mwc,hrv
2003-04-04,11:09:58,-70.31,-34.34,11.4,2.5,ml,guc
2003-04-04,12:13:34,-68.04,-31.67,116.1,3.6,md,guc
2003-04-04,12:20:51,-70.21,-34.36,6.0,2.7,ml,guc
2003-04-04,13:45:57,-71.67,-32.04,3.8,2.9,ml,guc
2003-04-04,14:14:49,-67.44,-28.17,133.7,0.0,,us
2003-04-04,15:42:54,-71.1,-35.04,98.7,2.1,md,guc
2003-04-04,17:51:44,-70.28,-33.14,3.0,2.0,ml,guc
2003-04-04,18:18:03,-70.1,-34.38,2.5,2.4,ml,guc
2003-04-04,18:57:20,-71.42,-31.92,37.6,3.2,md,guc
2003-04-04,19:37:47,-70.13,-34.4,2.5,2.7,md,guc
2003-04-04,20:57:08,-69.24,-31.61,33.0,3.2,ml,guc
2003-04-04,23:09:41,-70.43,-31.7,121.1,2.8,md,guc
2003-04-04,23:46:47,-70.2,-34.32,5.0,2.8,ml,guc
2003-04-05,02:04:35,-70.19,-34.34,7.0,3.2,ml,guc
2003-04-05,02:15:14,-70.22,-34.37,10.8,2.5,ml,guc
2003-04-05,02:23:02,-70.21,-34.34,10.0,3.3,md,guc
2003-04-05,02:49:51,-70.2,-34.3,0.0,2.7,md,guc
2003-04-05,03:08:28,-70.2,-34.36,6.7,3.0,ml,guc
2003-04-05,03:27:40,-70.09,-34.36,0.3,2.7,md,guc
2003-04-05,04:10:53,-70.15,-34.39,3.2,2.6,md,guc
2003-04-05,04:37:29,-70.15,-34.35,2.4,2.6,md,guc
2003-04-05,06:02:09,-70.21,-34.29,0.0,2.5,ml,guc
2003-04-05,07:48:41,-70.18,-34.37,5.0,2.7,md,guc
2003-04-05,08:04:32,-70.3,-34.33,9.1,3.0,ml,guc
2003-04-05,10:27:35,-70.2,-33.46,110.4,3.1,md,guc
2003-04-05,10:34:35,-72.04,-34.27,39.3,3.3,md,guc
2003-04-05,10:53:50,-70.24,-34.36,7.1,2.7,ml,guc
2003-04-05,11:00:25,-70.17,-34.38,5.2,2.7,ml,guc
2003-04-05,11:07:10,-70.09,-34.4,2.7,2.7,md,guc
2003-04-05,14:43:14,-70.09,-34.39,2.6,2.8,md,guc
2003-04-05,17:43:33,-70.14,-34.38,4.0,2.5,ml,guc
2003-04-05,17:48:04,-73.11,-32.68,22.5,3.3,ml,guc
2003-04-05,18:21:21,-70.56,-34.42,115.0,2.2,md,guc
2003-04-05,18:47:51,-70.22,-34.35,6.5,3.7,ml,guc
2003-04-05,19:52:47,-70.24,-34.47,11.0,2.5,md,guc
2003-04-05,20:42:52,-70.26,-33.15,4.0,3.2,md,guc
2003-04-05,21:30:00,-70.2,-34.36,10.9,3.4,md,guc
2003-04-05,23:55:39,-72.9,-32.8,32.9,3.5,md,guc
2003-04-06,00:17:33,-70.2,-34.33,9.8,3.1,md,guc
2003-04-06,01:09:05,-68.76,-23.39,95.9,5.4,mwc,hrv
2003-04-06,02:01:23,-68.46,-31.22,100.0,3.4,md,guc
2003-04-06,02:52:10,-71.76,-32.68,15.0,2.7,ml,guc
2003-04-06,04:03:16,-71.15,-29.75,63.9,0.0,,us
2003-04-06,04:38:46,-71.83,-35.08,44.1,3.4,md,guc
2003-04-06,07:14:12,-71.71,-32.7,15.0,2.5,ml,guc
2003-04-06,09:07:59,-71.67,-32.69,25.3,3.0,ml,guc
2003-04-06,11:13:59,-70.23,-34.34,5.9,3.5,ml,guc
2003-04-06,11:56:21,-70.78,-33.96,85.5,2.4,md,guc
2003-04-06,13:07:58,-70.27,-34.32,11.7,3.1,md,guc
2003-04-06,17:59:22,-70.26,-33.15,1.2,2.0,ml,guc
2003-04-06,18:51:28,-69.65,-27.22,91.0,4.0,md,guc
2003-04-06,22:44:25,-70.18,-34.37,5.2,2.6,ml,guc
2003-04-06,23:46:43,-70.88,-34.98,110.3,2.8,md,guc
2003-04-07,04:48:18,-70.34,-35.8,5.0,4.0,md,guc
2003-04-07,06:47:32,-72.62,-29.63,32.9,3.4,ml,guc
2003-04-07,08:02:43,-69.4,-29.39,110.0,0.0,,us
2003-04-07,08:47:38,-71.64,-32.7,14.1,2.4,ml,guc
2003-04-07,09:14:06,-69.78,-32.61,134.9,0.0,,us
2003-04-07,10:21:10,-71.76,-32.26,18.5,3.5,ml,guc
2003-04-07,11:10:48,-70.22,-34.37,6.7,3.4,md,guc
2003-04-07,13:27:30,-70.16,-34.42,11.1,3.3,md,guc
2003-04-07,13:38:31,-70.16,-34.34,0.0,2.6,md,guc
2003-04-07,18:07:52,-69.62,-31.71,151.4,2.8,md,guc
2003-04-07,19:24:50,-70.0,-32.43,123.1,3.2,md,guc
2003-04-07,23:24:26,-71.46,-32.94,54.0,2.8,md,guc
2003-04-08,01:36:55,-70.12,-20.18,33.0,4.4,mb,us
2003-04-08,05:36:13,-70.8,-33.3,75.2,1.8,md,guc
2003-04-08,05:43:07,-69.27,-27.87,124.3,3.5,md,guc
2003-04-08,08:58:06,-71.66,-31.29,8.0,3.3,md,guc
2003-04-08,11:02:28,-71.73,-32.64,12.2,3.0,md,guc
2003-04-08,13:05:47,-70.21,-34.37,6.0,2.9,md,guc
2003-04-08,15:38:03,-68.53,-19.62,124.5,0.0,,us
2003-04-08,15:43:30,-68.24,-21.1,103.9,4.9,mb,us
2003-04-08,18:49:48,-71.13,-33.91,69.6,1.5,md,guc
2003-04-08,20:37:57,-70.67,-31.71,4.5,3.2,md,guc
2003-04-09,01:09:58,-70.34,-32.92,103.1,2.7,md,guc
2003-04-09,02:49:25,-71.82,-32.34,46.3,3.2,md,guc
2003-04-09,03:07:36,-70.51,-33.96,14.3,3.0,md,guc
2003-04-09,03:11:45,-69.37,-30.27,1.1,4.1,ml,guc
2003-04-09,05:32:13,-71.94,-33.78,41.1,3.7,md,guc
2003-04-09,05:49:03,-71.44,-33.17,47.8,3.2,md,guc
2003-04-09,08:47:19,-70.0,-30.78,131.2,3.2,md,guc
2003-04-09,12:24:12,-71.3,-33.67,50.1,3.4,md,guc
2003-04-09,16:13:17,-70.68,-26.62,42.2,4.6,mb,us
2003-04-09,20:09:56,-70.25,-33.14,3.5,3.2,md,guc
2003-04-09,21:48:23,-70.46,-31.37,123.8,3.0,md,guc
2003-04-10,01:33:40,-68.57,-20.96,113.8,5.0,mb,us
2003-04-10,02:19:07,-69.34,-21.54,75.0,0.0,,us
2003-04-10,04:22:12,-71.09,-29.84,58.4,3.4,md,guc
2003-04-10,06:38:57,-71.8,-29.81,8.1,2.4,ml,guc
2003-04-10,13:38:26,-70.5,-32.23,8.7,3.2,md,guc
2003-04-10,15:18:37,-70.61,-34.26,9.0,3.0,ml,guc
2003-04-10,16:34:23,-71.25,-34.53,59.3,3.4,md,guc
2003-04-10,19:53:22,-69.36,-28.82,144.8,0.0,,us
2003-04-10,20:34:00,-70.24,-30.08,116.9,3.8,md,guc
2003-04-10,21:12:07,-68.84,-33.11,11.4,3.3,md,guc
2003-04-11,01:30:25,-72.29,-29.59,11.2,4.1,ml,guc
2003-04-11,02:08:40,-70.44,-33.37,101.9,2.5,md,guc
2003-04-11,02:30:14,-70.14,-34.36,4.8,2.9,ml,guc
2003-04-11,03:44:26,-70.12,-34.37,3.0,2.6,ml,guc
2003-04-11,05:26:11,-71.88,-32.06,11.5,3.5,ml,guc
2003-04-11,07:36:26,-70.42,-31.59,134.8,2.5,md,guc
2003-04-11,07:46:24,-70.85,-28.3,15.0,3.4,ml,guc
2003-04-11,14:18:24,-70.61,-34.25,9.8,2.7,md,guc
2003-04-11,17:18:13,-71.73,-32.63,27.1,3.1,md,guc
2003-04-11,17:52:05,-70.62,-34.26,7.5,3.5,md,guc
2003-04-12,02:48:11,-70.63,-34.27,7.0,2.6,ml,guc
2003-04-12,02:59:24,-70.62,-34.26,8.9,1.9,ml,guc
2003-04-12,04:11:08,-70.59,-31.86,103.8,3.2,md,guc
2003-04-12,08:56:12,-115.34,-24.2,10.0,4.4,mb,us
2003-04-12,15:35:02,-68.81,-31.33,150.0,3.4,md,guc
2003-04-12,17:44:14,-70.26,-33.14,4.1,1.8,ml,guc
2003-04-12,21:08:20,-70.56,-31.7,3.0,2.3,ml,guc
2003-04-12,21:48:48,-66.76,-27.88,170.0,0.0,,us
2003-04-12,22:03:44,-72.19,-32.96,34.5,3.4,md,guc
2003-04-12,23:52:37,-71.31,-31.05,63.9,3.5,md,guc
2003-04-13,13:37:57,-69.38,-31.49,130.0,3.7,md,guc
2003-04-13,16:56:08,-72.39,-34.69,15.2,3.4,md,guc
2003-04-13,17:55:37,-72.4,-34.14,34.0,3.5,md,guc
2003-04-13,20:28:57,-70.52,-31.7,0.6,2.1,ml,guc
2003-04-14,01:45:24,-69.61,-32.51,5.0,3.5,md,guc
2003-04-14,07:10:19,-71.46,-32.67,24.6,3.2,md,guc
2003-04-14,09:00:16,-72.34,-33.33,38.9,3.9,md,guc
2003-04-14,12:28:59,-70.61,-34.26,9.6,3.7,md,guc
2003-04-14,13:28:44,-71.72,-32.3,13.1,3.5,md,guc
2003-04-14,14:42:31,-72.58,-35.34,33.0,5.3,mwc,hrv
2003-04-14,14:58:49,-72.71,-35.32,25.0,4.2,ml,guc
2003-04-14,16:27:44,-71.09,-32.57,15.0,3.0,md,guc
2003-04-14,18:09:50,-70.34,-33.21,4.0,3.3,md,guc
2003-04-14,20:31:15,-70.46,-31.7,14.6,3.3,md,guc
2003-04-14,21:06:26,-70.45,-34.55,126.2,3.1,md,guc
2003-04-14,21:17:37,-72.3,-33.68,3.6,3.6,md,guc
2003-04-14,21:51:26,-72.63,-35.38,7.7,3.7,md,guc
2003-04-14,22:55:11,-72.0,-33.64,27.9,3.3,md,guc
2003-04-15,07:17:54,-67.53,-31.63,140.0,3.5,md,guc
2003-04-15,08:19:16,-70.59,-34.26,10.4,3.5,md,guc
2003-04-15,08:57:12,-70.08,-33.48,115.7,2.8,md,guc
2003-04-15,09:44:51,-67.84,-32.12,128.8,4.5,mb,us
2003-04-15,13:12:05,-71.63,-36.94,9.3,3.8,ml,guc
2003-04-15,18:36:49,-71.69,-32.48,28.2,3.3,md,guc
2003-04-15,23:35:00,-70.01,-32.0,133.7,3.7,md,guc
2003-04-16,07:09:22,-71.62,-32.9,58.4,2.7,md,guc
2003-04-16,08:00:36,-70.67,-30.91,82.2,3.3,md,guc
2003-04-16,08:06:17,-71.75,-32.47,15.1,3.6,md,guc
2003-04-16,16:00:45,-70.22,-29.05,112.6,0.0,,us
2003-04-16,16:27:59,-72.56,-34.82,27.8,0.0,,us
2003-04-16,20:52:25,-70.54,-31.69,12.9,3.7,md,guc
2003-04-17,00:13:47,-68.75,-31.24,140.0,3.6,md,guc
2003-04-17,01:34:35,-70.1,-32.68,113.1,4.0,md,guc
2003-04-17,02:12:12,-72.55,-34.83,15.0,0.0,,us
2003-04-17,02:59:21,-69.53,-31.58,158.4,3.5,md,guc
2003-04-17,03:30:13,-71.11,-32.38,67.2,3.7,md,guc
2003-04-17,05:27:34,-71.76,-32.76,37.2,2.9,md,guc
2003-04-17,09:34:22,-111.24,-35.0,10.0,4.7,mb,us
2003-04-17,11:33:39,-71.16,-32.26,62.8,3.0,md,guc
2003-04-17,15:09:52,-70.96,-33.2,70.0,2.7,md,guc
2003-04-17,18:37:09,-70.27,-33.14,5.3,3.4,md,guc
2003-04-17,19:17:39,-70.27,-33.72,123.6,2.8,md,guc
2003-04-18,06:09:32,-71.28,-32.46,46.3,3.7,md,guc
2003-04-18,07:42:18,-69.35,-32.1,150.0,3.1,md,guc
2003-04-18,07:44:22,-70.21,-33.67,119.9,2.8,md,guc
2003-04-18,11:02:51,-69.88,-34.35,2.6,1.7,ml,guc
2003-04-18,11:23:25,-71.32,-30.86,51.3,0.0,,us
2003-04-18,12:47:41,-80.87,-6.5,33.0,4.2,mb,us
2003-04-18,19:02:51,-67.28,-22.35,177.5,4.3,mb,us
2003-04-18,19:44:52,-69.48,-18.06,138.4,0.0,,us
2003-04-19,00:12:54,-70.34,-34.07,6.7,2.8,ml,guc
2003-04-19,01:05:20,-71.17,-29.76,68.2,4.2,mb,us
2003-04-19,01:20:58,-71.2,-29.75,57.7,0.0,,us
2003-04-19,03:26:41,-70.15,-34.02,9.0,2.4,ml,guc
2003-04-19,05:09:19,-70.16,-31.94,133.9,3.0,md,guc
2003-04-19,05:57:06,-71.63,-30.75,18.2,3.6,ml,guc
2003-04-19,08:52:24,-72.02,-29.65,44.6,0.0,,us
2003-04-19,11:43:51,-113.16,-26.99,10.0,5.4,mwc,hrv
2003-04-19,16:21:57,-71.35,-29.61,71.5,3.9,md,guc
2003-04-19,20:02:18,-71.54,-35.62,95.0,3.2,md,guc
2003-04-19,21:05:34,-70.08,-32.29,119.2,3.5,md,guc
2003-04-19,23:00:45,-71.69,-32.68,25.5,2.7,ml,guc
2003-04-20,04:19:00,-71.82,-32.67,22.8,2.4,ml,guc
2003-04-20,05:47:31,-70.36,-31.51,117.2,3.1,md,guc
2003-04-20,07:22:14,-71.62,-32.69,28.1,2.7,md,guc
2003-04-20,10:30:22,-67.44,-32.05,150.0,3.6,md,guc
2003-04-20,12:58:18,-69.51,-29.55,127.7,0.0,,us
2003-04-20,15:24:33,-68.56,-32.1,150.0,3.7,md,guc
2003-04-20,16:09:56,-70.8,-34.09,84.3,2.4,md,guc
2003-04-20,17:56:01,-71.19,-30.22,57.5,3.0,md,guc
2003-04-20,18:56:02,-70.09,-34.23,5.7,2.0,ml,guc
2003-04-20,21:46:24,-70.63,-33.93,94.0,2.6,md,guc
2003-04-20,22:28:05,-71.09,-32.65,2.2,1.8,ml,guc
2003-04-21,02:34:56,-71.34,-32.11,37.0,3.2,md,guc
2003-04-21,03:39:02,-71.72,-27.5,84.6,3.6,md,guc
2003-04-21,04:59:03,-70.46,-31.76,123.3,3.1,md,guc
2003-04-21,08:21:09,-71.08,-33.61,66.1,2.0,md,guc
2003-04-21,08:34:00,-71.34,-30.8,41.4,3.6,md,guc
2003-04-21,11:17:09,-71.46,-30.25,6.0,3.7,ml,guc
2003-04-21,15:57:50,-71.56,-30.86,44.5,3.0,md,guc
2003-04-21,17:58:28,-70.28,-33.14,3.6,3.4,md,guc
2003-04-21,18:21:13,-71.24,-30.27,50.2,3.3,md,guc
2003-04-21,18:56:19,-72.2,-33.86,32.4,3.5,md,guc
2003-04-22,09:17:50,-71.56,-30.43,31.5,2.8,md,guc
2003-04-22,11:31:45,-69.65,-28.9,115.3,0.0,,us
2003-04-22,17:51:47,-70.28,-33.15,2.6,3.0,md,guc
2003-04-22,19:52:03,-70.33,-34.07,6.9,3.6,md,guc
2003-04-23,05:42:06,-70.15,-21.37,55.9,5.1,mwc,hrv
2003-04-23,06:12:01,-70.2,-34.53,3.3,3.8,md,guc
2003-04-23,06:58:09,-69.88,-31.57,125.0,4.0,md,guc
2003-04-23,08:20:42,-71.48,-32.97,38.5,3.2,md,guc
2003-04-23,14:55:16,-70.5,-34.68,123.3,3.5,md,guc
2003-04-23,16:18:46,-70.16,-33.87,4.9,3.0,md,guc
2003-04-23,19:37:55,-71.76,-31.58,32.2,4.1,md,guc
2003-04-23,20:31:14,-70.24,-33.14,8.6,3.6,md,guc
2003-04-23,21:53:55,-66.39,-22.88,200.0,4.3,mb,us
2003-04-24,00:36:01,-113.99,-26.77,10.0,4.6,mb,us
2003-04-24,03:06:29,-70.11,-33.97,5.4,3.3,md,guc
2003-04-24,04:20:00,-71.0,-33.26,73.3,2.4,md,guc
2003-04-24,04:43:45,-71.81,-32.38,12.8,3.9,md,guc
2003-04-24,05:19:08,-70.1,-33.97,7.6,3.1,md,guc
2003-04-24,08:22:20,-70.42,-24.02,50.8,5.1,mwc,hrv
2003-04-24,11:52:11,-69.88,-32.38,132.8,3.7,md,guc
2003-04-24,12:49:29,-70.36,-33.39,98.9,2.9,md,guc
2003-04-24,15:35:41,-69.16,-31.19,100.0,3.6,md,guc
2003-04-24,17:08:13,-71.94,-31.84,25.1,3.5,ml,guc
2003-04-24,20:42:55,-71.91,-31.84,6.5,3.6,md,guc
2003-04-24,20:54:30,-70.24,-33.15,3.2,1.8,ml,guc
2003-04-24,22:53:36,-72.48,-33.01,31.3,3.4,ml,guc
2003-04-25,00:12:40,-71.59,-35.45,93.8,2.7,md,guc
2003-04-25,04:26:18,-71.69,-32.58,27.7,2.1,ml,guc
2003-04-25,06:34:32,-72.32,-34.72,20.9,3.2,ml,guc
2003-04-25,09:59:37,-70.31,-33.78,108.2,0.0,,us
2003-04-25,11:52:59,-70.28,-30.88,141.3,3.9,md,guc
2003-04-25,13:53:24,-69.67,-31.65,138.4,3.1,md,guc
2003-04-25,23:19:40,-69.76,-33.57,125.5,2.5,md,guc
2003-04-26,00:14:36,-70.16,-34.34,4.4,2.3,ml,guc
2003-04-26,00:27:55,-75.51,-15.63,33.0,4.4,mb,us
2003-04-26,02:00:42,-70.32,-34.41,10.3,3.1,md,guc
2003-04-26,02:05:26,-77.28,-5.55,33.0,4.4,mb,us
2003-04-26,07:52:29,-71.17,-29.17,79.8,4.4,md,guc
2003-04-26,08:09:47,-71.67,-30.73,29.1,3.4,ml,guc
2003-04-26,10:58:59,-69.19,-30.56,135.0,3.2,md,guc
2003-04-26,12:33:19,-71.46,-31.55,38.2,0.0,,us
2003-04-26,14:25:24,-58.84,-59.9,10.0,0.0,,us
2003-04-26,16:10:36,-70.07,-33.96,2.9,2.6,ml,guc
2003-04-26,17:10:39,-67.64,-28.36,140.0,4.2,md,guc
2003-04-26,17:56:06,-70.26,-33.15,6.8,2.5,ml,guc
2003-04-26,18:03:45,-70.28,-33.15,6.4,2.7,ml,guc
2003-04-26,18:19:16,-69.01,-31.42,138.0,3.4,md,guc
2003-04-26,18:47:40,-71.52,-32.68,29.2,2.6,ml,guc
2003-04-26,19:13:14,-71.05,-33.01,56.6,2.3,md,guc
2003-04-26,21:02:25,-71.58,-31.77,38.9,3.5,md,guc
2003-04-26,21:22:24,-70.89,-33.67,79.1,2.8,md,guc
2003-04-27,01:28:49,-72.26,-33.78,0.0,2.9,md,guc
2003-04-27,07:23:56,-69.79,-19.39,113.4,0.0,,us
2003-04-27,11:18:03,-68.87,-33.62,5.0,1.8,ml,guc
2003-04-27,14:36:47,-71.63,-30.69,30.4,2.4,ml,guc
2003-04-27,16:44:13,-71.09,-32.65,2.0,3.3,md,guc
2003-04-27,19:34:23,-68.82,-28.1,97.5,0.0,,us
2003-04-27,22:57:45,-71.59,-8.2,559.9,6.0,mwb,us
2003-04-28,01:08:18,-70.6,-34.24,103.7,3.0,md,guc
2003-04-28,01:59:25,-70.61,-34.27,11.4,1.6,ml,guc
2003-04-28,03:19:04,-71.6,-30.67,32.4,2.9,ml,guc
2003-04-28,06:49:48,-71.29,-31.02,63.0,2.5,md,guc
2003-04-28,09:59:16,-71.39,-31.64,49.2,3.5,md,guc
2003-04-28,11:03:30,-71.59,-32.42,48.5,4.2,md,guc
2003-04-28,13:25:30,-72.06,-33.77,13.6,3.3,ml,guc
2003-04-28,14:47:17,-72.02,-33.75,9.5,3.1,ml,guc
2003-04-28,14:53:50,-72.04,-33.77,7.9,3.3,ml,guc
2003-04-28,15:03:45,-72.0,-33.75,10.5,2.4,ml,guc
2003-04-28,15:49:18,-70.5,-28.41,77.5,0.0,,us
2003-04-28,17:24:13,-72.27,-34.14,38.1,3.3,md,guc
2003-04-28,17:27:45,-71.5,-35.44,102.4,2.8,md,guc
2003-04-28,17:53:48,-69.94,-31.64,133.7,2.6,md,guc
2003-04-28,22:51:37,-71.18,-28.98,43.3,3.8,md,guc
2003-04-29,04:04:06,-71.73,-32.13,15.0,2.4,ml,guc
2003-04-29,08:53:14,-72.0,-33.74,10.6,3.2,md,guc
2003-04-29,09:04:18,-72.03,-33.75,10.3,2.7,ml,guc
2003-04-29,09:52:43,-71.35,-29.58,67.8,3.6,md,guc
2003-04-29,10:08:48,-71.81,-31.61,14.2,2.6,ml,guc
2003-04-29,14:35:38,-88.83,-41.36,10.0,4.4,mb,us
2003-04-29,14:52:30,-71.58,-35.0,55.6,3.1,md,guc
2003-04-29,21:24:08,-71.4,-35.62,104.7,2.5,md,guc
2003-04-29,22:13:55,-70.45,-34.48,102.8,2.1,md,guc
2003-04-30,00:34:36,-71.96,-33.75,15.0,3.0,md,guc
2003-04-30,07:30:32,-71.55,-29.8,75.0,3.7,md,guc
2003-04-30,07:36:13,-73.11,-37.15,33.1,4.0,md,guc
2003-04-30,11:43:18,-70.15,-34.52,5.5,3.4,md,guc
2003-04-30,11:48:21,-70.22,-34.52,3.1,3.3,md,guc
2003-04-30,13:39:52,-69.37,-31.6,100.0,3.2,md,guc
2003-04-30,17:56:09,-70.27,-33.13,4.3,3.2,ml,guc
2003-04-30,20:01:27,-71.5,-32.42,18.3,2.8,md,guc
2003-04-30,20:49:30,-70.22,-33.15,3.3,1.8,ml,guc
2003-04-30,23:07:04,-70.86,-32.57,94.3,2.8,md,guc
2003-05-01,01:31:12,-70.22,-31.78,134.1,3.0,md,guc
2003-05-01,03:08:23,-71.84,-33.47,35.6,3.2,md,guc
2003-05-01,05:38:21,-68.82,-34.72,5.0,4.0,md,guc
2003-05-01,06:50:27,-68.41,-26.15,112.3,0.0,,us
2003-05-01,09:33:15,-68.5,-31.15,140.0,3.1,md,guc
2003-05-01,09:45:42,-71.4,-32.54,32.5,3.2,md,guc
2003-05-01,12:48:19,-72.24,-33.5,2.5,3.4,md,guc
2003-05-01,20:15:43,-70.32,-34.69,139.0,3.6,md,guc
2003-05-01,21:44:19,-70.2,-33.69,108.9,2.7,md,guc
2003-05-01,22:35:46,-70.47,-30.48,89.9,3.1,md,guc
2003-05-02,05:13:08,-71.33,-36.29,143.1,3.8,md,guc
2003-05-02,06:05:37,-71.6,-32.91,21.0,2.9,ml,guc
2003-05-02,13:35:45,-68.77,-31.34,130.0,2.8,md,guc
2003-05-02,20:21:02,-70.6,-31.73,12.1,2.6,ml,guc
2003-05-02,21:41:00,-70.54,-31.43,112.5,3.8,md,guc
2003-05-03,01:52:29,-71.7,-32.16,11.2,4.2,ml,guc
2003-05-03,05:01:47,-71.46,-34.01,47.0,3.1,md,guc
2003-05-03,08:00:17,-70.02,-31.74,130.2,3.7,md,guc
2003-05-03,08:51:27,-72.31,-33.49,2.1,2.3,ml,guc
2003-05-03,09:28:45,-71.38,-28.73,9.5,3.5,ml,guc
2003-05-03,14:15:27,-68.79,-31.45,150.0,4.0,md,guc
2003-05-03,14:52:44,-70.96,-32.82,61.3,2.7,md,guc
2003-05-03,18:57:39,-72.68,-35.35,22.2,3.0,ml,guc
2003-05-03,22:14:36,-69.96,-30.35,149.0,3.4,md,guc
2003-05-03,23:48:54,-69.39,-31.55,121.8,4.1,mb,us
2003-05-04,01:11:46,-70.6,-34.26,11.8,1.8,ml,guc
2003-05-04,06:59:57,-71.4,-28.8,30.7,3.7,ml,guc
2003-05-04,09:09:56,-73.43,-17.2,37.9,4.1,mb,us
2003-05-04,10:21:35,-71.44,-29.67,53.0,4.3,md,guc
2003-05-04,15:49:19,-71.7,-32.06,48.8,4.0,md,guc
2003-05-04,16:03:47,-71.47,-32.69,27.0,2.3,ml,guc
2003-05-04,16:22:21,-68.91,-31.52,105.7,4.0,mb,us
2003-05-04,18:26:55,-71.25,-32.58,46.4,3.2,md,guc
2003-05-04,20:40:42,-71.37,-15.52,33.0,0.0,,us
2003-05-04,21:29:58,-70.72,-33.25,77.6,2.9,md,guc
2003-05-05,00:20:24,-71.3,-30.72,49.1,3.6,md,guc
2003-05-05,02:45:29,-66.57,-27.88,165.7,4.0,md,guc
2003-05-05,08:24:31,-70.79,-14.52,171.0,5.2,mwc,hrv
2003-05-05,09:18:46,-70.12,-32.13,127.4,3.3,md,guc
2003-05-05,11:06:34,-70.28,-19.3,30.4,4.3,mb,us
2003-05-05,16:05:31,-72.25,-33.49,2.6,3.5,md,guc
2003-05-05,16:30:43,-72.25,-33.47,6.0,3.7,md,guc
2003-05-05,17:43:27,-70.28,-33.14,4.7,2.1,ml,guc
2003-05-05,20:18:41,-70.58,-31.74,11.7,2.5,ml,guc
2003-05-05,22:19:21,-71.53,-32.43,62.4,4.2,md,guc
2003-05-05,23:01:36,-69.3,-32.98,3.4,2.9,ml,guc
2003-05-06,03:03:17,-70.22,-33.54,115.7,3.9,md,guc
2003-05-06,06:41:11,-71.16,-31.98,79.9,2.7,md,guc
2003-05-06,06:48:27,-68.32,-31.16,99.8,3.5,md,guc
2003-05-06,09:13:08,-71.15,-35.23,93.4,2.9,md,guc
2003-05-06,16:49:41,-72.17,-33.9,6.2,3.1,md,guc
2003-05-06,21:05:32,-71.26,-32.97,59.0,2.1,md,guc
2003-05-06,23:06:21,-71.09,-32.45,55.2,2.3,md,guc
2003-05-06,23:28:33,-70.26,-33.15,4.4,2.1,ml,guc
2003-05-06,23:54:11,-69.17,-20.81,121.9,3.7,mb,us
2003-05-07,00:29:51,-66.51,-23.07,187.9,0.0,,us
2003-05-07,00:32:29,-69.02,-31.53,33.0,3.3,ml,guc
2003-05-07,01:14:35,-71.39,-31.54,75.7,3.0,md,guc
2003-05-07,04:50:54,-70.21,-33.58,100.1,2.4,md,guc
2003-05-07,06:38:55,-70.93,-32.17,75.0,3.3,md,guc
2003-05-07,07:07:44,-70.03,-34.2,5.8,3.0,md,guc
2003-05-07,11:46:18,-71.27,-30.84,56.5,0.0,,us
2003-05-07,13:23:01,-72.6,-30.31,20.0,3.2,ml,guc
2003-05-07,14:46:47,-70.23,-33.13,1.9,3.0,md,guc
2003-05-07,17:12:46,-70.11,-33.85,1.3,3.0,md,guc
2003-05-07,17:50:18,-70.27,-33.14,6.1,3.6,md,guc
2003-05-07,20:16:36,-70.3,-31.78,127.0,3.2,md,guc
2003-05-07,22:38:57,-71.22,-30.21,67.1,0.0,,us
2003-05-08,00:50:02,-71.69,-31.6,11.2,3.4,ml,guc
2003-05-08,02:38:08,-71.64,-31.73,33.3,3.1,md,guc
2003-05-08,03:58:32,-71.33,-40.32,134.1,4.6,mb,us
2003-05-08,06:48:54,-68.3,-30.94,2.3,3.5,ml,guc
2003-05-08,07:04:40,-71.01,-32.58,47.0,3.2,md,guc
2003-05-08,07:56:48,-70.03,-34.14,7.5,2.8,md,guc
2003-05-08,08:47:14,-70.34,-33.02,98.1,0.0,,us
2003-05-08,11:23:19,-70.41,-34.46,3.7,3.0,md,guc
2003-05-08,11:29:27,-70.46,-31.12,135.5,3.4,md,guc
2003-05-08,15:29:42,-71.37,-32.33,46.2,3.2,md,guc
2003-05-08,16:33:03,-77.52,-12.8,33.0,5.7,mwc,hrv
2003-05-09,00:08:32,-69.06,-31.53,160.6,3.2,md,guc
2003-05-09,03:21:13,-71.7,-32.47,28.7,2.7,ml,guc
2003-05-09,04:47:07,-71.55,-32.02,25.1,3.2,ml,guc
2003-05-09,04:56:45,-70.44,-31.81,127.2,3.3,md,guc
2003-05-09,06:26:20,-70.96,-30.73,69.8,2.6,md,guc
2003-05-09,08:35:18,-71.74,-29.46,44.3,3.8,md,guc
2003-05-09,09:55:37,-71.38,-30.36,46.2,0.0,,us
2003-05-09,10:43:24,-71.64,-32.41,35.0,3.9,md,guc
2003-05-09,12:48:32,-108.91,-34.86,10.0,4.6,mb,us
2003-05-09,13:28:16,-71.33,-34.07,57.6,2.3,md,guc
2003-05-09,15:48:00,-69.81,-33.35,4.1,1.9,ml,guc
2003-05-09,17:51:45,-70.28,-33.13,3.8,2.4,ml,guc
2003-05-09,18:06:17,-71.41,-31.6,72.8,2.9,md,guc
2003-05-10,02:37:09,-72.14,-29.63,32.7,3.8,ml,guc
2003-05-10,04:43:55,-69.3,-31.33,147.1,3.2,md,guc
2003-05-10,04:47:16,-71.32,-31.05,60.2,3.5,md,guc
2003-05-10,09:59:06,-70.35,-31.09,131.6,3.4,md,guc
2003-05-10,18:36:32,-69.84,-31.64,134.4,2.9,md,guc
2003-05-10,21:43:54,-71.48,-29.69,65.2,3.0,md,guc
2003-05-10,22:22:57,-68.89,-31.3,145.0,3.8,md,guc
2003-05-10,23:45:41,-73.39,-13.65,33.0,0.0,,us
2003-05-11,00:41:32,-72.26,-34.04,35.1,3.6,md,guc
2003-05-11,00:48:08,-72.28,-34.04,27.4,3.4,md,guc
2003-05-11,00:49:11,-72.08,-30.49,39.7,0.0,,us
2003-05-11,03:27:46,-70.77,-31.9,97.3,3.7,md,guc
2003-05-11,05:52:28,-70.63,-34.26,7.4,2.6,ml,guc
2003-05-11,07:58:16,-70.88,-32.11,96.5,3.7,md,guc
2003-05-11,11:24:15,-71.19,-30.62,37.5,3.6,md,guc
2003-05-11,11:54:29,-71.38,-30.9,48.3,3.5,md,guc
2003-05-11,13:29:48,-71.62,-29.93,34.8,3.9,md,guc
2003-05-11,14:06:34,-72.33,-33.2,25.0,3.2,md,guc
2003-05-11,16:37:10,-71.74,-32.03,5.6,2.5,ml,guc
2003-05-11,19:05:38,-70.36,-31.32,118.0,2.6,md,guc
2003-05-11,19:33:07,-71.68,-32.71,13.7,3.1,md,guc
2003-05-11,21:53:53,-71.34,-30.94,53.1,3.3,md,guc
2003-05-11,22:20:57,-67.32,-24.29,184.8,3.6,mb,us
2003-05-12,01:37:03,-70.6,-34.26,6.9,2.7,md,guc
2003-05-12,03:02:01,-70.34,-31.66,127.1,2.5,md,guc
2003-05-12,07:13:14,-71.41,-30.74,45.9,2.9,md,guc
2003-05-12,07:32:23,-71.6,-30.96,66.5,2.3,md,guc
2003-05-12,10:28:38,-71.85,-34.88,42.8,3.5,md,guc
2003-05-12,11:28:02,-71.67,-31.47,21.3,3.1,md,guc
2003-05-12,11:44:40,-67.01,-31.62,150.0,0.0,,us
2003-05-12,13:45:14,-70.83,-33.88,79.4,2.6,md,guc
2003-05-12,18:07:55,-71.62,-32.93,39.6,3.6,md,guc
2003-05-12,18:28:14,-69.78,-31.56,145.0,3.2,md,guc
2003-05-12,18:38:08,-70.68,-32.6,65.0,2.6,md,guc
2003-05-12,19:19:32,-70.43,-31.65,128.5,3.4,md,guc
2003-05-13,01:31:30,-69.53,-16.86,196.5,0.0,,us
2003-05-13,02:53:43,-71.42,-30.78,42.3,0.0,,us
2003-05-13,05:04:30,-71.68,-31.57,20.0,3.4,md,guc
2003-05-13,05:51:02,-71.28,-31.01,65.3,2.6,md,guc
2003-05-13,08:28:35,-67.46,-27.64,138.8,4.0,md,guc
2003-05-13,11:35:40,-70.27,-30.73,133.1,3.0,md,guc
2003-05-13,12:57:17,-72.89,-32.88,24.1,3.5,md,guc
2003-05-13,13:49:55,-70.03,-32.0,139.7,3.3,md,guc
2003-05-13,15:43:12,-70.58,-20.06,49.3,4.6,mb,us
2003-05-13,17:43:04,-70.24,-33.14,2.0,3.3,md,guc
2003-05-13,17:49:52,-70.23,-34.3,8.3,3.1,md,guc
2003-05-13,17:55:14,-70.27,-33.14,5.0,3.6,md,guc
2003-05-13,18:20:04,-69.14,-31.42,115.3,4.2,mb,us
2003-05-13,18:52:56,-70.11,-33.0,1.4,3.2,md,guc
2003-05-13,20:27:58,-69.74,-32.13,131.3,3.1,md,guc
2003-05-13,22:11:28,-71.68,-31.02,63.7,3.8,md,guc
2003-05-13,22:39:05,-70.89,-32.92,72.4,2.7,md,guc
2003-05-13,23:28:33,-72.1,-33.0,36.2,3.6,md,guc
2003-05-14,01:41:49,-67.04,-31.98,33.0,4.3,ml,guc
2003-05-14,01:45:01,-71.05,-32.26,65.2,3.2,md,guc
2003-05-14,04:12:46,-72.19,-30.57,12.9,3.0,ml,guc
2003-05-14,04:41:22,-71.58,-30.72,23.6,2.8,md,guc
2003-05-14,08:04:10,-71.84,-31.38,26.8,3.5,md,guc
2003-05-14,08:58:38,-71.31,-29.72,48.6,3.8,md,guc
2003-05-14,18:25:02,-71.58,-29.32,51.4,4.7,mb,us
2003-05-15,02:32:17,-97.01,-36.12,10.0,4.3,mb,us
2003-05-15,03:38:22,-67.86,-24.15,111.1,5.1,mb,us
2003-05-15,06:22:06,-71.37,-36.12,129.6,3.5,md,guc
2003-05-15,06:52:34,-71.6,-30.41,29.3,3.5,md,guc
2003-05-15,07:46:49,-70.04,-33.64,6.9,4.0,md,guc
2003-05-15,08:20:50,-68.76,-33.5,11.3,3.8,md,guc
2003-05-15,11:06:37,-71.61,-32.64,31.3,3.3,md,guc
2003-05-15,13:46:01,-71.05,-35.51,102.4,3.0,md,guc
2003-05-15,14:16:55,-68.91,-31.51,10.0,3.3,ml,guc
2003-05-15,14:46:35,-71.58,-32.64,30.6,3.7,md,guc
2003-05-15,15:38:07,-69.69,-29.48,127.7,3.3,md,guc
2003-05-15,18:46:35,-70.91,-33.99,78.1,2.9,md,guc
2003-05-15,22:16:12,-71.66,-30.44,12.3,2.8,ml,guc
2003-05-16,02:37:30,-75.65,-14.8,33.0,4.6,mb,us
2003-05-16,02:50:02,-71.66,-32.7,31.3,2.4,ml,guc
2003-05-16,06:33:53,-75.82,-14.93,33.0,4.2,mb,us
2003-05-16,06:38:38,-75.77,-14.88,33.0,4.4,mb,us
2003-05-16,08:38:06,-70.48,-33.95,87.8,2.0,md,guc
2003-05-16,10:26:32,-71.1,-32.16,66.9,0.0,,us
2003-05-16,17:12:35,-71.28,-32.4,42.4,3.4,md,guc
2003-05-16,18:21:58,-70.26,-33.16,4.7,2.2,ml,guc
2003-05-16,19:35:23,-72.47,-34.34,29.0,3.4,md,guc
2003-05-16,19:41:59,-70.28,-33.15,5.1,2.1,ml,guc
2003-05-16,22:47:31,-71.58,-32.22,45.9,2.7,md,guc
2003-05-16,22:56:29,-71.08,-32.47,53.0,3.7,md,guc
2003-05-17,02:29:26,-72.51,-33.21,28.8,2.8,ml,guc
2003-05-17,06:58:13,-71.71,-31.73,29.2,2.4,ml,guc
2003-05-17,09:07:10,-69.13,-32.69,166.2,3.2,md,guc
2003-05-17,13:04:05,-71.92,-31.66,38.0,4.0,md,guc
2003-05-17,13:36:59,-71.29,-29.64,73.4,3.8,md,guc
2003-05-17,22:11:58,-71.17,-31.9,79.7,2.7,md,guc
2003-05-18,11:23:35,-71.19,-32.23,60.0,3.0,md,guc
2003-05-18,11:34:51,-71.65,-32.67,28.5,3.0,md,guc
2003-05-18,14:13:04,-71.43,-29.02,37.9,0.0,,us
2003-05-18,15:44:41,-71.41,-32.1,29.8,2.8,ml,guc
2003-05-18,20:22:50,-71.3,-35.34,98.5,2.8,md,guc
2003-05-18,21:10:22,-69.09,-31.4,114.1,5.5,mwb,us
2003-05-18,23:09:28,-70.58,-34.45,118.0,2.8,md,guc
2003-05-19,01:30:31,-71.84,-33.14,22.5,3.2,md,guc
2003-05-19,01:36:16,-71.91,-30.89,6.3,3.8,md,guc
2003-05-19,05:33:17,-69.44,-31.37,145.0,3.3,md,guc
2003-05-19,08:32:37,-71.5,-30.94,42.0,3.2,md,guc
2003-05-19,08:50:32,-71.1,-34.97,103.5,2.7,md,guc
2003-05-19,16:57:52,-71.69,-32.91,4.1,3.5,md,guc
2003-05-19,17:43:39,-70.26,-33.13,4.9,3.4,md,guc
2003-05-19,21:10:04,-70.37,-34.09,11.2,3.2,md,guc
2003-05-19,21:18:04,-70.76,-33.16,75.2,2.5,md,guc
2003-05-19,23:43:45,-68.47,-31.15,100.0,3.5,md,guc
2003-05-19,23:52:54,-66.86,-23.97,103.2,4.2,mb,us
2003-05-20,01:24:24,-71.47,-32.5,24.6,3.3,md,guc
2003-05-20,02:54:45,-70.29,-31.82,133.8,2.9,md,guc
2003-05-20,04:17:44,-70.59,-34.31,106.3,2.7,md,guc
2003-05-20,08:08:50,-82.28,-43.33,10.0,5.1,mwc,hrv
2003-05-20,10:22:29,-68.48,-22.26,100.0,3.8,mb,us
2003-05-20,16:17:11,-70.23,-33.52,104.5,2.4,md,guc
2003-05-20,20:01:06,-74.3,-17.43,33.0,4.5,mb,us
2003-05-20,22:30:44,-70.31,-33.18,4.9,3.4,md,guc
2003-05-20,23:36:06,-71.66,-37.27,144.0,0.0,,us
2003-05-21,00:37:23,-71.4,-32.47,56.7,3.6,md,guc
2003-05-21,07:16:12,-70.31,-35.47,174.5,2.9,md,guc
2003-05-21,11:01:08,-72.35,-34.12,10.0,3.2,md,guc
2003-05-21,14:30:31,-93.62,-38.45,10.0,4.3,mb,us
2003-05-21,14:42:15,-93.87,-38.24,10.0,4.7,mb,us
2003-05-21,16:56:21,-70.56,-23.01,33.0,0.0,,us
2003-05-21,17:33:34,-70.78,-34.78,98.5,3.0,md,guc
2003-05-21,21:44:19,-69.71,-32.57,113.3,2.2,md,guc
2003-05-22,07:19:58,-70.38,-34.44,9.6,3.4,md,guc
2003-05-22,08:03:26,-71.68,-31.56,32.7,3.5,md,guc
2003-05-22,08:20:34,-72.1,-32.94,14.2,3.5,md,guc
2003-05-22,15:56:42,-71.67,-32.72,24.0,3.4,md,guc
2003-05-22,19:18:14,-69.79,-31.75,143.3,3.4,md,guc
2003-05-22,19:44:35,-71.15,-32.3,77.2,2.6,md,guc
2003-05-22,20:16:08,-71.67,-32.6,52.6,3.0,md,guc
2003-05-23,00:20:26,-70.26,-34.35,6.6,3.4,md,guc
2003-05-23,00:50:09,-66.71,-21.44,203.5,4.5,mb,us
2003-05-23,02:33:11,-71.71,-30.62,15.0,3.0,ml,guc
2003-05-23,02:36:31,-71.52,-32.58,28.2,2.2,ml,guc
2003-05-23,03:03:27,-68.76,-20.55,151.6,0.0,,us
2003-05-23,05:09:49,-70.3,-34.76,1.3,2.0,ml,guc
2003-05-23,09:07:40,-72.67,-35.36,15.0,3.2,ml,guc
2003-05-23,09:25:06,-68.54,-28.76,47.7,3.9,md,guc
2003-05-23,10:08:06,-71.16,-34.12,62.4,1.8,md,guc
2003-05-24,00:30:47,-71.51,-14.67,143.8,5.6,mwb,us
2003-05-24,03:44:23,-72.19,-34.33,40.6,3.2,md,guc
2003-05-24,05:28:05,-69.9,-29.7,113.6,3.7,md,guc
2003-05-24,07:50:29,-67.92,-32.8,2.6,3.3,ml,guc
2003-05-24,08:29:32,-71.83,-29.49,31.3,3.5,ml,guc
2003-05-24,12:09:25,-70.11,-34.01,7.0,2.4,ml,guc
2003-05-24,13:28:36,-70.64,-34.42,8.3,2.0,ml,guc
2003-05-24,14:48:10,-71.67,-32.48,30.4,2.7,ml,guc
2003-05-24,15:23:56,-68.79,-22.88,99.2,4.2,mb,us
2003-05-24,18:26:31,-69.77,-31.61,141.2,3.3,md,guc
2003-05-24,23:25:24,-71.95,-30.86,2.5,2.6,ml,guc
2003-05-24,23:25:51,-70.14,-32.99,107.4,2.7,md,guc
2003-05-25,04:24:54,-71.15,-31.84,78.8,2.7,md,guc
2003-05-25,06:01:14,-68.97,-31.21,100.0,3.4,md,guc
2003-05-25,09:07:34,-69.27,-31.53,100.0,3.2,md,guc
2003-05-25,09:10:23,-70.9,-35.06,104.8,3.6,md,guc
2003-05-25,10:16:33,-71.88,-31.76,14.5,2.8,ml,guc
2003-05-25,12:55:28,-68.49,-29.91,140.0,3.7,md,guc
2003-05-25,16:54:20,-70.79,-32.51,70.8,3.3,md,guc
2003-05-25,17:43:16,-70.2,-33.21,6.8,1.8,ml,guc
2003-05-25,18:16:17,-70.79,-30.7,94.0,3.7,md,guc
2003-05-25,18:54:11,-72.66,-13.53,33.0,4.5,mb,us
2003-05-25,21:29:27,-71.95,-30.92,28.7,2.2,ml,guc
2003-05-25,23:27:31,-71.81,-32.34,11.6,3.0,ml,guc
2003-05-26,01:16:17,-69.27,-31.45,100.0,3.5,md,guc
2003-05-26,03:17:10,-71.59,-29.95,7.2,3.5,md,guc
2003-05-26,10:05:11,-70.35,-34.07,8.1,2.9,md,guc
2003-05-26,15:25:44,-71.19,-32.4,73.6,3.3,md,guc
2003-05-26,17:21:35,-69.78,-32.7,136.2,3.1,md,guc
2003-05-26,18:13:42,-71.41,-35.57,104.5,3.5,md,guc
2003-05-26,18:52:16,-71.4,-33.72,48.3,3.4,md,guc
2003-05-27,00:28:28,-71.05,-34.27,71.1,2.3,md,guc
2003-05-27,08:29:46,-68.6,-31.36,118.0,5.7,mwb,us
2003-05-27,13:59:14,-67.33,-18.73,250.0,0.0,,us
2003-05-27,14:35:40,-70.1,-32.64,118.6,2.8,md,guc
2003-05-27,16:31:10,-70.18,-32.4,7.9,3.5,md,guc
2003-05-27,17:51:12,-71.56,-34.69,53.2,3.5,md,guc
2003-05-27,17:57:00,-70.26,-33.14,1.7,3.7,md,guc
2003-05-27,20:06:05,-71.68,-32.67,28.1,3.9,md,guc
2003-05-27,21:07:25,-66.72,-23.42,200.0,4.5,mb,us
2003-05-27,23:19:20,-71.96,-30.92,21.7,3.1,md,guc
2003-05-28,03:43:33,-68.94,-31.35,148.0,3.4,md,guc
2003-05-28,04:51:48,-66.69,-24.1,182.5,4.0,mb,us
2003-05-28,12:22:06,-72.01,-30.9,2.8,3.7,ml,guc
2003-05-28,14:56:42,-71.4,-30.41,72.8,4.3,mb,us
2003-05-28,16:55:26,-71.2,-32.74,50.0,3.0,md,guc
2003-05-28,20:21:21,-69.47,-31.59,100.0,3.0,md,guc
2003-05-28,21:26:47,-77.17,-12.39,43.0,5.6,mwb,us
2003-05-28,21:27:40,-71.09,-32.89,56.5,3.9,md,guc
2003-05-29,00:14:24,-71.9,-33.29,45.0,3.1,md,guc
2003-05-29,02:03:47,-71.48,-32.44,23.9,4.0,ml,guc
2003-05-29,04:45:18,-70.63,-31.45,95.0,3.0,md,guc
2003-05-29,05:03:53,-69.27,-34.23,10.0,3.5,ml,guc
2003-05-29,05:15:39,-71.78,-32.83,15.8,3.4,ml,guc
2003-05-29,09:03:24,-71.68,-35.97,92.5,2.6,md,guc
2003-05-29,12:28:29,-70.6,-30.84,126.0,0.0,,us
2003-05-29,14:16:54,-71.77,-32.84,15.0,3.0,md,guc
2003-05-29,15:40:45,-68.59,-31.28,100.0,3.2,md,guc
2003-05-29,17:34:49,-70.24,-33.14,3.8,3.0,md,guc
2003-05-29,20:40:30,-67.43,-31.49,14.9,3.7,ml,guc
2003-05-30,03:51:06,-70.12,-34.2,1.5,1.8,ml,guc
2003-05-30,04:54:40,-72.08,-32.04,34.8,3.5,md,guc
2003-05-30,07:25:22,-72.02,-32.04,0.0,3.4,ml,guc
2003-05-30,08:25:50,-71.52,-29.37,44.6,3.8,md,guc
2003-05-30,08:50:46,-70.26,-34.32,24.1,2.7,md,guc
2003-05-30,09:56:02,-72.02,-36.08,79.3,2.9,md,guc
2003-05-30,10:04:43,-71.45,-30.0,31.7,3.0,ml,guc
2003-05-30,11:09:00,-71.64,-32.12,5.9,2.5,ml,guc
2003-05-30,12:03:14,-72.25,-34.69,0.2,3.2,md,guc
2003-05-30,18:00:40,-66.59,-27.9,166.3,0.0,,us
2003-05-30,23:15:14,-70.6,-33.82,98.4,4.2,mb,us
2003-05-31,02:18:03,-68.67,-20.24,121.6,4.3,mb,us
2003-05-31,03:09:12,-72.3,-33.16,35.8,3.0,md,guc
2003-05-31,06:37:11,-71.9,-32.61,5.9,3.1,ml,guc
2003-05-31,07:14:50,-71.18,-34.52,60.7,1.8,md,guc
2003-05-31,10:00:25,-71.38,-30.7,41.3,3.1,md,guc
2003-05-31,10:11:42,-70.12,-31.6,152.3,2.7,md,guc
2003-05-31,11:04:19,-70.53,-34.5,98.8,2.1,md,guc
2003-05-31,13:25:07,-70.44,-33.27,91.6,2.1,md,guc
2003-05-31,19:02:30,-66.54,-23.71,200.5,4.5,mb,us
2003-05-31,22:32:21,-82.4,-43.92,10.0,0.0,,us
2003-06-01,04:32:20,-71.35,-29.2,45.0,0.0,,us
2003-06-01,07:07:57,-66.69,-23.45,185.1,4.3,mb,us
2003-06-01,07:31:46,-66.18,-24.05,200.0,3.5,mb,us
2003-06-01,08:21:03,-71.47,-32.43,17.9,2.9,ml,guc
2003-06-01,16:31:31,-70.75,-34.53,102.3,3.3,md,guc
2003-06-01,17:50:32,-70.26,-33.12,6.1,2.1,ml,guc
2003-06-01,18:11:36,-70.3,-33.17,6.6,2.0,ml,guc
2003-06-01,18:12:57,-70.27,-33.13,9.0,1.9,ml,guc
2003-06-01,19:49:32,-71.17,-31.55,79.2,0.0,,us
2003-06-01,20:01:39,-70.29,-33.88,105.0,2.7,md,guc
2003-06-02,00:42:45,-70.84,-34.06,74.1,2.3,md,guc
2003-06-02,02:20:20,-71.35,-33.66,46.6,3.0,md,guc
2003-06-02,02:52:12,-71.97,-32.95,33.0,5.5,mwc,hrv
2003-06-02,03:01:09,-72.07,-32.95,11.4,3.9,ml,guc
2003-06-02,03:22:22,-72.01,-32.94,12.9,3.5,md,guc
2003-06-02,03:30:39,-71.99,-32.95,2.6,3.5,md,guc
2003-06-02,03:38:37,-72.05,-32.97,13.1,3.9,md,guc
2003-06-02,03:42:17,-72.02,-32.92,8.0,3.6,md,guc
2003-06-02,03:52:29,-71.17,-29.68,51.0,4.2,md,guc
2003-06-02,04:15:56,-72.0,-32.94,18.7,3.4,md,guc
2003-06-02,04:27:46,-72.04,-32.95,15.0,2.7,ml,guc
2003-06-02,04:28:37,-72.12,-32.95,15.0,3.4,md,guc
2003-06-02,04:32:35,-72.02,-32.95,30.0,3.6,md,guc
2003-06-02,04:48:20,-72.14,-32.92,28.6,3.6,md,guc
2003-06-02,04:55:12,-72.1,-32.93,14.9,3.9,md,guc
2003-06-02,05:05:02,-72.08,-32.98,15.0,3.7,md,guc
2003-06-02,05:20:01,-71.59,-30.52,13.0,3.7,md,guc
2003-06-02,05:21:17,-72.1,-32.96,14.0,3.3,md,guc
2003-06-02,05:38:00,-71.97,-33.01,15.0,3.6,md,guc
2003-06-02,05:55:44,-72.13,-32.95,15.2,3.3,md,guc
2003-06-02,05:57:12,-72.02,-32.93,1.8,3.3,md,guc
2003-06-02,06:56:18,-69.62,-31.58,122.9,3.9,md,guc
2003-06-02,07:02:14,-72.06,-32.93,10.0,3.4,md,guc
2003-06-02,07:14:50,-72.02,-32.95,10.6,3.2,md,guc
2003-06-02,07:27:06,-70.7,-27.16,76.7,0.0,,us
2003-06-02,07:52:48,-72.0,-32.98,19.4,4.1,md,guc
2003-06-02,08:46:35,-71.98,-32.95,2.1,3.2,md,guc
2003-06-02,08:58:30,-72.04,-32.94,31.4,3.7,ml,guc
2003-06-02,08:58:42,-71.94,-32.94,9.8,4.2,md,guc
2003-06-02,09:08:53,-72.08,-32.96,15.8,3.6,md,guc
2003-06-02,09:16:45,-72.14,-32.95,32.2,4.2,ml,guc
2003-06-02,09:18:15,-72.06,-32.94,9.8,3.5,ml,guc
2003-06-02,09:21:40,-72.15,-32.92,32.3,4.1,md,guc
2003-06-02,09:33:27,-72.09,-32.96,9.5,3.6,md,guc
2003-06-02,10:03:47,-72.07,-32.93,31.6,4.8,ml,guc
2003-06-02,10:25:57,-72.06,-32.94,15.0,3.7,md,guc
2003-06-02,10:31:09,-72.12,-32.91,15.0,3.7,md,guc
2003-06-02,10:56:35,-72.07,-32.94,10.2,3.7,md,guc
2003-06-02,11:05:42,-72.14,-32.92,30.5,4.4,ml,guc
2003-06-02,11:09:13,-72.06,-32.95,9.9,2.6,ml,guc
2003-06-02,11:15:28,-72.04,-32.96,15.0,3.3,md,guc
2003-06-02,11:37:49,-72.1,-32.93,32.5,4.2,ml,guc
2003-06-02,12:01:28,-72.0,-32.98,1.4,3.7,md,guc
2003-06-02,12:10:26,-72.1,-32.9,28.4,3.6,md,guc
2003-06-02,12:28:34,-72.08,-32.96,15.0,3.4,md,guc
2003-06-02,13:22:19,-72.0,-32.98,30.0,3.8,md,guc
2003-06-02,13:46:33,-72.02,-32.96,29.3,4.4,ml,guc
2003-06-02,14:53:25,-72.12,-32.91,29.6,4.0,md,guc
2003-06-02,15:24:41,-71.48,-33.99,40.9,3.5,md,guc
2003-06-02,15:27:47,-72.08,-32.92,27.0,3.5,md,guc
2003-06-02,16:14:22,-71.95,-32.91,35.5,3.6,md,guc
2003-06-02,17:16:30,-71.31,-30.9,57.4,3.9,md,guc
2003-06-02,19:44:02,-72.11,-32.94,29.0,3.6,md,guc
2003-06-02,20:40:36,-71.59,-32.86,57.3,3.8,md,guc
2003-06-02,21:16:41,-71.1,-32.59,15.0,3.1,md,guc
2003-06-02,23:40:49,-72.09,-32.94,11.5,4.0,md,guc
2003-06-03,00:08:38,-71.8,-32.1,32.3,4.1,ml,guc
2003-06-03,00:10:28,-82.45,-43.88,10.0,3.9,mb,us
2003-06-03,00:13:31,-82.79,-43.93,10.0,4.4,mb,us
2003-06-03,00:17:53,-71.77,-32.12,8.8,3.4,md,guc
2003-06-03,01:24:00,-71.21,-29.7,58.9,0.0,,us
2003-06-03,03:37:52,-72.11,-32.98,11.1,3.8,md,guc
2003-06-03,04:01:52,-70.27,-31.7,128.2,3.7,md,guc
2003-06-03,05:10:02,-71.62,-30.65,33.1,2.5,ml,guc
2003-06-03,07:29:51,-70.38,-33.96,102.5,3.1,md,guc
2003-06-03,07:59:04,-72.09,-32.92,8.6,2.3,ml,guc
2003-06-03,08:29:42,-72.08,-32.94,11.1,4.0,md,guc
2003-06-03,09:07:57,-72.08,-32.94,10.4,3.4,md,guc
2003-06-03,14:55:43,-68.9,-31.53,100.0,3.5,md,guc
2003-06-03,15:42:33,-72.08,-32.96,21.7,3.8,md,guc
2003-06-03,17:15:54,-71.9,-36.07,22.9,3.6,md,guc
2003-06-03,17:20:39,-70.6,-34.27,10.2,3.7,md,guc
2003-06-03,17:26:57,-72.01,-32.97,34.9,3.8,md,guc
2003-06-03,17:30:15,-72.12,-32.92,31.7,3.5,md,guc
2003-06-03,17:47:53,-70.28,-33.15,5.7,3.7,md,guc
2003-06-03,18:06:21,-72.1,-32.9,15.2,3.2,md,guc
2003-06-03,18:42:04,-70.72,-35.18,110.5,3.2,md,guc
2003-06-03,22:37:41,-71.96,-32.89,5.8,3.4,md,guc
2003-06-03,23:12:11,-72.0,-32.94,15.0,3.7,md,guc
2003-06-03,23:42:46,-70.09,-33.66,8.9,3.5,md,guc
2003-06-03,23:51:08,-72.88,-17.48,33.0,4.2,mb,us
2003-06-03,23:58:03,-72.81,-17.36,33.0,6.0,mwb,us
2003-06-04,00:49:05,-71.97,-30.44,4.2,3.4,ml,guc
2003-06-04,00:51:42,-73.01,-17.6,33.0,0.0,,us
2003-06-04,02:03:21,-71.77,-32.49,14.2,2.8,md,guc
2003-06-04,02:24:59,-70.66,-33.7,27.2,2.0,md,guc
2003-06-04,03:07:04,-70.67,-33.7,26.7,2.4,md,guc
2003-06-04,03:42:08,-70.67,-33.7,27.8,1.9,ml,guc
2003-06-04,05:10:39,-70.68,-33.7,28.1,2.4,md,guc
2003-06-04,05:48:29,-79.3,-10.5,37.2,4.3,mb,us
2003-06-04,06:04:00,-72.1,-33.01,15.0,3.2,md,guc
2003-06-04,07:04:26,-72.97,-30.9,30.7,3.0,ml,guc
2003-06-04,07:30:48,-71.26,-29.24,54.9,3.4,md,guc
2003-06-04,08:18:26,-72.08,-32.89,10.2,3.0,md,guc
2003-06-04,08:33:38,-72.03,-32.97,20.1,3.8,ml,guc
2003-06-04,09:46:39,-70.67,-33.7,25.7,2.3,ml,guc
2003-06-04,11:18:14,-69.36,-31.43,100.0,3.9,md,guc
2003-06-04,11:58:52,-72.0,-32.97,21.6,3.0,md,guc
2003-06-04,14:07:11,-68.8,-31.4,100.0,3.6,md,guc
2003-06-04,14:38:56,-70.66,-33.71,25.6,2.1,ml,guc
2003-06-04,16:24:30,-70.09,-34.03,5.7,2.3,md,guc
2003-06-04,16:46:05,-72.09,-32.98,9.1,3.2,ml,guc
2003-06-04,17:20:13,-73.36,-33.98,20.7,3.3,md,guc
2003-06-04,17:32:28,-71.23,-35.06,95.9,2.1,md,guc
2003-06-04,21:20:34,-70.25,-33.14,1.0,2.0,ml,guc
2003-06-05,00:54:59,-72.13,-32.93,10.9,3.7,md,guc
2003-06-05,02:11:51,-71.33,-32.77,43.3,3.3,md,guc
2003-06-05,02:40:15,-69.61,-29.59,125.0,4.2,md,guc
2003-06-05,05:14:48,-72.02,-32.86,11.5,3.4,md,guc
2003-06-05,05:28:44,-72.0,-33.27,15.0,3.2,md,guc
2003-06-05,06:26:54,-72.3,-31.87,10.1,4.4,mb,us
2003-06-05,12:17:34,-72.18,-31.87,28.6,3.8,md,guc
2003-06-05,13:18:27,-72.1,-32.98,26.8,3.7,md,guc
2003-06-05,13:55:33,-72.11,-32.94,13.0,3.4,md,guc
2003-06-05,15:03:45,-68.68,-31.29,148.0,3.5,md,guc
2003-06-05,16:52:46,-71.55,-32.63,24.2,3.5,md,guc
2003-06-05,20:59:08,-70.45,-31.71,15.0,2.2,ml,guc
2003-06-06,02:38:08,-69.72,-32.75,126.5,2.9,md,guc
2003-06-06,06:50:45,-70.98,-30.84,73.8,0.0,,us
2003-06-06,10:11:35,-72.14,-31.83,26.1,4.0,ml,guc
2003-06-06,12:43:34,-72.01,-33.09,6.6,0.0,,us
2003-06-06,13:07:42,-70.19,-31.74,136.0,3.7,md,guc
2003-06-06,13:43:46,-72.04,-33.04,16.5,3.3,ml,guc
2003-06-06,13:48:34,-70.18,-32.77,100.5,0.0,,us
2003-06-06,13:56:24,-71.92,-38.46,65.0,3.7,md,guc
2003-06-06,17:01:18,-73.37,-34.16,24.5,3.1,md,guc
2003-06-06,17:05:33,-68.07,-31.13,33.0,3.4,ml,guc
2003-06-06,17:20:11,-70.92,-14.81,181.1,4.1,mb,us
2003-06-06,18:47:55,-72.2,-31.86,30.7,4.1,mb,us
2003-06-06,18:54:30,-72.16,-32.94,15.0,3.1,md,guc
2003-06-06,19:40:00,-70.29,-33.14,6.5,2.9,ml,guc
2003-06-06,21:40:50,-71.92,-33.94,39.0,3.3,md,guc
2003-06-07,01:15:39,-71.99,-31.82,1.4,2.8,ml,guc
2003-06-07,02:07:02,-68.88,-33.24,15.0,3.5,md,guc
2003-06-07,03:09:54,-72.02,-31.83,0.6,3.2,ml,guc
2003-06-07,04:16:14,-71.71,-32.49,26.1,3.4,ml,guc
2003-06-07,04:21:17,-68.99,-20.61,112.3,4.1,mb,us
2003-06-07,04:35:37,-72.1,-31.8,7.7,3.0,ml,guc
2003-06-07,06:07:38,-70.55,-34.29,109.9,3.5,md,guc
2003-06-07,06:48:26,-74.03,-35.29,27.3,4.4,ml,guc
2003-06-07,08:19:52,-72.03,-32.87,20.0,3.4,md,guc
2003-06-07,09:50:11,-68.73,-34.33,13.0,3.7,md,guc
2003-06-07,15:47:38,-69.78,-32.09,140.9,3.7,md,guc
2003-06-07,17:05:58,-71.56,-31.87,60.1,2.7,md,guc
2003-06-07,20:15:22,-70.38,-34.1,11.8,2.3,ml,guc
2003-06-07,22:04:59,-72.14,-32.93,15.3,3.0,ml,guc
2003-06-07,22:23:27,-72.35,-34.71,15.0,3.3,md,guc
2003-06-07,23:09:36,-72.09,-31.83,23.5,3.3,ml,guc
2003-06-07,23:32:34,-72.15,-31.79,21.0,3.7,ml,guc
2003-06-08,00:30:56,-72.01,-33.03,7.1,2.1,ml,guc
2003-06-08,01:16:08,-72.1,-32.93,8.0,3.1,ml,guc
2003-06-08,01:39:34,-72.12,-32.92,31.7,2.5,ml,guc
2003-06-08,04:12:12,-72.17,-31.79,23.0,3.5,ml,guc
2003-06-08,04:33:45,-72.14,-32.89,31.0,3.0,ml,guc
2003-06-08,05:36:03,-71.31,-31.06,61.8,2.5,md,guc
2003-06-08,05:53:26,-71.47,-33.59,46.0,3.2,md,guc
2003-06-08,06:07:58,-72.16,-32.94,19.4,3.7,ml,guc
2003-06-08,12:04:36,-67.6,-31.66,150.0,3.3,md,guc
2003-06-08,12:33:51,-108.8,-9.2,10.0,4.4,mb,us
2003-06-08,15:14:11,-71.96,-31.77,32.9,2.5,ml,guc
2003-06-08,15:43:04,-71.94,-31.82,1.2,2.4,ml,guc
2003-06-08,18:38:35,-70.9,-33.3,71.3,2.4,md,guc
2003-06-08,20:06:34,-69.68,-31.93,136.2,4.0,md,guc
2003-06-08,20:52:20,-76.04,-6.29,150.0,4.1,mb,us
2003-06-08,21:17:48,-71.91,-31.12,47.7,3.5,md,guc
2003-06-09,00:09:31,-72.16,-32.94,15.1,3.2,md,guc
2003-06-09,04:35:30,-71.77,-32.22,12.1,3.6,md,guc
2003-06-09,04:44:27,-70.19,-31.73,123.8,3.5,md,guc
2003-06-09,04:59:10,-71.99,-33.38,12.8,3.6,md,guc
2003-06-09,06:14:04,-71.58,-32.12,64.7,3.4,md,guc
2003-06-09,11:17:12,-73.02,-17.33,33.0,0.0,,us
2003-06-09,11:50:06,-70.04,-32.7,99.9,3.0,md,guc
2003-06-09,15:01:32,-70.96,-35.09,109.2,3.5,md,guc
2003-06-09,16:45:17,-71.23,-32.32,63.8,3.3,md,guc
2003-06-09,16:53:32,-71.2,-33.11,64.4,2.6,md,guc
2003-06-09,19:02:32,-72.02,-33.41,17.3,3.5,md,guc
2003-06-09,20:56:46,-70.31,-33.13,15.2,3.8,md,guc
2003-06-09,21:00:51,-72.11,-33.88,36.3,3.6,md,guc
2003-06-09,22:38:06,-71.42,-34.56,68.3,2.9,md,guc
2003-06-10,00:02:15,-70.03,-34.24,4.1,3.4,md,guc
2003-06-10,01:07:57,-71.65,-30.05,20.4,2.9,ml,guc
2003-06-10,11:41:37,-70.17,-32.87,102.3,2.1,md,guc
2003-06-10,11:42:19,-70.89,-33.41,71.3,3.1,md,guc
2003-06-10,12:08:41,-71.73,-15.82,33.0,0.0,,us
2003-06-10,12:48:27,-71.21,-31.96,49.7,4.3,md,guc
2003-06-10,13:27:19,-71.17,-31.94,49.8,4.2,md,guc
2003-06-10,13:37:12,-69.4,-19.18,100.0,4.0,mb,us
2003-06-10,17:10:08,-71.72,-30.63,10.1,3.8,md,guc
2003-06-10,21:42:44,-71.57,-30.72,15.0,3.5,ml,guc
2003-06-11,03:16:10,-71.77,-32.76,12.5,3.3,md,guc
2003-06-11,05:08:50,-71.26,-31.01,58.2,2.7,md,guc
2003-06-11,06:51:47,-70.23,-31.11,124.1,2.7,md,guc
2003-06-11,07:33:17,-70.32,-34.77,0.0,2.8,md,guc
2003-06-11,08:42:51,-72.62,-35.59,2.3,3.6,ml,guc
2003-06-11,09:51:41,-72.92,-17.36,33.0,4.4,mb,us
2003-06-11,11:29:38,-71.82,-31.81,6.2,3.0,md,guc
2003-06-11,12:17:02,-70.11,-34.05,6.7,3.3,md,guc
2003-06-11,13:59:01,-71.12,-33.62,65.5,1.9,md,guc
2003-06-11,14:47:11,-72.01,-33.17,15.0,3.0,md,guc
2003-06-11,14:55:12,-71.05,-33.28,62.3,1.9,md,guc
2003-06-11,18:06:29,-70.27,-33.16,5.3,3.2,md,guc
2003-06-11,21:43:52,-66.46,-24.08,200.0,4.3,mb,us
2003-06-11,23:30:52,-71.19,-31.02,61.5,2.9,md,guc
2003-06-12,06:02:14,-112.66,-22.73,10.0,5.3,mwc,hrv
2003-06-12,11:06:55,-71.71,-32.49,31.2,3.7,ml,guc
2003-06-12,21:28:19,-70.4,-34.11,105.8,2.9,md,guc
2003-06-12,23:30:37,-66.62,-23.56,196.5,4.1,mb,us
2003-06-13,00:01:22,-73.05,-32.88,21.4,3.7,md,guc
2003-06-13,04:21:22,-71.7,-32.78,13.4,3.0,ml,guc
2003-06-13,06:57:30,-73.04,-32.8,20.4,3.8,ml,guc
2003-06-13,07:02:17,-71.62,-32.16,59.3,3.4,md,guc
2003-06-13,10:32:59,-79.71,-6.45,63.9,4.6,mb,us
2003-06-13,10:33:45,-70.26,-33.23,104.0,2.4,md,guc
2003-06-13,11:51:32,-72.05,-32.96,11.2,2.6,ml,guc
2003-06-13,15:11:37,-69.22,-20.8,96.0,4.2,mb,us
2003-06-13,16:37:02,-70.61,-34.46,107.2,2.9,md,guc
2003-06-13,17:24:11,-66.25,-22.16,168.6,4.3,mb,us
2003-06-13,19:02:46,-74.09,-10.26,33.0,0.0,,us
2003-06-14,00:10:33,-70.3,-33.14,1.0,2.6,ml,guc
2003-06-14,07:48:33,-70.06,-34.11,6.2,2.0,ml,guc
2003-06-14,10:34:07,-70.49,-33.95,101.1,2.1,md,guc
2003-06-14,12:16:25,-69.41,-30.27,145.0,3.3,md,guc
2003-06-14,14:57:55,-71.09,-32.09,72.6,3.0,md,guc
2003-06-14,15:03:44,-71.63,-32.0,24.8,2.8,ml,guc
2003-06-14,16:17:06,-69.38,-31.58,145.5,3.1,md,guc
2003-06-15,01:35:44,-68.61,-28.71,107.2,4.3,mb,us
2003-06-15,04:30:26,-71.97,-30.92,15.4,2.9,md,guc
2003-06-15,05:54:26,-69.8,-30.6,133.3,2.7,md,guc
2003-06-15,07:23:40,-69.43,-32.05,100.0,2.6,md,guc
2003-06-15,07:49:51,-68.89,-31.62,100.0,3.1,md,guc
2003-06-15,10:24:06,-71.72,-32.66,29.8,2.9,ml,guc
2003-06-15,10:39:05,-71.22,-33.26,62.0,2.6,md,guc
2003-06-15,10:43:02,-70.17,-32.82,105.7,3.2,md,guc
2003-06-15,12:10:41,-69.81,-31.66,120.0,3.5,md,guc
2003-06-15,13:03:02,-71.59,-36.37,41.9,0.0,,us
2003-06-15,17:27:03,-69.38,-31.34,135.0,3.1,md,guc
2003-06-15,18:11:27,-75.05,-5.96,27.7,0.0,,us
2003-06-15,18:11:49,-71.52,-31.57,64.0,0.0,,us
2003-06-15,18:12:44,-72.13,-33.98,5.0,3.3,ml,guc
2003-06-15,19:33:36,-70.76,-33.17,81.0,1.8,md,guc
2003-06-15,19:37:04,-71.6,-32.4,44.1,3.1,md,guc
2003-06-15,22:15:39,-70.46,-31.83,129.2,2.6,md,guc
2003-06-15,23:05:22,-70.66,-34.15,106.7,2.0,md,guc
2003-06-16,01:36:59,-71.54,-31.57,64.8,2.7,md,guc
2003-06-16,03:33:07,-70.7,-32.69,80.3,2.8,md,guc
2003-06-16,06:44:32,-70.13,-31.71,141.9,2.9,md,guc
2003-06-16,07:08:17,-69.4,-31.27,100.0,0.0,,us
2003-06-16,07:10:50,-71.68,-31.59,26.2,3.6,md,guc
2003-06-16,08:56:09,-71.4,-30.94,71.0,2.9,md,guc
2003-06-16,15:10:23,-71.09,-33.96,82.5,4.5,mb,us
2003-06-16,16:21:01,-72.12,-32.94,31.0,4.1,ml,guc
2003-06-16,16:54:36,-71.38,-30.82,55.6,2.7,md,guc
2003-06-16,20:25:41,-71.52,-31.62,33.2,3.1,md,guc
2003-06-16,20:34:32,-70.57,-31.66,0.8,3.3,md,guc
2003-06-16,21:04:12,-70.24,-33.14,3.8,3.3,md,guc
2003-06-16,22:02:32,-71.51,-31.6,32.9,3.6,md,guc
2003-06-16,23:44:10,-71.69,-32.67,5.7,3.3,md,guc
2003-06-17,03:16:49,-68.54,-20.34,154.1,3.6,mb,us
2003-06-17,04:20:21,-71.76,-32.75,15.2,3.6,md,guc
2003-06-17,10:00:40,-70.85,-32.59,73.0,2.5,md,guc
2003-06-17,17:21:21,-70.48,-34.32,8.5,3.2,md,guc
2003-06-17,17:48:03,-69.74,-28.42,131.7,0.0,,us
2003-06-17,18:05:01,-70.2,-34.34,9.6,3.2,md,guc
2003-06-17,19:48:11,-71.69,-31.48,12.5,3.6,md,guc
2003-06-17,22:40:29,-71.11,-33.93,72.0,2.2,md,guc
2003-06-17,23:40:48,-71.61,-32.55,30.0,3.4,md,guc
2003-06-18,01:26:00,-68.39,-21.16,137.5,4.1,mb,us
2003-06-18,02:19:25,-69.85,-31.62,136.1,3.9,md,guc
2003-06-18,03:32:56,-71.7,-30.75,21.8,3.1,ml,guc
2003-06-18,03:48:21,-71.83,-33.11,14.0,2.6,ml,guc
2003-06-18,04:33:16,-71.98,-33.41,15.1,3.1,ml,guc
2003-06-18,04:47:11,-70.94,-34.2,76.9,3.2,md,guc
2003-06-18,07:30:27,-71.74,-32.24,27.4,2.4,ml,guc
2003-06-18,10:07:04,-71.42,-30.9,42.6,3.5,md,guc
2003-06-18,13:48:59,-69.46,-31.38,130.0,3.3,md,guc
2003-06-18,16:20:28,-74.06,-35.44,30.6,3.8,md,guc
2003-06-18,17:03:32,-70.28,-33.94,112.9,2.6,md,guc
2003-06-18,17:28:15,-70.48,-34.33,7.1,3.3,md,guc
2003-06-18,17:54:10,-70.91,-22.38,33.0,4.3,md,guc
2003-06-18,19:13:31,-70.42,-32.42,111.9,3.0,md,guc
2003-06-18,20:29:03,-70.55,-31.71,1.0,3.5,md,guc
2003-06-18,21:57:42,-72.08,-32.93,10.9,4.0,md,guc
2003-06-18,23:13:02,-71.59,-30.35,30.0,2.3,ml,guc
2003-06-19,00:56:10,-70.46,-33.87,99.7,2.8,md,guc
2003-06-19,01:34:13,-71.81,-32.77,15.0,2.7,ml,guc
2003-06-19,05:00:36,-71.46,-35.45,93.2,3.6,md,guc
2003-06-19,05:24:03,-70.26,-31.54,140.0,2.9,md,guc
2003-06-19,06:49:57,-71.18,-35.16,92.4,2.9,md,guc
2003-06-19,07:17:14,-71.59,-29.46,42.6,0.0,,us
2003-06-19,08:14:32,-70.61,-34.27,7.3,2.7,md,guc
2003-06-19,08:40:54,-71.21,-33.87,59.9,1.9,md,guc
2003-06-19,10:50:06,-71.03,-34.3,71.9,1.3,md,guc
2003-06-19,17:40:03,-69.5,-31.68,131.7,2.8,md,guc
2003-06-19,23:05:00,-71.54,-30.69,51.4,5.6,mwc,hrv
2003-06-19,23:17:13,-71.7,-30.71,23.4,2.8,ml,guc
2003-06-19,23:23:54,-71.7,-30.69,18.6,3.0,ml,guc
2003-06-19,23:39:41,-71.65,-30.71,26.5,2.8,ml,guc
2003-06-20,00:10:54,-71.65,-30.7,10.9,3.3,md,guc
2003-06-20,00:25:12,-71.65,-30.7,10.9,3.1,ml,guc
2003-06-20,00:36:42,-71.83,-32.59,23.7,3.2,ml,guc
2003-06-20,00:52:13,-71.66,-30.7,25.9,2.8,ml,guc
2003-06-20,01:08:38,-71.71,-30.74,17.5,2.2,ml,guc
2003-06-20,01:15:55,-71.73,-30.7,15.1,2.5,ml,guc
2003-06-20,02:11:28,-71.71,-30.7,14.0,2.2,ml,guc
2003-06-20,02:19:48,-71.66,-30.75,15.0,3.4,ml,guc
2003-06-20,02:32:08,-71.67,-30.72,8.7,3.6,ml,guc
2003-06-20,02:43:23,-71.64,-30.7,33.1,2.9,md,guc
2003-06-20,03:03:22,-71.72,-30.7,18.5,2.6,ml,guc
2003-06-20,03:06:47,-71.73,-30.7,15.2,2.5,ml,guc
2003-06-20,04:23:28,-75.94,-45.57,33.0,5.4,mwc,hrv
2003-06-20,04:27:32,-71.69,-30.72,15.0,2.7,ml,guc
2003-06-20,04:40:06,-71.72,-30.78,9.4,3.6,ml,guc
2003-06-20,04:53:53,-71.7,-30.72,31.6,3.5,ml,guc
2003-06-20,06:10:02,-71.71,-30.71,22.6,2.5,ml,guc
2003-06-20,06:19:39,-71.72,-7.61,558.1,7.1,mwc,hrv
2003-06-20,08:22:43,-66.47,-23.58,199.3,4.2,mb,us
2003-06-20,08:39:30,-70.62,-31.7,111.9,0.0,,us
2003-06-20,10:24:38,-71.33,-34.03,39.8,2.7,md,guc
2003-06-20,11:01:41,-71.58,-30.42,24.4,2.2,ml,guc
2003-06-20,13:30:42,-71.64,-30.61,33.0,6.8,mwc,hrv
2003-06-20,13:59:59,-71.97,-30.71,33.0,0.0,,us
2003-06-20,14:07:32,-71.78,-30.71,16.1,4.6,mb,us
2003-06-20,14:23:22,-71.58,-30.67,46.8,3.7,md,guc
2003-06-20,14:33:42,-71.48,-30.6,43.0,0.0,,us
2003-06-20,14:53:01,-71.7,-30.73,15.3,4.1,ml,guc
2003-06-20,15:03:40,-71.62,-30.7,30.0,3.6,ml,guc
2003-06-20,15:07:17,-71.59,-30.72,34.6,3.9,md,guc
2003-06-20,15:16:42,-71.81,-30.74,14.7,4.7,ml,guc
2003-06-20,15:23:42,-71.64,-30.71,18.2,3.6,ml,guc
2003-06-20,15:31:58,-71.58,-30.71,18.6,3.6,ml,guc
2003-06-20,15:41:47,-71.56,-30.64,38.1,0.0,,us
2003-06-20,16:08:43,-71.6,-30.58,36.9,0.0,,us
2003-06-20,16:20:28,-71.59,-30.72,38.3,5.2,mb,us
2003-06-20,16:25:19,-71.65,-30.7,35.9,0.0,,us
2003-06-20,16:35:22,-71.73,-30.67,26.6,3.6,ml,guc
2003-06-20,17:17:12,-71.7,-30.71,18.9,3.9,ml,guc
2003-06-20,17:40:58,-71.66,-30.75,20.9,3.1,ml,guc
2003-06-20,17:49:04,-71.63,-30.71,32.3,3.7,ml,guc
2003-06-20,17:52:33,-71.74,-30.73,19.0,3.2,ml,guc
2003-06-20,17:56:53,-71.56,-30.68,39.1,4.0,md,guc
2003-06-20,18:01:56,-71.72,-30.77,29.3,4.0,ml,guc
2003-06-20,18:11:32,-71.58,-30.67,33.2,3.8,md,guc
2003-06-20,18:15:54,-71.65,-30.71,19.8,3.6,ml,guc
2003-06-20,18:27:05,-71.5,-30.64,40.9,3.8,md,guc
2003-06-20,18:30:02,-71.6,-30.67,33.6,4.1,md,guc
2003-06-20,19:01:54,-71.69,-30.73,27.6,2.9,ml,guc
2003-06-20,19:17:19,-71.73,-30.7,27.0,2.9,ml,guc
2003-06-20,19:19:03,-71.72,-30.67,25.5,3.8,ml,guc
2003-06-20,19:20:33,-71.66,-30.71,29.9,3.4,ml,guc
2003-06-20,19:33:19,-71.59,-30.6,38.0,0.0,,us
2003-06-20,19:56:54,-71.62,-30.73,15.0,4.2,ml,guc
2003-06-20,22:01:11,-71.6,-30.64,33.4,3.2,md,guc
2003-06-20,22:02:30,-71.58,-30.69,34.0,0.0,,us
2003-06-20,22:40:21,-71.62,-30.6,29.9,3.0,ml,guc
2003-06-20,23:09:15,-71.68,-30.68,12.4,3.0,ml,guc
2003-06-20,23:15:44,-71.68,-30.73,15.0,3.4,ml,guc
2003-06-20,23:24:06,-68.11,-21.19,138.9,4.8,mb,us
2003-06-20,23:28:22,-71.66,-30.65,31.9,3.2,ml,guc
2003-06-20,23:39:56,-71.1,-33.94,72.5,3.3,md,guc
2003-06-20,23:49:47,-71.66,-30.72,33.3,4.1,md,guc
2003-06-20,23:55:27,-71.71,-30.68,32.0,3.2,ml,guc
2003-06-21,00:04:26,-71.6,-30.65,29.0,3.3,ml,guc
2003-06-21,00:16:48,-67.83,-21.97,122.3,0.0,,us
2003-06-21,00:31:55,-71.59,-30.68,33.1,3.5,md,guc
2003-06-21,00:35:52,-71.64,-30.69,28.0,3.2,ml,guc
2003-06-21,00:43:54,-71.58,-30.67,34.1,0.0,,us
2003-06-21,00:48:12,-71.68,-30.69,29.3,3.8,ml,guc
2003-06-21,01:20:52,-71.79,-30.65,15.1,3.5,ml,guc
2003-06-21,01:32:11,-71.67,-30.66,43.8,0.0,,us
2003-06-21,01:32:53,-71.5,-30.66,42.6,0.0,,us
2003-06-21,01:42:19,-71.52,-30.67,45.5,3.7,md,guc
2003-06-21,01:55:00,-71.66,-30.66,13.4,2.5,ml,guc
2003-06-21,02:12:15,-71.63,-30.69,32.1,2.7,ml,guc
2003-06-21,02:28:26,-71.58,-30.64,34.7,0.0,,us
2003-06-21,02:34:59,-71.62,-30.64,32.7,2.8,ml,guc
2003-06-21,02:37:15,-71.67,-30.7,15.0,3.1,ml,guc
2003-06-21,02:42:10,-72.13,-30.62,37.0,4.0,md,guc
2003-06-21,05:21:09,-71.7,-30.62,13.9,2.5,ml,guc
2003-06-21,05:22:56,-71.61,-30.99,14.8,2.7,ml,guc
2003-06-21,05:26:59,-71.64,-30.62,34.9,0.0,,us
2003-06-21,05:36:55,-71.66,-30.7,27.5,3.0,ml,guc
2003-06-21,05:48:54,-71.73,-30.69,20.0,2.6,ml,guc
2003-06-21,06:10:00,-71.78,-30.75,15.0,3.2,ml,guc
2003-06-21,06:21:28,-71.28,-33.36,58.0,3.0,md,guc
2003-06-21,06:28:41,-71.6,-30.72,26.8,2.8,ml,guc
2003-06-21,06:36:08,-71.68,-30.69,34.4,0.0,,us
2003-06-21,06:45:04,-71.64,-30.64,30.5,2.6,ml,guc
2003-06-21,06:54:03,-71.71,-30.65,13.8,2.6,ml,guc
2003-06-21,07:49:48,-71.79,-30.71,14.8,2.5,ml,guc
2003-06-21,07:51:15,-71.55,-30.66,38.7,3.4,md,guc
2003-06-21,07:54:26,-71.7,-30.67,27.9,2.5,ml,guc
2003-06-21,08:04:43,-71.75,-30.63,31.2,4.0,ml,guc
2003-06-21,08:15:13,-71.58,-30.63,27.2,2.7,ml,guc
2003-06-21,08:26:25,-71.61,-30.76,34.8,3.3,md,guc
2003-06-21,08:54:07,-72.18,-30.54,36.0,3.6,md,guc
2003-06-21,09:05:51,-71.66,-30.64,27.9,2.9,ml,guc
2003-06-21,09:07:39,-71.59,-30.62,32.6,2.5,ml,guc
2003-06-21,09:13:15,-71.62,-30.62,32.2,2.9,ml,guc
2003-06-21,09:45:14,-72.24,-30.64,19.0,4.3,ml,guc
2003-06-21,10:07:01,-71.62,-30.74,32.1,2.8,ml,guc
2003-06-21,10:43:17,-71.78,-32.67,11.2,3.3,md,guc
2003-06-21,11:01:15,-71.62,-30.73,24.8,2.7,ml,guc
2003-06-21,11:18:27,-71.77,-30.65,15.0,4.4,mb,us
2003-06-21,11:38:16,-71.65,-30.73,34.7,3.1,md,guc
2003-06-21,11:46:54,-71.77,-30.85,15.0,2.5,ml,guc
2003-06-21,12:31:58,-71.99,-32.97,2.1,2.4,ml,guc
2003-06-21,12:54:57,-71.77,-30.72,8.7,2.6,ml,guc
2003-06-21,13:56:29,-71.5,-30.68,46.8,3.2,md,guc
2003-06-21,14:09:37,-71.69,-30.58,17.6,3.5,ml,guc
2003-06-21,14:38:33,-71.71,-30.62,26.6,2.8,ml,guc
2003-06-21,15:03:49,-70.72,-33.43,76.4,2.8,md,guc
2003-06-21,15:18:12,-71.65,-30.79,27.0,2.4,ml,guc
2003-06-21,16:02:55,-71.7,-32.31,44.4,3.5,md,guc
2003-06-21,16:33:39,-71.68,-30.64,29.0,2.5,ml,guc
2003-06-21,16:53:00,-71.71,-30.68,24.4,2.6,ml,guc
2003-06-21,17:17:36,-71.64,-30.64,34.1,3.4,md,guc
2003-06-21,17:28:31,-72.16,-30.66,22.9,3.7,ml,guc
2003-06-21,18:20:05,-71.69,-30.63,27.0,2.2,ml,guc
2003-06-21,18:26:42,-70.94,-34.5,33.0,0.0,,us
2003-06-21,18:29:13,-71.69,-30.7,26.7,4.2,ml,guc
2003-06-21,18:53:54,-71.59,-30.69,32.0,3.5,ml,guc
2003-06-21,19:30:51,-71.79,-30.72,32.6,4.4,ml,guc
2003-06-21,19:40:04,-71.77,-30.72,9.6,3.4,ml,guc
2003-06-21,19:52:48,-71.72,-30.67,27.5,2.1,ml,guc
2003-06-21,20:11:31,-71.65,-30.67,28.3,2.5,ml,guc
2003-06-21,20:34:37,-71.37,-30.6,46.6,3.3,md,guc
2003-06-21,20:54:00,-71.76,-30.71,12.9,3.9,ml,guc
2003-06-21,21:00:22,-71.81,-30.7,27.8,4.4,mb,us
2003-06-21,21:37:03,-72.15,-30.59,11.0,2.8,ml,guc
2003-06-21,21:59:57,-71.72,-30.65,14.5,2.6,ml,guc
2003-06-21,22:24:12,-71.54,-30.7,37.5,3.1,md,guc
2003-06-21,22:27:00,-71.75,-30.74,12.3,3.1,ml,guc
2003-06-21,22:28:52,-71.76,-30.75,9.5,2.5,ml,guc
2003-06-21,22:39:20,-70.57,-32.69,94.0,2.7,md,guc
2003-06-22,03:22:37,-71.76,-30.7,21.0,2.7,ml,guc
2003-06-22,03:50:28,-71.75,-30.78,6.9,2.5,ml,guc
2003-06-22,03:51:23,-71.58,-30.66,35.0,0.0,,us
2003-06-22,03:57:56,-71.69,-30.72,11.7,2.6,ml,guc
2003-06-22,03:58:23,-71.0,-33.12,15.0,2.6,md,guc
2003-06-22,04:40:28,-71.71,-30.66,25.7,2.5,ml,guc
2003-06-22,04:51:22,-71.67,-30.66,31.5,2.7,ml,guc
2003-06-22,05:17:38,-71.64,-30.64,31.0,3.3,ml,guc
2003-06-22,05:31:27,-71.55,-30.6,33.8,3.2,md,guc
2003-06-22,05:47:49,-71.56,-30.66,20.2,3.3,ml,guc
2003-06-22,06:28:27,-71.73,-30.66,20.0,2.3,ml,guc
2003-06-22,06:36:53,-71.72,-30.75,20.3,3.9,ml,guc
2003-06-22,07:09:15,-71.78,-30.87,11.9,3.1,ml,guc
2003-06-22,07:13:02,-71.78,-30.88,15.0,2.7,ml,guc
2003-06-22,07:25:53,-71.75,-30.88,15.0,2.5,ml,guc
2003-06-22,09:30:34,-72.23,-30.35,36.5,4.0,md,guc
2003-06-22,09:35:57,-71.72,-30.71,8.7,3.9,ml,guc
2003-06-22,10:02:53,-71.73,-30.68,14.2,2.3,ml,guc
2003-06-22,10:06:57,-71.71,-30.64,30.0,2.4,ml,guc
2003-06-22,10:14:38,-71.67,-30.69,25.4,3.2,ml,guc
2003-06-22,11:03:59,-71.59,-30.61,39.8,0.0,,us
2003-06-22,11:13:49,-71.83,-30.73,15.1,2.4,ml,guc
2003-06-22,11:16:24,-71.63,-30.7,31.4,2.9,ml,guc
2003-06-22,11:39:04,-71.72,-30.68,15.0,2.7,ml,guc
2003-06-22,12:01:19,-71.59,-30.69,32.0,2.4,ml,guc
2003-06-22,12:21:17,-71.77,-30.85,12.7,2.6,ml,guc
2003-06-22,12:23:59,-71.8,-30.85,14.1,3.5,ml,guc
2003-06-22,12:42:04,-71.76,-30.72,9.3,2.4,ml,guc
2003-06-22,12:47:16,-71.69,-30.64,15.0,3.6,ml,guc
2003-06-22,13:14:16,-71.95,-30.7,4.3,2.1,ml,guc
2003-06-22,13:35:32,-71.81,-30.76,9.9,2.8,ml,guc
2003-06-22,13:55:10,-71.83,-30.76,12.7,3.4,ml,guc
2003-06-22,14:52:51,-78.97,-9.77,33.0,4.2,mb,us
2003-06-22,15:03:42,-71.26,-35.19,81.5,2.2,md,guc
2003-06-22,15:38:54,-71.74,-30.74,14.8,2.7,ml,guc
2003-06-22,15:43:24,-71.68,-30.66,27.8,3.8,ml,guc
2003-06-22,16:37:45,-71.64,-30.68,31.9,2.6,ml,guc
2003-06-22,17:21:58,-71.7,-30.74,29.5,3.0,ml,guc
2003-06-22,17:58:44,-70.29,-33.16,4.6,2.4,ml,guc
2003-06-22,18:22:17,-71.72,-30.71,23.0,2.9,ml,guc
2003-06-22,18:41:47,-71.76,-30.62,15.2,3.9,ml,guc
2003-06-22,18:44:51,-71.2,-33.06,62.2,3.6,md,guc
2003-06-22,18:49:42,-71.01,-34.15,74.4,3.6,md,guc
2003-06-22,19:13:56,-71.69,-30.73,17.4,4.0,ml,guc
2003-06-22,19:41:11,-71.85,-30.76,15.2,2.3,ml,guc
2003-06-22,19:48:34,-71.72,-30.73,27.5,3.0,ml,guc
2003-06-22,19:58:45,-71.76,-30.7,20.2,3.8,ml,guc
2003-06-22,20:21:39,-71.75,-30.6,25.0,2.3,ml,guc
2003-06-22,21:08:39,-71.68,-30.59,15.9,3.5,ml,guc
2003-06-22,21:21:50,-70.28,-33.13,2.7,1.7,ml,guc
2003-06-22,21:31:25,-71.68,-35.4,79.6,3.1,md,guc
2003-06-22,21:34:53,-71.73,-30.69,9.5,4.1,ml,guc
2003-06-22,21:54:32,-71.7,-30.66,32.9,4.1,ml,guc
2003-06-22,22:19:50,-71.86,-30.74,24.0,4.0,mb,us
2003-06-22,22:34:11,-71.8,-30.76,9.8,2.8,ml,guc
2003-06-22,23:04:43,-71.56,-30.64,35.9,3.3,md,guc
2003-06-22,23:38:34,-71.64,-30.67,31.5,2.7,ml,guc
2003-06-22,23:53:14,-71.7,-30.69,11.3,2.5,ml,guc
2003-06-22,23:53:30,-70.18,-19.27,78.5,4.4,mb,us
2003-06-23,00:13:19,-71.59,-30.65,32.8,3.7,md,guc
2003-06-23,00:27:17,-71.61,-30.66,31.0,3.2,ml,guc
2003-06-23,00:31:15,-68.97,-32.82,150.0,3.3,md,guc
2003-06-23,00:57:38,-71.71,-30.72,10.4,2.7,ml,guc
2003-06-23,01:02:16,-71.7,-30.76,11.2,3.0,ml,guc
2003-06-23,01:14:45,-71.74,-30.64,15.1,3.3,ml,guc
2003-06-23,01:25:24,-71.26,-32.14,76.5,3.0,md,guc
2003-06-23,02:48:20,-69.48,-31.5,155.9,3.2,md,guc
2003-06-23,03:13:16,-70.34,-34.0,114.9,4.4,mb,us
2003-06-23,04:27:10,-103.66,-35.92,10.0,4.5,mb,us
2003-06-23,04:37:49,-66.27,-22.96,227.2,4.2,mb,us
2003-06-23,05:04:58,-71.57,-30.59,34.0,3.5,md,guc
2003-06-23,06:17:16,-71.75,-30.7,17.2,2.8,ml,guc
2003-06-23,06:22:48,-71.86,-30.88,1.1,2.7,ml,guc
2003-06-23,06:28:42,-71.87,-30.88,1.1,2.7,ml,guc
2003-06-23,06:41:15,-71.78,-30.81,20.0,3.1,ml,guc
2003-06-23,06:59:48,-71.85,-30.77,6.1,2.6,ml,guc
2003-06-23,07:08:24,-72.16,-30.36,41.1,3.6,md,guc
2003-06-23,07:10:51,-71.58,-30.67,25.0,2.7,ml,guc
2003-06-23,07:26:28,-71.54,-30.65,36.9,3.4,md,guc
2003-06-23,07:40:54,-71.73,-30.73,23.5,3.6,ml,guc
2003-06-23,08:22:42,-71.7,-30.66,30.9,3.0,ml,guc
2003-06-23,08:25:50,-71.54,-30.69,27.5,2.6,ml,guc
2003-06-23,08:56:03,-71.66,-30.69,32.4,2.3,ml,guc
2003-06-23,09:05:59,-71.71,-30.72,25.0,2.6,ml,guc
2003-06-23,09:18:27,-71.66,-30.61,31.1,3.4,ml,guc
2003-06-23,09:29:29,-71.61,-30.66,31.2,2.7,ml,guc
2003-06-23,09:32:22,-71.8,-30.78,28.0,2.8,ml,guc
2003-06-23,09:39:53,-71.75,-30.73,9.9,3.6,ml,guc
2003-06-23,10:12:14,-71.73,-30.68,16.0,2.6,ml,guc
2003-06-23,11:06:13,-71.89,-30.76,17.0,4.2,ml,guc
2003-06-23,11:28:02,-71.68,-30.59,28.3,3.0,ml,guc
2003-06-23,11:40:18,-71.12,-33.95,71.0,2.7,md,guc
2003-06-23,13:23:21,-71.54,-30.59,40.1,3.1,md,guc
2003-06-23,13:32:33,-71.6,-30.63,41.3,0.0,,us
2003-06-23,15:52:49,-71.72,-30.76,8.9,2.9,ml,guc
2003-06-23,16:01:14,-71.79,-30.75,25.0,3.4,md,guc
2003-06-23,16:46:22,-72.1,-33.54,39.4,3.7,md,guc
2003-06-23,17:27:24,-71.73,-30.7,15.5,4.5,mb,us
2003-06-23,20:06:37,-71.55,-30.81,23.1,3.2,ml,guc
2003-06-24,01:33:42,-71.71,-30.65,24.6,2.8,ml,guc
2003-06-24,01:44:20,-71.56,-30.63,35.5,3.1,md,guc
2003-06-24,01:53:43,-71.73,-30.8,34.8,3.1,md,guc
2003-06-24,02:05:48,-71.68,-30.63,11.9,2.5,ml,guc
2003-06-24,02:15:44,-71.63,-30.88,36.6,3.0,md,guc
2003-06-24,02:18:23,-71.71,-30.89,25.5,2.7,ml,guc
2003-06-24,02:24:22,-71.6,-30.64,34.4,3.7,md,guc
2003-06-24,02:35:29,-71.53,-30.63,46.4,3.3,md,guc
2003-06-24,03:40:28,-71.8,-32.77,29.0,2.7,ml,guc
2003-06-24,03:52:53,-72.15,-33.84,37.9,3.1,md,guc
2003-06-24,05:15:54,-71.6,-30.66,35.5,3.6,md,guc
2003-06-24,05:49:21,-71.68,-30.76,17.3,3.0,ml,guc
2003-06-24,07:04:46,-71.54,-30.69,35.9,3.4,md,guc
2003-06-24,07:31:27,-69.03,-23.38,91.6,4.6,mb,us
2003-06-24,08:47:51,-71.62,-30.6,35.0,4.0,md,guc
2003-06-24,08:54:33,-72.21,-15.2,121.5,4.4,mb,us
2003-06-24,11:32:33,-69.91,-31.69,147.5,3.3,md,guc
2003-06-24,13:11:27,-71.61,-30.44,30.6,3.7,ml,guc
2003-06-24,14:20:23,-71.7,-30.66,29.0,3.2,ml,guc
2003-06-24,14:22:57,-69.69,-31.93,146.3,3.1,md,guc
2003-06-24,16:34:42,-71.7,-32.05,24.3,2.9,ml,guc
2003-06-24,16:37:20,-71.6,-30.43,32.6,3.2,ml,guc
2003-06-24,16:43:36,-71.74,-30.69,18.7,4.2,ml,guc
2003-06-24,18:42:44,-71.71,-30.78,8.4,3.5,ml,guc
2003-06-24,19:08:44,-71.52,-30.64,24.6,3.4,ml,guc
2003-06-24,19:31:01,-71.26,-29.54,29.5,4.8,ml,guc
2003-06-24,19:53:10,-71.48,-30.13,38.9,3.5,md,guc
2003-06-24,20:17:46,-71.79,-30.81,8.1,3.5,ml,guc
2003-06-24,21:05:44,-71.62,-30.73,30.8,2.9,ml,guc
2003-06-24,22:18:59,-71.59,-35.57,107.3,3.3,md,guc
2003-06-24,22:34:19,-71.78,-30.74,27.2,3.4,ml,guc
2003-06-24,23:46:54,-71.77,-30.76,20.2,4.5,mb,us
2003-06-25,04:33:37,-71.82,-30.73,24.6,4.4,ml,guc
2003-06-25,06:01:33,-71.78,-30.74,14.3,2.6,ml,guc
2003-06-25,06:08:00,-71.71,-30.7,11.2,2.3,ml,guc
2003-06-25,07:14:57,-71.24,-29.59,49.0,0.0,,us
2003-06-25,07:18:47,-71.74,-30.73,26.6,2.4,ml,guc
2003-06-25,07:32:55,-123.09,-55.4,10.0,5.0,mwc,hrv
2003-06-25,08:38:19,-71.63,-30.65,33.6,2.5,ml,guc
2003-06-25,09:01:39,-71.68,-30.7,29.1,3.6,ml,guc
2003-06-25,09:36:23,-71.81,-30.72,18.1,4.1,ml,guc
2003-06-25,09:44:54,-71.74,-30.68,15.0,2.4,ml,guc
2003-06-25,09:49:20,-68.59,-22.2,118.9,3.9,mb,us
2003-06-25,09:55:26,-71.74,-30.68,13.0,2.8,ml,guc
2003-06-25,11:53:17,-71.77,-30.72,34.7,0.0,,us
2003-06-25,12:00:55,-71.76,-30.68,15.0,3.3,ml,guc
2003-06-25,14:40:05,-73.62,-36.54,45.8,4.0,md,guc
2003-06-25,18:17:39,-70.86,-32.99,13.0,3.3,ml,guc
2003-06-25,18:41:25,-71.65,-30.7,33.1,3.7,ml,guc
2003-06-25,20:06:39,-71.7,-30.76,30.1,3.5,ml,guc
2003-06-25,20:13:34,-71.36,-32.39,48.7,3.6,md,guc
2003-06-25,21:27:11,-70.62,-34.16,89.4,2.5,md,guc
2003-06-25,21:45:06,-70.29,-33.15,1.0,1.7,ml,guc
2003-06-26,01:00:49,-70.25,-32.92,103.6,2.3,md,guc
2003-06-26,01:25:46,-71.71,-30.67,15.0,3.5,ml,guc
2003-06-26,01:40:18,-71.84,-30.78,15.0,2.2,ml,guc
2003-06-26,02:14:30,-71.67,-30.68,11.5,2.6,ml,guc
2003-06-26,03:02:12,-71.75,-30.69,24.0,2.7,ml,guc
2003-06-26,04:04:17,-71.61,-30.7,32.1,2.5,ml,guc
2003-06-26,04:30:02,-71.56,-30.42,36.5,4.1,md,guc
2003-06-26,04:52:07,-71.79,-30.93,30.5,2.5,ml,guc
2003-06-26,06:16:16,-71.74,-30.69,13.5,2.4,ml,guc
2003-06-26,06:35:29,-71.7,-30.67,32.6,3.5,ml,guc
2003-06-26,07:18:18,-71.74,-30.68,13.3,2.5,ml,guc
2003-06-26,07:30:27,-71.72,-30.76,10.3,2.5,ml,guc
2003-06-26,08:26:52,-71.65,-30.67,29.7,3.1,ml,guc
2003-06-26,08:35:04,-71.5,-30.63,34.7,0.0,,us
2003-06-26,08:37:26,-71.6,-30.53,28.3,2.4,ml,guc
2003-06-26,09:05:45,-71.61,-30.65,31.1,2.6,ml,guc
2003-06-26,09:29:32,-71.65,-30.71,29.7,4.6,ml,guc
2003-06-26,09:42:12,-71.8,-30.89,11.5,3.2,ml,guc
2003-06-26,11:00:22,-71.84,-32.72,13.9,2.4,ml,guc
2003-06-26,12:43:43,-68.66,-33.67,8.0,2.6,ml,guc
2003-06-26,12:46:18,-71.67,-30.74,15.0,3.0,ml,guc
2003-06-26,12:55:16,-71.72,-30.61,25.9,3.0,ml,guc
2003-06-26,12:57:28,-71.69,-30.73,27.0,2.8,ml,guc
2003-06-26,14:57:57,-72.09,-32.92,32.5,2.7,ml,guc
2003-06-26,15:12:04,-71.49,-31.99,28.0,2.7,ml,guc
2003-06-26,16:49:52,-70.3,-33.87,116.5,3.2,md,guc
2003-06-26,17:37:49,-71.94,-30.56,48.3,4.5,mb,us
2003-06-26,18:08:39,-71.36,-30.7,42.9,4.1,md,guc
2003-06-26,19:53:58,-71.75,-30.69,22.6,3.1,ml,guc
2003-06-26,20:16:04,-70.5,-31.7,10.0,2.2,ml,guc
2003-06-26,20:54:12,-71.69,-31.62,31.1,3.1,ml,guc
2003-06-26,21:06:07,-71.75,-30.69,15.2,2.4,ml,guc
2003-06-26,21:35:11,-71.62,-30.74,33.9,2.8,ml,guc
2003-06-26,22:03:16,-72.13,-30.58,37.0,4.2,md,guc
2003-06-26,22:56:17,-72.22,-30.57,27.7,3.1,ml,guc
2003-06-27,00:46:28,-72.18,-30.57,15.4,3.3,ml,guc
2003-06-27,01:00:04,-66.59,-31.47,33.0,0.0,,us
2003-06-27,01:56:56,-70.78,-32.26,65.9,2.8,md,guc
2003-06-27,05:08:24,-71.64,-29.24,42.1,0.0,,us
2003-06-27,05:39:49,-71.61,-30.63,33.8,3.4,md,guc
2003-06-27,06:54:48,-71.63,-30.62,32.3,2.7,ml,guc
2003-06-27,07:04:45,-72.37,-34.45,15.0,3.5,md,guc
2003-06-27,07:41:04,-71.72,-30.71,9.9,2.3,ml,guc
2003-06-27,07:48:12,-71.72,-30.66,20.0,2.8,ml,guc
2003-06-27,07:56:17,-71.68,-30.69,11.7,2.5,ml,guc
2003-06-27,09:27:47,-70.14,-31.76,147.0,3.5,md,guc
2003-06-27,09:37:15,-71.9,-30.66,16.3,4.5,ml,guc
2003-06-27,12:24:07,-71.81,-32.71,30.0,4.1,ml,guc
2003-06-27,13:15:12,-72.04,-34.63,45.6,3.3,md,guc
2003-06-27,13:49:40,-70.41,-31.82,123.4,2.9,md,guc
2003-06-27,16:04:14,-71.72,-30.68,13.7,3.2,ml,guc
2003-06-27,16:11:00,-71.71,-30.62,25.0,3.1,ml,guc
2003-06-27,17:05:07,-71.28,-27.66,47.0,4.7,mb,us
2003-06-27,18:03:00,-70.27,-33.15,5.7,1.8,ml,guc
2003-06-27,19:45:05,-73.23,-36.1,10.6,3.0,ml,guc
2003-06-27,20:26:12,-71.15,-27.72,42.1,0.0,,us
2003-06-27,20:52:39,-72.14,-32.78,27.8,2.6,ml,guc
2003-06-27,21:07:40,-71.65,-30.63,34.4,4.4,md,guc
2003-06-27,22:50:56,-71.82,-32.72,8.5,2.3,ml,guc
2003-06-27,23:22:04,-71.53,-35.83,81.3,3.7,md,guc
2003-06-28,03:08:42,-70.36,-34.51,120.0,2.2,md,guc
2003-06-28,03:32:36,-72.15,-32.95,28.7,2.9,ml,guc
2003-06-28,03:56:54,-71.58,-30.64,33.4,2.4,ml,guc
2003-06-28,04:09:15,-70.68,-33.7,27.1,2.6,md,guc
2003-06-28,05:15:38,-72.02,-32.98,15.0,2.5,ml,guc
2003-06-28,05:50:46,-66.68,-23.28,203.6,4.3,mb,us
2003-06-28,05:57:08,-71.18,-34.8,72.1,3.4,md,guc
2003-06-28,08:30:56,-70.34,-31.84,111.3,3.0,md,guc
2003-06-28,09:45:38,-71.76,-30.69,20.0,2.2,ml,guc
2003-06-28,10:29:43,-71.65,-35.04,51.7,3.2,md,guc
2003-06-28,11:10:09,-71.68,-30.62,30.6,2.4,ml,guc
2003-06-28,11:18:15,-71.62,-30.64,32.7,3.2,ml,guc
2003-06-28,11:54:16,-71.32,-29.87,45.5,0.0,,us
2003-06-28,12:27:29,-71.14,-32.12,76.1,3.1,md,guc
2003-06-28,14:46:07,-71.7,-30.66,23.0,2.1,ml,guc
2003-06-28,17:04:50,-71.63,-30.63,30.4,3.1,ml,guc
2003-06-28,17:54:28,-70.25,-33.11,1.3,1.7,ml,guc
2003-06-28,21:29:45,-69.31,-28.28,125.0,0.0,,us
2003-06-28,21:57:11,-71.73,-30.62,12.8,3.1,ml,guc
2003-06-28,22:13:52,-68.62,-31.04,100.6,4.0,mb,us
2003-06-28,22:41:02,-70.97,-34.2,71.3,1.9,md,guc
2003-06-28,23:13:17,-68.9,-31.48,150.0,3.3,md,guc
2003-06-28,23:58:50,-71.72,-30.71,12.3,3.5,ml,guc
2003-06-29,00:41:34,-71.39,-30.81,47.0,3.3,md,guc
2003-06-29,00:47:12,-71.58,-30.65,39.2,3.1,md,guc
2003-06-29,00:48:17,-71.85,-30.83,16.0,2.0,ml,guc
2003-06-29,01:01:46,-71.83,-30.83,25.0,2.2,ml,guc
2003-06-29,03:03:45,-71.82,-30.77,18.0,2.6,ml,guc
2003-06-29,04:14:16,-71.79,-30.76,15.2,2.3,ml,guc
2003-06-29,05:38:09,-71.86,-30.95,15.0,3.0,ml,guc
2003-06-29,06:32:36,-71.77,-30.7,18.0,2.7,ml,guc
2003-06-29,07:52:55,-71.62,-30.69,33.0,4.3,ml,guc
2003-06-29,08:02:34,-71.59,-30.68,31.9,2.5,ml,guc
2003-06-29,09:04:47,-71.34,-29.44,65.0,3.7,md,guc
2003-06-29,09:08:02,-70.46,-32.72,100.8,3.7,md,guc
2003-06-29,14:09:22,-71.75,-30.7,18.0,2.3,ml,guc
2003-06-29,15:10:38,-70.26,-33.15,4.8,1.6,ml,guc
2003-06-29,15:41:40,-71.74,-30.64,14.7,3.0,ml,guc
2003-06-29,18:59:51,-71.98,-30.86,8.0,3.3,ml,guc
2003-06-29,21:43:01,-73.1,-33.7,33.3,3.4,md,guc
2003-06-30,01:07:24,-72.02,-33.56,8.4,2.3,ml,guc
2003-06-30,01:24:56,-71.56,-30.68,41.2,3.5,md,guc
2003-06-30,02:22:58,-71.91,-31.01,11.2,3.4,ml,guc
2003-06-30,02:39:33,-71.76,-30.69,14.7,2.1,ml,guc
2003-06-30,04:19:20,-71.54,-30.63,44.8,3.2,md,guc
2003-06-30,07:43:07,-71.81,-30.86,25.0,2.4,ml,guc
2003-06-30,08:23:32,-71.73,-30.69,18.0,2.1,ml,guc
2003-06-30,21:00:38,-70.5,-34.2,13.3,1.9,ml,guc
2003-06-30,21:50:29,-76.3,-13.9,33.0,4.6,mb,us
2003-06-30,22:37:52,-72.39,-34.45,38.3,3.0,md,guc
2003-07-01,00:08:20,-71.81,-30.8,15.0,2.4,ml,guc
2003-07-01,01:30:45,-71.79,-30.81,21.0,2.2,ml,guc
2003-07-01,02:14:49,-71.71,-30.71,29.5,2.4,ml,guc
2003-07-01,02:27:56,-71.79,-30.84,31.1,3.0,ml,guc
2003-07-01,02:42:39,-72.09,-32.97,15.0,3.1,md,guc
2003-07-01,05:41:31,-71.25,-31.82,81.2,2.7,md,guc
2003-07-01,05:47:26,-71.55,-32.3,55.1,2.8,md,guc
2003-07-01,05:52:17,-70.42,-33.69,95.8,1.9,md,guc
2003-07-01,07:06:26,-71.55,-30.7,39.4,3.1,md,guc
2003-07-01,08:11:54,-66.68,-32.21,160.0,4.0,md,guc
2003-07-01,09:27:33,-71.76,-30.69,21.6,2.5,ml,guc
2003-07-01,12:50:50,-71.46,-32.34,53.2,3.4,md,guc
2003-07-01,17:56:40,-70.25,-33.13,3.1,1.9,ml,guc
2003-07-01,18:18:24,-67.12,-21.94,185.3,4.1,mb,us
2003-07-01,19:06:53,-70.41,-28.17,41.6,0.0,,us
2003-07-02,03:35:17,-71.72,-30.72,36.9,2.8,md,guc
2003-07-02,06:01:58,-71.33,-31.72,45.2,2.8,md,guc
2003-07-02,10:23:07,-71.68,-32.23,25.9,3.6,ml,guc
2003-07-02,10:48:05,-71.7,-30.7,21.7,2.3,ml,guc
2003-07-02,12:27:59,-71.56,-30.6,40.0,3.8,md,guc
2003-07-02,17:02:59,-72.12,-33.92,36.4,3.6,md,guc
2003-07-02,19:41:54,-70.32,-31.74,123.9,2.6,md,guc
2003-07-02,20:17:12,-71.75,-30.86,7.6,3.1,ml,guc
2003-07-02,20:30:38,-76.38,-11.49,85.8,4.5,mb,us
2003-07-03,04:11:24,-71.77,-32.67,13.9,2.7,ml,guc
2003-07-03,04:46:17,-69.46,-32.08,160.8,3.1,md,guc
2003-07-03,06:21:07,-71.71,-30.74,11.2,3.1,ml,guc
2003-07-03,11:59:07,-71.29,-30.74,60.4,4.5,mb,us
2003-07-03,13:06:39,-71.71,-30.82,26.3,3.9,ml,guc
2003-07-03,17:37:17,-70.47,-34.42,115.7,2.6,md,guc
2003-07-03,17:45:41,-71.67,-30.72,27.8,2.9,ml,guc
2003-07-03,17:57:00,-70.27,-33.13,2.0,2.5,ml,guc
2003-07-03,18:58:55,-69.81,-31.93,129.9,3.4,md,guc
2003-07-03,20:58:51,-70.57,-31.73,14.5,2.5,ml,guc
2003-07-04,00:04:17,-71.7,-29.45,45.4,3.6,md,guc
2003-07-04,01:32:25,-71.49,-30.7,41.6,3.5,md,guc
2003-07-04,03:01:46,-71.81,-30.89,15.0,2.2,ml,guc
2003-07-04,03:52:22,-71.83,-30.84,26.3,2.2,ml,guc
2003-07-04,04:09:43,-71.79,-30.84,31.2,2.0,ml,guc
2003-07-04,04:21:25,-71.82,-30.82,17.7,3.7,ml,guc
2003-07-04,04:57:45,-71.67,-30.8,38.1,0.0,,us
2003-07-04,05:21:42,-71.34,-30.77,48.3,3.5,md,guc
2003-07-04,06:04:12,-70.72,-30.84,103.5,3.8,md,guc
2003-07-04,06:11:34,-72.14,-30.78,43.9,3.7,md,guc
2003-07-04,06:26:02,-71.7,-30.63,30.2,2.1,ml,guc
2003-07-04,06:49:52,-71.61,-30.85,70.7,2.9,md,guc
2003-07-04,07:07:50,-72.04,-30.88,22.7,3.5,ml,guc
2003-07-04,07:54:28,-71.82,-30.84,15.0,2.5,ml,guc
2003-07-04,09:31:36,-71.72,-30.71,13.2,3.2,ml,guc
2003-07-04,15:31:53,-71.01,-28.05,47.5,4.2,md,guc
2003-07-04,17:00:33,-70.7,-32.58,92.6,2.4,md,guc
2003-07-04,17:50:21,-70.28,-33.14,4.2,1.8,ml,guc
2003-07-04,21:25:40,-70.31,-34.04,1.0,2.6,ml,guc
2003-07-04,22:05:43,-68.97,-31.29,143.4,3.5,md,guc
2003-07-04,23:02:45,-72.06,-31.05,4.0,3.3,ml,guc
2003-07-05,00:46:06,-71.7,-30.65,36.1,3.8,md,guc
2003-07-05,01:24:45,-71.58,-30.65,36.6,3.7,md,guc
2003-07-05,02:45:24,-71.81,-30.81,35.0,3.8,md,guc
2003-07-05,04:12:06,-71.76,-31.35,55.0,2.9,md,guc
2003-07-05,05:06:55,-70.57,-33.74,88.0,2.8,md,guc
2003-07-05,06:18:48,-71.25,-34.34,61.5,2.8,md,guc
2003-07-05,06:50:22,-70.32,-33.89,119.7,3.1,md,guc
2003-07-05,07:39:08,-71.66,-30.64,35.0,3.4,md,guc
2003-07-05,09:52:39,-69.3,-27.7,110.0,3.8,md,guc
2003-07-05,12:30:54,-71.84,-32.57,40.1,3.4,md,guc
2003-07-05,13:00:17,-71.8,-30.81,38.8,3.7,md,guc
2003-07-05,13:26:50,-70.38,-32.16,121.6,3.6,md,guc
2003-07-05,14:14:02,-71.6,-30.6,34.1,3.9,md,guc
2003-07-05,17:31:28,-71.09,-34.92,94.8,2.9,md,guc
2003-07-05,20:46:38,-71.75,-30.71,14.4,2.1,ml,guc
2003-07-05,23:14:35,-72.49,-35.11,33.7,3.6,md,guc
2003-07-06,00:01:37,-71.22,-32.77,53.1,3.1,md,guc
2003-07-06,01:04:33,-68.86,-31.3,150.0,3.8,md,guc
2003-07-06,01:29:15,-72.02,-35.06,65.6,2.9,md,guc
2003-07-06,02:46:39,-72.2,-30.64,5.0,2.5,ml,guc
2003-07-06,03:48:04,-70.99,-35.01,103.0,3.1,md,guc
2003-07-06,05:21:15,-71.81,-30.84,25.0,2.6,ml,guc
2003-07-06,05:38:04,-69.72,-32.02,143.7,3.0,md,guc
2003-07-06,07:24:55,-72.06,-30.87,8.2,3.2,ml,guc
2003-07-06,08:26:58,-72.12,-32.98,15.0,2.5,ml,guc
2003-07-06,08:58:50,-71.62,-30.73,31.0,2.3,ml,guc
2003-07-06,09:38:16,-69.07,-32.59,155.0,3.1,md,guc
2003-07-06,12:01:36,-71.81,-30.85,25.8,3.1,ml,guc
2003-07-06,13:01:01,-70.1,-31.75,150.0,0.0,,us
2003-07-06,13:54:24,-67.56,-21.34,200.7,0.0,,us
2003-07-06,14:48:05,-71.24,-34.38,79.4,2.2,md,guc
2003-07-06,15:42:26,-71.73,-30.72,19.9,4.2,ml,guc
2003-07-06,16:25:37,-71.76,-30.71,15.0,2.5,ml,guc
2003-07-06,16:54:49,-70.96,-31.77,90.7,3.1,md,guc
2003-07-06,18:46:39,-71.74,-30.73,25.2,4.0,ml,guc
2003-07-06,19:32:59,-70.28,-33.14,6.1,2.6,ml,guc
2003-07-06,20:45:12,-70.57,-31.69,11.9,0.0,,us
2003-07-07,01:23:36,-71.82,-30.68,15.0,2.9,ml,guc
2003-07-07,01:46:15,-71.67,-30.73,12.4,3.0,ml,guc
2003-07-07,02:03:24,-69.85,-31.8,152.2,3.3,md,guc
2003-07-07,04:24:39,-71.6,-30.71,33.1,2.9,md,guc
2003-07-07,06:27:56,-71.61,-32.9,57.5,2.9,md,guc
2003-07-07,06:35:00,-71.7,-30.73,20.0,2.1,ml,guc
2003-07-07,06:55:18,-69.95,-31.62,156.3,3.2,md,guc
2003-07-07,07:03:12,-71.56,-30.68,29.8,2.2,ml,guc
2003-07-07,08:39:23,-71.15,-32.03,85.6,3.3,md,guc
2003-07-07,13:52:34,-70.78,-34.12,83.7,2.3,md,guc
2003-07-07,14:36:43,-73.06,-32.91,20.3,3.1,ml,guc
2003-07-07,15:54:52,-71.98,-33.42,4.0,3.3,md,guc
2003-07-07,16:04:54,-71.74,-30.86,18.0,2.6,ml,guc
2003-07-07,18:16:40,-71.74,-30.67,18.0,3.4,ml,guc
2003-07-07,21:13:58,-71.52,-30.62,45.8,3.3,md,guc
2003-07-07,23:30:40,-66.66,-24.1,200.0,4.4,mb,us
2003-07-08,00:30:16,-71.79,-30.8,21.0,2.5,ml,guc
2003-07-08,00:58:11,-71.1,-29.05,67.2,4.1,mb,us
2003-07-08,02:44:29,-71.22,-30.15,33.0,2.4,ml,guc
2003-07-08,03:25:32,-71.86,-7.03,519.4,5.2,mwc,hrv
2003-07-08,07:31:11,-70.81,-33.95,83.3,2.2,md,guc
2003-07-08,09:21:28,-71.62,-30.71,31.7,2.3,ml,guc
2003-07-08,14:19:41,-71.72,-30.69,27.0,2.6,ml,guc
2003-07-08,18:27:14,-71.61,-30.75,33.6,3.5,md,guc
2003-07-08,19:26:24,-82.34,-66.48,10.0,0.0,,us
2003-07-09,00:05:26,-71.02,-34.2,68.7,3.3,md,guc
2003-07-09,00:15:42,-69.74,-32.08,140.6,3.1,md,guc
2003-07-09,00:49:26,-71.76,-30.79,34.1,2.7,ml,guc
2003-07-09,02:19:08,-72.37,-33.41,37.2,3.8,md,guc
2003-07-09,03:06:55,-71.53,-30.65,37.3,3.6,md,guc
2003-07-09,04:14:21,-71.15,-29.22,72.6,0.0,,us
2003-07-09,05:52:44,-71.56,-30.63,39.3,4.0,md,guc
2003-07-09,07:40:09,-71.53,-30.63,27.2,2.4,ml,guc
2003-07-09,10:53:35,-71.75,-30.67,20.0,2.5,ml,guc
2003-07-09,19:23:36,-71.52,-32.69,27.2,4.9,mb,us
2003-07-09,19:31:05,-71.51,-32.71,24.2,3.2,ml,guc
2003-07-09,19:40:32,-71.52,-32.7,26.6,2.7,ml,guc
2003-07-09,20:00:27,-71.47,-32.72,23.8,2.1,ml,guc
2003-07-09,20:55:00,-71.5,-32.72,20.1,3.3,ml,guc
2003-07-09,21:03:45,-68.63,-33.94,15.4,3.4,ml,guc
2003-07-09,21:25:33,-71.7,-33.83,36.4,3.5,md,guc
2003-07-09,22:31:06,-71.5,-32.68,28.8,2.3,ml,guc
2003-07-10,03:26:21,-70.31,-31.7,124.7,2.8,md,guc
2003-07-10,04:54:20,-71.48,-32.67,27.9,2.3,ml,guc
2003-07-10,05:57:22,-70.25,-33.23,113.4,3.3,md,guc
2003-07-10,08:27:44,-70.41,-34.06,115.8,2.8,md,guc
2003-07-10,13:12:34,-71.13,-32.17,76.9,2.6,md,guc
2003-07-10,16:55:50,-70.22,-33.01,99.4,2.6,md,guc
2003-07-10,18:25:52,-71.06,-37.18,140.0,3.4,md,guc
2003-07-10,21:30:33,-70.4,-35.83,184.2,3.3,md,guc
2003-07-10,22:15:37,-71.51,-35.85,114.1,3.6,md,guc
2003-07-10,22:21:47,-69.29,-17.88,134.4,4.3,mb,us
2003-07-11,00:39:13,-70.27,-33.0,101.6,2.0,md,guc
2003-07-11,04:19:17,-70.92,-35.34,114.2,3.2,md,guc
2003-07-11,04:58:34,-71.97,-30.83,5.0,3.1,ml,guc
2003-07-11,05:38:32,-70.77,-32.69,72.8,3.0,md,guc
2003-07-11,07:14:18,-71.65,-32.58,29.2,3.5,md,guc
2003-07-11,08:30:52,-72.01,-32.98,15.0,2.1,ml,guc
2003-07-11,09:08:16,-70.13,-33.63,110.8,2.2,md,guc
2003-07-11,10:22:21,-70.52,-34.15,111.4,2.2,md,guc
2003-07-11,13:55:47,-71.42,-31.33,47.5,3.4,md,guc
2003-07-11,15:05:35,-68.75,-32.18,33.0,3.0,ml,guc
2003-07-11,16:37:31,-71.43,-31.33,47.2,3.5,md,guc
2003-07-11,18:05:52,-71.61,-36.28,119.6,0.0,,us
2003-07-11,18:07:20,-72.1,-34.14,41.8,3.3,md,guc
2003-07-11,20:42:15,-70.36,-31.71,10.0,2.8,ml,guc
2003-07-11,22:25:30,-71.86,-30.71,15.0,3.8,ml,guc
2003-07-11,23:46:58,-70.16,-31.86,123.3,2.8,md,guc
2003-07-12,00:48:37,-71.26,-37.37,150.0,3.4,md,guc
2003-07-12,04:42:32,-68.94,-31.34,135.0,3.6,md,guc
2003-07-12,04:57:40,-71.6,-30.7,29.1,2.3,ml,guc
2003-07-12,08:06:26,-69.81,-31.55,140.8,3.2,md,guc
2003-07-12,12:57:05,-70.5,-34.49,111.7,3.3,md,guc
2003-07-12,17:43:59,-68.79,-23.18,106.8,4.4,mb,us
2003-07-12,23:09:29,-71.66,-30.67,31.7,4.8,mb,us
2003-07-13,00:18:23,-71.64,-30.69,30.3,2.4,ml,guc
2003-07-13,00:49:13,-71.77,-30.61,17.7,4.3,ml,guc
2003-07-13,02:34:33,-72.26,-35.63,63.8,3.0,md,guc
2003-07-13,04:34:42,-68.92,-22.59,91.7,4.3,mb,us
2003-07-13,06:08:12,-71.33,-33.37,54.8,4.3,md,guc
2003-07-13,06:38:02,-71.05,-32.14,71.0,3.1,md,guc
2003-07-13,07:25:46,-68.38,-22.05,114.6,5.3,mwc,hrv
2003-07-13,09:25:57,-71.68,-30.62,30.8,2.9,ml,guc
2003-07-13,09:57:27,-71.74,-30.61,26.6,2.5,ml,guc
2003-07-13,10:32:57,-71.25,-30.63,53.1,3.6,md,guc
2003-07-13,11:11:27,-72.16,-33.02,15.0,3.4,md,guc
2003-07-13,11:21:16,-70.9,-34.17,79.3,2.2,md,guc
2003-07-13,13:00:00,-71.26,-30.86,58.8,2.5,md,guc
2003-07-13,23:22:13,-71.51,-32.62,28.7,3.4,md,guc
2003-07-14,02:22:02,-70.74,-30.31,81.8,3.2,md,guc
2003-07-14,03:29:49,-71.81,-30.86,15.0,2.4,ml,guc
2003-07-14,03:41:53,-70.21,-32.88,122.6,2.3,md,guc
2003-07-14,03:43:16,-71.61,-30.66,30.4,2.7,ml,guc
2003-07-14,03:53:59,-72.78,-31.18,25.0,3.6,ml,guc
2003-07-14,05:46:02,-71.69,-30.67,13.7,2.3,ml,guc
2003-07-14,06:08:31,-72.2,-30.98,22.1,3.1,ml,guc
2003-07-14,07:15:56,-72.73,-36.08,59.5,4.0,md,guc
2003-07-14,10:07:00,-71.1,-31.71,73.1,2.7,md,guc
2003-07-14,11:20:50,-71.88,-33.77,36.2,3.1,md,guc
2003-07-14,16:05:37,-71.75,-30.76,13.1,3.7,ml,guc
2003-07-14,16:32:39,-71.2,-35.25,105.3,3.3,md,guc
2003-07-14,17:52:34,-70.26,-33.15,4.7,2.4,ml,guc
2003-07-14,19:19:14,-70.25,-33.15,1.1,2.2,ml,guc
2003-07-15,00:07:31,-71.04,-34.18,70.8,1.4,md,guc
2003-07-15,00:16:13,-70.57,-34.02,104.6,1.9,md,guc
2003-07-15,00:17:47,-71.7,-30.64,10.7,2.4,ml,guc
2003-07-15,03:17:22,-69.15,-32.92,0.0,2.7,ml,guc
2003-07-15,03:56:38,-72.34,-34.67,15.0,3.0,md,guc
2003-07-15,06:08:07,-72.22,-30.89,33.0,4.2,mb,us
2003-07-15,06:24:05,-72.63,-15.46,125.5,4.5,mb,us
2003-07-15,06:27:47,-72.2,-30.9,15.3,2.6,ml,guc
2003-07-15,08:06:45,-71.83,-30.84,8.1,4.0,ml,guc
2003-07-15,09:20:16,-70.62,-33.19,91.3,3.3,md,guc
2003-07-15,12:16:02,-71.6,-30.77,19.1,4.0,ml,guc
2003-07-15,21:16:22,-70.83,-34.08,77.1,2.3,md,guc
2003-07-15,23:26:01,-71.7,-32.41,30.5,2.3,ml,guc
2003-07-16,01:13:01,-68.79,-31.42,140.0,3.5,md,guc
2003-07-16,03:51:05,-71.59,-32.64,30.2,2.1,ml,guc
2003-07-16,04:11:31,-71.75,-30.7,13.8,2.4,ml,guc
2003-07-16,04:37:50,-71.63,-30.71,32.4,4.3,ml,guc
2003-07-16,06:57:23,-70.36,-33.98,102.5,2.5,md,guc
2003-07-16,08:04:49,-71.1,-29.87,78.2,3.3,md,guc
2003-07-16,09:22:46,-70.24,-32.94,106.3,2.9,md,guc
2003-07-16,11:52:45,-71.63,-30.43,26.8,3.7,ml,guc
2003-07-16,12:21:00,-71.95,-32.55,8.3,2.7,ml,guc
2003-07-16,12:32:46,-70.24,-33.88,102.1,2.3,md,guc
2003-07-16,15:44:05,-71.97,-32.52,22.4,3.4,ml,guc
2003-07-16,17:54:34,-70.28,-33.14,3.7,2.2,ml,guc
2003-07-16,19:56:50,-72.58,-34.76,32.3,3.5,ml,guc
2003-07-16,20:13:06,-71.79,-36.02,85.0,3.1,md,guc
2003-07-16,21:24:02,-70.93,-33.65,67.8,2.4,md,guc
2003-07-17,00:53:24,-71.32,-30.93,57.4,2.9,md,guc
2003-07-17,01:21:53,-71.69,-30.73,25.9,3.1,ml,guc
2003-07-17,01:54:28,-68.49,-21.31,120.5,4.0,mb,us
2003-07-17,03:39:02,-71.08,-35.04,92.3,2.3,md,guc
2003-07-17,07:09:45,-71.69,-30.72,10.1,2.8,ml,guc
2003-07-17,08:03:38,-71.64,-30.52,27.8,2.6,ml,guc
2003-07-17,08:13:54,-71.6,-30.67,31.6,2.7,ml,guc
2003-07-17,08:32:33,-71.74,-30.68,12.4,2.6,ml,guc
2003-07-17,08:51:47,-72.54,-34.74,0.0,3.2,ml,guc
2003-07-17,09:47:57,-70.18,-34.31,7.6,2.0,ml,guc
2003-07-17,19:03:47,-68.59,-19.61,135.4,5.3,mwc,hrv
2003-07-17,20:23:39,-70.16,-34.29,7.6,1.9,ml,guc
2003-07-18,02:11:13,-71.03,-34.32,67.4,2.6,md,guc
2003-07-18,05:07:01,-74.55,-10.09,36.6,4.7,mb,us
2003-07-18,05:07:40,-68.23,-31.68,134.6,3.7,md,guc
2003-07-18,06:56:31,-68.84,-31.26,140.0,3.0,md,guc
2003-07-18,08:02:20,-71.58,-30.65,34.7,4.2,md,guc
2003-07-18,10:17:57,-71.02,-33.83,77.1,4.5,mb,us
2003-07-18,13:31:02,-70.22,-34.28,10.3,3.5,md,guc
2003-07-18,17:45:23,-70.29,-33.18,4.7,2.6,ml,guc
2003-07-18,20:19:09,-71.89,-37.14,120.5,3.2,md,guc
2003-07-18,23:45:35,-69.44,-31.5,131.6,3.1,md,guc
2003-07-19,02:36:35,-108.79,-8.87,10.0,4.5,mb,us
2003-07-19,06:12:43,-72.22,-33.92,37.5,3.3,md,guc
2003-07-19,07:57:24,-70.66,-34.36,116.2,2.6,md,guc
2003-07-19,08:01:59,-71.6,-30.72,35.4,4.1,md,guc
2003-07-19,09:26:13,-71.76,-32.66,23.4,2.7,ml,guc
2003-07-19,19:56:14,-71.31,-30.66,50.7,3.6,md,guc
2003-07-19,20:01:47,-71.73,-30.53,26.5,3.9,ml,guc
2003-07-19,20:37:24,-70.34,-34.08,7.6,3.2,md,guc
2003-07-19,23:39:22,-71.79,-34.72,44.4,3.4,md,guc
2003-07-20,02:33:48,-72.08,-30.92,35.8,3.4,md,guc
2003-07-20,03:34:04,-71.39,-36.38,120.5,3.5,md,guc
2003-07-20,06:50:16,-70.38,-33.15,105.9,2.6,md,guc
2003-07-20,08:44:59,-71.71,-30.56,29.2,3.0,ml,guc
2003-07-20,09:38:13,-70.38,-33.92,112.9,4.4,mb,us
2003-07-20,10:51:59,-68.46,-23.98,102.5,4.4,mb,us
2003-07-20,11:11:43,-69.9,-31.58,139.3,3.5,md,guc
2003-07-20,11:35:54,-70.8,-31.07,79.9,4.2,md,guc
2003-07-20,21:25:24,-71.31,-31.96,48.5,3.5,md,guc
2003-07-20,22:02:33,-72.15,-30.97,15.0,2.8,ml,guc
2003-07-20,22:33:24,-68.42,-31.91,120.2,3.6,mb,us
2003-07-21,01:31:05,-71.82,-30.84,20.0,2.7,ml,guc
2003-07-21,01:52:12,-71.83,-30.83,20.0,2.7,ml,guc
2003-07-21,03:21:27,-71.34,-33.39,53.9,2.9,md,guc
2003-07-21,04:07:04,-70.89,-28.3,62.4,4.6,mb,us
2003-07-21,04:32:58,-71.04,-29.84,61.9,2.9,md,guc
2003-07-21,05:40:33,-70.93,-34.84,102.8,2.6,md,guc
2003-07-21,10:07:57,-71.68,-30.56,26.3,2.6,ml,guc
2003-07-21,14:18:28,-71.74,-32.15,10.7,4.2,ml,guc
2003-07-21,18:24:50,-70.45,-28.42,95.0,0.0,,us
2003-07-21,19:20:58,-70.87,-34.63,86.0,2.5,md,guc
2003-07-21,20:04:07,-70.26,-33.13,5.5,3.2,md,guc
2003-07-22,04:27:01,-70.15,-32.62,121.2,0.0,,us
2003-07-22,07:49:03,-72.56,-16.34,97.5,4.9,mb,us
2003-07-22,08:41:38,-71.04,-35.02,99.5,2.1,md,guc
2003-07-22,09:36:36,-71.75,-30.72,15.0,2.6,ml,guc
2003-07-22,09:50:52,-70.1,-33.89,6.0,2.5,ml,guc
2003-07-22,09:52:08,-71.69,-30.68,0.0,2.3,ml,guc
2003-07-22,16:27:12,-72.02,-30.88,3.7,2.9,ml,guc
2003-07-22,17:51:47,-70.28,-33.14,3.7,3.0,md,guc
2003-07-22,21:34:14,-70.27,-33.14,10.1,2.0,ml,guc
2003-07-22,23:43:39,-72.2,-32.36,34.1,3.4,md,guc
2003-07-23,02:04:46,-72.21,-32.38,35.0,3.3,md,guc
2003-07-23,02:19:47,-72.19,-32.33,22.2,4.5,mb,us
2003-07-23,06:15:08,-72.13,-32.36,2.5,3.3,md,guc
2003-07-23,06:33:58,-72.21,-32.32,32.1,3.4,ml,guc
2003-07-23,08:58:23,-71.58,-30.74,33.2,3.7,md,guc
2003-07-23,09:59:41,-70.98,-34.79,87.9,2.9,md,guc
2003-07-23,11:46:00,-70.26,-32.98,102.1,2.7,md,guc
2003-07-23,12:47:59,-74.89,-11.98,69.8,4.5,mb,us
2003-07-23,13:05:04,-72.18,-32.35,24.0,4.2,ml,guc
2003-07-23,14:12:57,-72.05,-32.38,6.7,2.8,ml,guc
2003-07-23,17:17:32,-69.5,-19.24,105.4,3.6,mb,us
2003-07-23,18:23:53,-70.25,-33.16,2.9,1.9,ml,guc
2003-07-23,18:46:20,-72.26,-32.38,30.6,3.2,ml,guc
2003-07-23,19:56:20,-72.13,-32.37,0.9,3.5,ml,guc
2003-07-23,20:04:06,-71.56,-32.63,56.1,2.0,md,guc
2003-07-23,20:59:50,-72.22,-34.37,34.3,3.4,md,guc
2003-07-23,22:30:49,-72.06,-32.44,8.7,2.9,ml,guc
2003-07-23,22:46:16,-69.98,-31.79,139.3,2.9,md,guc
2003-07-23,23:28:21,-72.16,-32.41,36.1,3.6,md,guc
2003-07-23,23:32:36,-72.17,-32.3,35.2,4.5,mb,us
2003-07-23,23:58:22,-72.17,-32.39,25.5,3.9,ml,guc
2003-07-24,00:16:46,-72.18,-32.39,26.4,3.7,ml,guc
2003-07-24,00:30:20,-72.05,-32.41,7.4,2.4,ml,guc
2003-07-24,01:07:39,-72.22,-32.36,23.5,3.5,ml,guc
2003-07-24,01:21:35,-72.1,-32.4,7.0,3.2,ml,guc
2003-07-24,02:01:21,-72.63,-35.93,14.6,3.4,ml,guc
2003-07-24,02:34:23,-65.83,-21.94,260.1,4.0,mb,us
2003-07-24,02:46:20,-72.04,-32.37,6.6,2.9,ml,guc
2003-07-24,02:47:41,-72.03,-32.41,7.6,2.7,ml,guc
2003-07-24,02:56:40,-72.11,-32.41,5.3,2.5,ml,guc
2003-07-24,04:23:43,-72.08,-32.36,4.6,2.8,ml,guc
2003-07-24,04:36:57,-72.28,-32.33,24.8,4.6,mb,us
2003-07-24,04:44:52,-72.19,-32.39,31.4,2.8,ml,guc
2003-07-24,05:33:18,-72.09,-32.37,31.7,3.7,ml,guc
2003-07-24,05:36:19,-72.0,-32.31,5.4,2.8,ml,guc
2003-07-24,05:48:44,-72.08,-32.39,3.5,2.7,ml,guc
2003-07-24,07:21:59,-71.71,-32.6,26.9,3.0,ml,guc
2003-07-24,07:55:28,-72.15,-32.38,30.6,4.4,mb,us
2003-07-24,08:03:18,-70.94,-27.73,25.2,4.1,ml,guc
2003-07-24,08:45:14,-72.14,-32.29,29.3,3.7,ml,guc
2003-07-24,09:11:05,-72.09,-32.21,0.2,2.5,ml,guc
2003-07-24,09:15:34,-72.06,-32.29,5.5,2.7,ml,guc
2003-07-24,09:17:58,-72.18,-32.31,19.6,2.9,ml,guc
2003-07-24,09:25:04,-72.23,-32.29,39.9,3.2,md,guc
2003-07-24,09:51:00,-72.09,-32.29,3.3,2.7,ml,guc
2003-07-24,09:55:03,-72.19,-32.24,26.3,4.8,mb,us
2003-07-24,10:09:16,-72.11,-32.33,6.4,2.5,ml,guc
2003-07-24,10:37:45,-70.3,-32.44,107.1,3.4,md,guc
2003-07-24,10:50:46,-72.15,-32.4,23.2,3.5,ml,guc
2003-07-24,10:57:39,-72.21,-32.42,31.5,2.8,ml,guc
2003-07-24,11:53:11,-72.17,-32.27,32.8,4.3,ml,guc
2003-07-24,12:13:05,-72.08,-32.42,8.0,2.5,ml,guc
2003-07-24,12:43:52,-72.04,-32.35,3.9,2.8,ml,guc
2003-07-24,13:33:04,-72.65,-39.37,77.7,0.0,,us
2003-07-24,13:40:16,-72.13,-32.35,24.5,3.8,ml,guc
2003-07-24,13:49:37,-72.08,-32.43,7.2,3.4,ml,guc
2003-07-24,15:09:56,-72.12,-32.32,4.6,2.9,ml,guc
2003-07-24,16:07:51,-72.06,-32.41,5.9,2.7,ml,guc
2003-07-24,16:23:28,-72.06,-32.43,2.2,2.3,ml,guc
2003-07-24,17:05:26,-72.23,-32.34,9.7,3.1,ml,guc
2003-07-24,17:43:24,-70.28,-33.15,5.7,2.0,ml,guc
2003-07-24,18:15:18,-72.14,-32.46,3.3,3.1,ml,guc
2003-07-24,18:49:54,-72.13,-32.31,3.7,3.8,ml,guc
2003-07-24,19:55:40,-72.08,-32.4,7.0,3.6,ml,guc
2003-07-24,22:23:20,-72.28,-32.28,23.6,3.7,ml,guc
2003-07-25,02:12:42,-72.21,-32.41,10.0,2.6,ml,guc
2003-07-25,02:23:18,-72.31,-32.53,5.0,2.7,ml,guc
2003-07-25,05:57:21,-72.14,-33.02,15.1,2.3,ml,guc
2003-07-25,09:34:18,-70.9,-32.72,64.1,2.5,md,guc
2003-07-25,09:41:20,-71.41,-35.92,94.8,2.4,md,guc
2003-07-25,12:25:20,-72.11,-32.28,39.9,2.9,md,guc
2003-07-25,14:08:31,-71.17,-35.04,98.2,3.1,md,guc
2003-07-25,14:14:53,-70.88,-34.72,97.2,2.8,md,guc
2003-07-25,14:40:34,-72.11,-32.18,1.4,2.6,ml,guc
2003-07-25,15:00:34,-72.12,-32.38,2.9,2.8,ml,guc
2003-07-25,15:05:07,-72.14,-32.41,2.7,4.0,ml,guc
2003-07-25,15:34:19,-72.17,-32.4,34.1,3.5,md,guc
2003-07-25,16:09:40,-72.33,-32.29,32.8,2.8,ml,guc
2003-07-25,17:25:29,-72.24,-32.46,34.8,3.3,md,guc
2003-07-25,17:47:10,-70.26,-33.15,6.6,2.3,ml,guc
2003-07-25,18:01:50,-71.09,-35.09,102.2,2.9,md,guc
2003-07-25,18:14:34,-72.12,-32.09,33.3,3.5,md,guc
2003-07-25,21:44:36,-72.19,-32.44,5.4,3.1,ml,guc
2003-07-26,01:05:48,-81.16,-7.56,33.0,4.8,mb,us
2003-07-26,06:57:40,-72.07,-32.4,6.7,2.8,ml,guc
2003-07-26,07:07:36,-70.48,-33.13,10.2,2.0,ml,guc
2003-07-26,07:16:40,-71.83,-36.12,95.0,3.8,md,guc
2003-07-26,07:42:15,-69.52,-31.56,145.0,3.1,md,guc
2003-07-26,08:25:41,-72.37,-32.28,20.1,3.9,ml,guc
2003-07-26,11:50:10,-72.15,-32.4,5.5,3.1,ml,guc
2003-07-26,11:51:56,-114.04,-26.77,10.0,4.6,mb,us
2003-07-26,12:41:37,-71.7,-32.5,28.2,2.4,ml,guc
2003-07-26,13:42:58,-71.73,-30.74,17.0,2.4,ml,guc
2003-07-26,14:10:16,-70.94,-28.2,36.0,5.5,mwc,hrv
2003-07-26,16:25:29,-71.52,-32.71,25.7,2.8,ml,guc
2003-07-26,20:25:55,-71.65,-32.68,28.9,2.1,ml,guc
2003-07-26,22:38:41,-72.07,-32.15,2.0,2.5,ml,guc
2003-07-26,23:34:57,-72.36,-34.72,17.0,3.4,md,guc
2003-07-27,03:43:28,-71.22,-27.96,35.5,0.0,,us
2003-07-27,05:04:13,-71.72,-30.72,15.0,2.4,ml,guc
2003-07-27,05:12:25,-72.2,-32.26,18.4,3.2,ml,guc
2003-07-27,06:01:07,-66.53,-23.67,203.1,4.5,mb,us
2003-07-27,08:22:45,-71.91,-32.14,17.4,2.9,ml,guc
2003-07-27,08:28:25,-71.92,-32.14,29.1,4.1,mb,us
2003-07-27,08:47:15,-72.12,-32.18,9.3,2.6,ml,guc
2003-07-27,09:19:38,-71.43,-35.13,65.2,2.4,md,guc
2003-07-27,09:22:16,-71.69,-30.71,10.8,2.6,ml,guc
2003-07-27,11:23:01,-70.33,-34.6,8.1,1.9,ml,guc
2003-07-27,11:41:27,-65.18,-20.13,345.3,6.0,mwb,us
2003-07-27,12:26:21,-70.51,-34.4,93.7,4.1,mb,us
2003-07-27,12:50:44,-70.76,-31.98,80.4,2.6,md,guc
2003-07-27,16:21:09,-71.81,-32.14,5.6,2.7,ml,guc
2003-07-27,17:44:41,-72.92,-34.78,28.0,3.4,ml,guc
2003-07-27,18:00:42,-72.01,-34.58,59.7,2.9,md,guc
2003-07-27,19:32:30,-72.06,-32.16,3.4,2.6,ml,guc
2003-07-27,20:24:25,-70.58,-31.65,0.1,0.0,,us
2003-07-27,20:57:11,-71.92,-32.14,19.2,2.7,ml,guc
2003-07-28,00:03:53,-71.84,-30.91,1.2,2.8,md,guc
2003-07-28,01:10:52,-70.12,-28.75,158.8,0.0,,us
2003-07-28,03:10:10,-71.37,-30.64,56.6,2.3,md,guc
2003-07-28,03:21:04,-70.14,-34.45,9.8,1.9,ml,guc
2003-07-28,03:34:31,-70.11,-34.51,6.5,2.3,ml,guc
2003-07-28,05:46:42,-71.11,-34.27,67.1,1.9,md,guc
2003-07-28,05:53:27,-70.68,-33.08,88.4,3.0,md,guc
2003-07-28,06:53:22,-70.61,-33.99,91.2,2.6,md,guc
2003-07-28,07:16:02,-70.46,-33.5,103.8,2.9,md,guc
2003-07-28,10:12:12,-72.06,-31.29,1.1,2.9,md,guc
2003-07-28,10:30:02,-72.65,-17.49,33.0,4.2,mb,us
2003-07-28,10:31:38,-72.05,-32.37,35.4,3.2,md,guc
2003-07-28,11:32:58,-70.94,-33.57,65.3,0.0,,us
2003-07-28,12:26:27,-70.73,-15.41,200.0,0.0,,us
2003-07-28,13:43:05,-70.96,-33.61,73.3,2.0,md,guc
2003-07-28,14:36:55,-69.34,-20.86,100.0,0.0,,us
2003-07-28,17:51:46,-72.08,-32.16,11.7,2.8,ml,guc
2003-07-28,18:13:56,-70.94,-28.29,42.7,0.0,,us
2003-07-28,20:52:00,-70.25,-33.14,3.8,1.8,ml,guc
2003-07-28,23:28:34,-72.11,-32.44,3.2,2.6,ml,guc
2003-07-29,00:43:44,-70.29,-33.01,100.4,2.1,md,guc
2003-07-29,01:30:24,-70.65,-34.62,103.8,2.0,md,guc
2003-07-29,04:04:11,-70.31,-34.05,0.4,2.3,ml,guc
2003-07-29,06:58:03,-70.4,-33.94,109.3,1.8,md,guc
2003-07-29,08:43:15,-70.31,-34.97,162.5,2.7,md,guc
2003-07-29,14:02:51,-68.25,-21.58,125.9,5.2,mwc,hrv
2003-07-29,14:21:11,-71.19,-35.29,99.2,2.3,md,guc
2003-07-29,15:00:19,-71.01,-33.82,71.0,2.4,md,guc
2003-07-29,17:37:33,-71.84,-32.58,31.7,2.5,ml,guc
2003-07-29,17:45:26,-70.27,-33.15,7.7,2.3,ml,guc
2003-07-29,18:06:53,-72.28,-32.26,38.4,4.2,md,guc
2003-07-29,18:47:44,-72.17,-33.0,15.0,2.6,ml,guc
2003-07-29,20:38:39,-71.61,-30.76,12.0,2.5,ml,guc
2003-07-29,22:10:30,-71.0,-33.35,73.3,2.4,md,guc
2003-07-29,23:02:56,-68.6,-21.7,118.9,4.4,mb,us
2003-07-29,23:06:22,-71.45,-35.66,106.3,2.9,md,guc
2003-07-30,00:03:54,-70.15,-34.13,7.3,1.8,ml,guc
2003-07-30,01:24:11,-70.37,-33.92,116.4,2.6,md,guc
2003-07-30,02:37:21,-71.91,-33.52,24.9,3.1,md,guc
2003-07-30,03:34:20,-70.85,-35.82,5.0,3.4,ml,guc
2003-07-30,04:57:58,-71.43,-34.98,73.2,2.4,md,guc
2003-07-30,09:59:34,-71.82,-33.66,37.8,3.3,md,guc
2003-07-30,12:51:35,-72.11,-32.36,3.2,3.0,ml,guc
2003-07-30,14:51:32,-70.46,-33.07,97.6,2.4,md,guc
2003-07-30,15:32:32,-71.52,-31.31,62.7,2.6,md,guc
2003-07-30,16:35:08,-70.47,-33.14,11.7,2.5,ml,guc
2003-07-30,17:39:44,-70.28,-33.16,11.9,1.7,ml,guc
2003-07-31,01:18:29,-71.68,-30.81,5.1,3.6,ml,guc
2003-07-31,02:16:17,-72.42,-34.47,35.9,3.3,md,guc
2003-07-31,04:00:44,-70.35,-34.07,6.7,3.0,md,guc
2003-07-31,07:00:00,-71.48,-31.47,27.7,2.8,ml,guc
2003-07-31,07:14:44,-74.31,-10.13,129.4,5.6,mwb,us
2003-07-31,09:57:14,-71.93,-32.5,8.3,2.5,ml,guc
2003-07-31,12:38:53,-70.97,-34.8,96.8,2.6,md,guc
2003-07-31,16:23:36,-69.2,-27.79,100.0,0.0,,us
2003-07-31,17:51:48,-70.29,-33.14,6.7,2.3,ml,guc
2003-07-31,17:56:28,-70.28,-33.14,5.6,2.4,ml,guc
2003-07-31,18:57:26,-70.57,-34.5,117.0,2.9,md,guc
2003-07-31,22:51:11,-68.93,-33.04,7.0,3.6,ml,guc
2003-08-01,01:26:35,-72.0,-32.41,10.0,2.4,ml,guc
2003-08-01,02:35:35,-71.43,-30.91,56.7,3.0,md,guc
2003-08-01,03:05:08,-71.65,-28.66,11.2,4.2,ml,guc
2003-08-01,03:57:59,-71.99,-32.17,2.5,2.6,ml,guc
2003-08-01,04:05:56,-70.56,-28.12,53.4,4.7,mb,us
2003-08-01,07:34:56,-71.64,-30.72,11.6,2.8,ml,guc
2003-08-01,07:47:37,-71.25,-29.06,81.1,3.5,md,guc
2003-08-01,08:06:13,-70.68,-31.81,104.6,3.3,md,guc
2003-08-01,08:26:21,-71.34,-28.83,5.8,3.6,ml,guc
2003-08-01,11:03:58,-71.6,-30.68,31.6,3.1,ml,guc
2003-08-01,11:16:31,-66.82,-22.86,197.7,3.8,mb,us
2003-08-01,16:02:43,-69.09,-30.97,136.6,3.2,md,guc
2003-08-01,17:12:40,-71.68,-30.68,12.5,3.0,ml,guc
2003-08-01,17:47:18,-70.22,-33.16,6.6,1.9,ml,guc
2003-08-01,17:53:13,-70.29,-33.14,10.3,2.3,ml,guc
2003-08-01,18:03:00,-72.93,-37.55,71.9,4.0,md,guc
2003-08-01,21:50:41,-67.57,-29.48,110.7,3.9,mb,us
2003-08-02,01:16:46,-69.4,-31.25,149.6,3.3,md,guc
2003-08-02,02:22:29,-101.78,-36.09,10.0,4.5,mb,us
2003-08-02,06:46:55,-71.01,-32.86,62.6,2.2,md,guc
2003-08-02,07:53:24,-71.77,-30.74,14.8,2.5,ml,guc
2003-08-02,09:41:42,-71.38,-30.99,61.0,3.3,md,guc
2003-08-02,12:39:12,-71.89,-32.5,26.1,2.6,ml,guc
2003-08-02,13:14:15,-69.79,-31.56,136.2,3.7,md,guc
2003-08-02,16:46:06,-71.34,-31.1,52.3,3.8,md,guc
2003-08-02,19:48:02,-69.89,-29.0,113.2,4.2,mb,us
2003-08-02,19:51:15,-71.65,-30.67,29.6,4.0,ml,guc
2003-08-02,21:46:46,-71.69,-32.71,31.9,2.5,ml,guc
2003-08-02,22:33:48,-70.64,-33.9,91.5,2.6,md,guc
2003-08-03,01:12:57,-71.44,-28.84,37.5,3.9,md,guc
2003-08-03,02:40:20,-71.74,-30.76,7.7,3.9,ml,guc
2003-08-03,03:39:21,-71.72,-30.76,9.3,3.0,ml,guc
2003-08-03,06:38:29,-70.67,-32.8,78.6,4.0,md,guc
2003-08-03,10:24:44,-70.63,-32.44,90.7,3.2,md,guc
2003-08-03,12:01:42,-70.2,-31.81,129.0,3.7,md,guc
2003-08-03,12:20:10,-71.92,-34.74,37.5,3.6,md,guc
2003-08-03,12:36:25,-80.77,-4.03,31.3,4.1,mb,us
2003-08-03,15:28:11,-71.56,-31.84,44.5,4.0,md,guc
2003-08-03,22:06:40,-70.3,-32.32,118.4,2.9,md,guc
2003-08-04,04:35:55,-70.73,-34.74,104.9,2.6,md,guc
2003-08-04,06:40:13,-71.29,-32.86,43.6,4.0,md,guc
2003-08-04,06:50:55,-69.25,-31.57,132.3,3.4,md,guc
2003-08-04,07:04:32,-70.35,-33.1,111.4,2.3,md,guc
2003-08-04,09:35:57,-69.71,-28.56,106.0,4.4,mb,us
2003-08-04,09:36:36,-66.72,-21.2,247.3,4.1,mb,us
2003-08-04,13:06:54,-71.74,-30.95,24.5,4.2,ml,guc
2003-08-04,13:26:25,-78.85,-8.98,33.0,3.8,mb,us
2003-08-04,17:31:11,-71.77,-33.4,35.7,3.2,md,guc
2003-08-05,00:50:53,-72.25,-30.41,34.0,4.1,md,guc
2003-08-05,02:33:31,-71.4,-33.91,47.1,3.9,md,guc
2003-08-05,07:06:04,-70.61,-31.83,110.8,3.5,md,guc
2003-08-05,09:04:39,-66.68,-22.82,217.3,4.8,mb,us
2003-08-05,10:05:49,-70.09,-34.07,4.2,1.9,ml,guc
2003-08-05,11:32:39,-68.39,-31.21,26.2,3.4,ml,guc
2003-08-05,13:13:25,-66.57,-23.71,239.7,4.3,mb,us
2003-08-05,14:43:26,-70.27,-33.14,8.5,3.2,ml,guc
2003-08-05,16:39:20,-71.47,-27.88,18.6,4.1,ml,guc
2003-08-05,19:11:21,-71.1,-29.68,47.0,3.5,md,guc
2003-08-05,20:53:37,-70.34,-33.88,92.1,2.0,md,guc
2003-08-06,00:27:06,-71.61,-30.7,25.8,3.0,ml,guc
2003-08-06,02:52:31,-73.52,-15.83,33.0,4.4,mb,us
2003-08-06,05:20:32,-70.97,-33.13,68.3,1.9,md,guc
2003-08-06,08:07:33,-70.13,-31.78,125.2,2.4,md,guc
2003-08-06,11:10:55,-67.14,-31.82,127.5,3.9,md,guc
2003-08-06,13:38:01,-71.6,-30.71,11.4,2.6,ml,guc
2003-08-06,17:39:30,-70.24,-33.14,2.3,2.0,ml,guc
2003-08-06,18:36:55,-71.44,-32.64,32.6,2.6,ml,guc
2003-08-06,21:39:32,-70.59,-33.94,89.6,4.2,md,guc
2003-08-07,00:00:04,-70.28,-33.3,113.4,1.9,md,guc
2003-08-07,01:21:23,-69.06,-18.56,142.4,4.0,mb,us
2003-08-07,08:53:40,-71.38,-35.43,89.4,2.2,md,guc
2003-08-07,09:34:30,-71.08,-30.19,40.3,2.2,md,guc
2003-08-07,11:12:35,-70.02,-31.69,122.2,2.4,md,guc
2003-08-07,14:32:45,-70.65,-33.39,92.9,1.9,md,guc
2003-08-07,15:59:18,-72.17,-30.32,8.6,3.6,ml,guc
2003-08-07,17:18:47,-70.4,-34.88,140.7,3.0,md,guc
2003-08-07,17:53:48,-70.3,-33.15,6.3,2.1,ml,guc
2003-08-07,18:14:32,-66.85,-17.87,281.9,4.3,mb,us
2003-08-07,23:41:33,-70.17,-32.15,111.3,2.7,md,guc
2003-08-08,02:34:27,-71.42,-29.47,44.6,3.3,md,guc
2003-08-08,03:44:48,-71.53,-30.66,23.4,2.2,ml,guc
2003-08-08,04:41:57,-72.51,-36.09,19.9,3.1,ml,guc
2003-08-08,14:11:51,-72.96,-34.79,20.6,3.9,ml,guc
2003-08-08,14:56:20,-71.81,-13.8,37.9,5.0,mwc,hrv
2003-08-08,15:24:58,-71.23,-27.0,60.0,0.0,,us
2003-08-08,15:38:04,-71.82,-13.81,33.0,4.8,mb,us
2003-08-08,16:49:30,-69.74,-31.63,122.6,3.8,md,guc
2003-08-08,17:54:26,-70.29,-33.15,5.8,2.5,ml,guc
2003-08-08,18:09:17,-69.95,-31.64,136.3,2.7,md,guc
2003-08-08,20:16:46,-71.05,-35.29,104.3,3.3,md,guc
2003-08-08,20:23:15,-70.46,-33.44,89.0,2.2,md,guc
2003-08-08,21:54:28,-71.62,-32.47,20.2,2.3,ml,guc
2003-08-08,23:13:38,-70.68,-33.26,75.1,2.2,md,guc
2003-08-09,00:34:18,-71.73,-30.66,18.6,3.5,ml,guc
2003-08-09,01:33:03,-68.84,-24.64,98.8,4.2,mb,us
2003-08-09,05:01:11,-70.47,-34.07,9.5,1.7,ml,guc
2003-08-09,08:36:52,-70.54,-34.52,107.6,2.0,md,guc
2003-08-09,08:42:54,-70.56,-34.38,110.4,2.2,md,guc
2003-08-09,09:16:58,-71.56,-30.64,23.2,2.5,ml,guc
2003-08-09,10:25:56,-67.83,-21.22,196.4,4.7,mb,us
2003-08-09,10:32:35,-71.74,-30.68,20.5,3.7,ml,guc
2003-08-09,11:34:26,-71.71,-30.68,30.8,3.4,md,guc
2003-08-09,13:10:46,-70.92,-33.81,71.5,2.5,md,guc
2003-08-09,15:59:04,-72.12,-30.22,41.9,0.0,,us
2003-08-09,16:01:19,-70.82,-32.73,69.3,1.7,md,guc
2003-08-09,16:32:13,-69.46,-24.5,110.4,0.0,,us
2003-08-09,19:50:12,-70.99,-31.3,96.3,2.6,md,guc
2003-08-09,21:23:05,-71.16,-26.86,29.9,4.3,ml,guc
2003-08-09,23:50:34,-72.06,-32.94,11.3,2.5,ml,guc
2003-08-10,06:06:30,-70.42,-33.12,101.1,3.7,md,guc
2003-08-10,06:30:52,-71.7,-32.57,32.3,3.6,ml,guc
2003-08-10,06:59:40,-71.7,-32.58,32.0,3.2,ml,guc
2003-08-10,11:55:18,-71.37,-35.22,96.7,2.5,md,guc
2003-08-10,16:37:13,-74.95,-10.44,33.0,4.1,mb,us
2003-08-10,16:43:24,-71.73,-30.67,23.0,2.6,ml,guc
2003-08-10,20:39:13,-71.75,-30.8,2.2,3.1,ml,guc
2003-08-11,00:26:40,-69.74,-20.2,68.8,5.0,mb,us
2003-08-11,01:36:44,-71.6,-30.71,32.1,3.0,ml,guc
2003-08-11,03:41:44,-70.35,-33.12,101.8,2.4,md,guc
2003-08-11,07:19:36,-75.45,-14.88,33.0,4.5,mb,us
2003-08-11,07:45:16,-72.07,-32.39,6.3,2.5,ml,guc
2003-08-11,09:11:21,-69.88,-31.55,137.8,3.2,md,guc
2003-08-11,09:44:58,-71.99,-33.81,7.0,2.1,ml,guc
2003-08-11,17:10:37,-69.83,-31.95,150.5,3.2,md,guc
2003-08-11,17:42:59,-70.26,-33.15,6.5,2.6,ml,guc
2003-08-12,01:07:09,-71.23,-30.51,57.4,3.1,md,guc
2003-08-12,03:11:17,-72.59,-29.87,33.2,4.1,md,guc
2003-08-12,04:36:26,-71.63,-30.68,34.7,3.6,md,guc
2003-08-12,11:37:52,-71.58,-30.6,33.4,3.4,md,guc
2003-08-12,16:51:01,-71.02,-30.11,86.4,3.5,md,guc
2003-08-12,17:44:22,-70.26,-33.14,2.1,2.5,ml,guc
2003-08-12,19:48:41,-71.39,-31.49,53.8,4.1,md,guc
2003-08-12,20:31:42,-70.26,-33.14,7.0,2.1,ml,guc
2003-08-12,20:46:33,-71.52,-30.79,25.2,2.8,ml,guc
2003-08-12,23:24:38,-70.93,-32.96,73.0,3.4,md,guc
2003-08-13,04:03:35,-72.03,-31.43,8.8,2.9,ml,guc
2003-08-13,09:15:12,-70.97,-34.89,99.2,3.0,md,guc
2003-08-13,10:08:56,-71.46,-32.07,37.2,2.9,md,guc
2003-08-13,13:50:04,-68.61,-19.66,138.6,4.2,mb,us
2003-08-13,14:34:30,-66.82,-24.11,177.1,4.3,mb,us
2003-08-13,14:59:48,-71.06,-33.58,62.3,2.5,md,guc
2003-08-13,15:33:45,-68.49,-22.85,120.0,4.2,md,guc
2003-08-13,16:17:10,-70.58,-33.34,84.5,2.7,md,guc
2003-08-13,17:34:14,-70.25,-33.14,2.4,1.7,ml,guc
2003-08-13,19:00:25,-71.71,-32.5,26.5,2.6,ml,guc
2003-08-13,22:37:55,-71.68,-30.85,34.4,4.0,md,guc
2003-08-14,00:38:24,-69.49,-31.58,125.7,3.5,md,guc
2003-08-14,06:07:00,-69.38,-16.48,191.6,3.9,mb,us
2003-08-14,08:57:48,-69.6,-28.77,130.8,0.0,,us
2003-08-14,09:38:14,-71.68,-30.63,25.6,3.1,ml,guc
2003-08-14,11:20:03,-70.76,-33.2,74.6,2.0,md,guc
2003-08-14,17:49:41,-70.28,-33.14,2.3,2.3,ml,guc
2003-08-14,19:39:04,-70.41,-30.77,10.0,4.2,ml,guc
2003-08-14,19:52:25,-70.79,-33.84,77.7,2.5,md,guc
2003-08-15,01:08:30,-70.86,-34.19,79.6,2.0,md,guc
2003-08-15,05:35:19,-71.82,-32.64,11.9,2.2,ml,guc
2003-08-15,06:53:17,-71.38,-29.87,49.6,3.8,md,guc
2003-08-15,08:02:11,-70.93,-31.86,95.3,2.9,md,guc
2003-08-15,08:55:08,-67.18,-27.78,171.1,0.0,,us
2003-08-15,18:13:35,-68.0,-31.03,33.0,3.8,ml,guc
2003-08-15,21:02:53,-70.08,-34.12,5.5,1.7,ml,guc
2003-08-15,22:02:05,-70.64,-31.69,10.0,2.5,ml,guc
2003-08-16,00:06:57,-68.96,-31.41,150.0,0.0,,us
2003-08-16,05:56:22,-71.76,-32.6,26.0,2.2,ml,guc
2003-08-16,08:26:54,-71.7,-30.69,12.3,2.3,ml,guc
2003-08-16,10:14:35,-71.13,-33.72,64.4,2.8,md,guc
2003-08-16,10:18:13,-68.84,-22.86,100.4,0.0,,us
2003-08-16,10:23:00,-70.46,-15.5,199.0,4.0,mb,us
2003-08-16,13:35:37,-70.7,-20.21,33.0,4.5,mb,us
2003-08-16,14:13:44,-71.59,-30.84,40.0,0.0,,us
2003-08-16,15:14:54,-70.1,-34.42,7.6,2.8,md,guc
2003-08-16,16:06:14,-70.41,-31.81,119.5,2.5,md,guc
2003-08-16,18:43:49,-71.35,-29.92,45.5,3.6,md,guc
2003-08-16,22:15:20,-70.23,-32.88,113.7,2.2,md,guc
2003-08-16,22:58:06,-71.06,-33.57,66.4,3.0,md,guc
2003-08-16,23:13:48,-70.29,-33.07,99.1,2.0,md,guc
2003-08-17,07:48:26,-70.09,-31.69,136.9,3.1,md,guc
2003-08-17,11:06:24,-69.51,-31.33,140.0,2.9,md,guc
2003-08-17,13:40:01,-71.77,-30.79,22.0,2.3,ml,guc
2003-08-17,14:03:03,-72.08,-32.99,29.7,2.8,ml,guc
2003-08-17,14:15:39,-71.15,-35.18,102.9,2.2,md,guc
2003-08-17,16:16:13,-69.92,-32.43,117.1,2.9,md,guc
2003-08-17,17:30:12,-70.26,-33.14,4.2,1.8,ml,guc
2003-08-18,00:25:45,-70.77,-31.77,102.6,2.6,md,guc
2003-08-18,01:55:21,-71.37,-31.05,64.5,3.2,md,guc
2003-08-18,06:03:09,-70.32,-33.82,97.5,2.4,md,guc
2003-08-18,10:20:33,-70.36,-33.98,103.7,2.5,md,guc
2003-08-18,15:08:04,-68.73,-23.49,125.0,0.0,,us
2003-08-18,23:02:33,-71.6,-32.48,28.8,2.3,ml,guc
2003-08-19,01:14:57,-70.21,-35.22,159.2,2.3,md,guc
2003-08-19,01:29:29,-68.38,-22.9,107.8,4.1,mb,us
2003-08-19,02:57:04,-71.43,-32.2,42.1,2.8,md,guc
2003-08-19,06:08:28,-70.82,-33.66,75.9,2.3,md,guc
2003-08-19,12:44:16,-68.72,-22.29,117.1,0.0,,us
2003-08-19,14:34:26,-72.48,-15.67,118.4,4.1,mb,us
2003-08-19,21:25:01,-72.35,-33.43,1.6,2.5,ml,guc
2003-08-19,23:07:01,-70.12,-32.65,116.9,2.6,md,guc
2003-08-20,00:59:07,-68.79,-31.43,150.0,3.5,md,guc
2003-08-20,02:34:16,-71.62,-30.42,33.6,3.3,md,guc
2003-08-20,03:28:19,-70.17,-34.01,6.8,3.2,ml,guc
2003-08-20,04:35:25,-71.1,-34.21,74.7,2.3,md,guc
2003-08-20,05:10:02,-71.35,-28.73,5.0,3.6,ml,guc
2003-08-20,06:20:48,-71.28,-35.34,97.8,3.2,md,guc
2003-08-20,06:39:42,-71.44,-31.06,45.8,4.0,md,guc
2003-08-20,10:24:38,-69.37,-27.88,112.0,0.0,,us
2003-08-20,11:14:42,-71.55,-35.52,98.6,2.4,md,guc
2003-08-20,13:09:18,-70.77,-33.33,74.5,2.1,md,guc
2003-08-20,13:26:46,-68.93,-28.19,107.0,0.0,,us
2003-08-20,14:40:23,-70.77,-34.68,101.1,2.2,md,guc
2003-08-20,14:45:14,-70.05,-34.14,5.2,3.2,md,guc
2003-08-20,17:42:40,-71.42,-30.98,60.3,3.0,md,guc
2003-08-20,17:54:11,-70.28,-33.15,6.0,2.5,ml,guc
2003-08-20,17:55:27,-70.27,-33.13,3.8,2.7,ml,guc
2003-08-20,18:21:40,-70.26,-33.14,6.0,1.9,ml,guc
2003-08-20,21:01:38,-71.55,-32.67,53.0,2.6,md,guc
2003-08-21,00:32:21,-72.67,-35.34,20.4,2.9,ml,guc
2003-08-21,02:52:30,-71.49,-32.7,25.3,2.4,ml,guc
2003-08-21,09:49:39,-70.69,-34.67,104.8,2.3,md,guc
2003-08-21,11:55:31,-70.34,-34.07,7.3,2.0,ml,guc
2003-08-21,12:48:54,-72.11,-33.35,37.4,0.0,,us
2003-08-21,19:14:41,-69.98,-30.06,112.5,4.5,mb,us
2003-08-21,21:30:40,-70.29,-33.15,3.1,2.2,ml,guc
2003-08-22,01:26:52,-71.64,-29.89,32.9,3.2,ml,guc
2003-08-22,04:28:29,-71.51,-30.86,68.3,2.8,md,guc
2003-08-22,09:55:29,-68.92,-33.51,33.0,2.9,ml,guc
2003-08-22,16:22:34,-70.66,-33.46,82.9,2.4,md,guc
2003-08-22,17:17:50,-70.24,-32.58,103.3,3.9,md,guc
2003-08-22,18:03:32,-72.04,-33.61,10.9,4.2,ml,guc
2003-08-22,20:23:20,-70.27,-33.15,4.0,1.9,ml,guc
2003-08-22,22:48:24,-71.64,-32.64,35.0,3.4,md,guc
2003-08-23,00:32:58,-69.22,-31.6,150.0,3.0,md,guc
2003-08-23,00:50:05,-71.27,-30.71,51.4,3.1,md,guc
2003-08-23,03:07:27,-69.8,-31.62,139.2,2.5,md,guc
2003-08-23,04:41:19,-68.18,-31.21,117.2,4.4,mb,us
2003-08-23,05:50:27,-70.81,-30.46,77.4,0.0,,us
2003-08-23,07:56:35,-69.48,-31.25,146.7,3.6,md,guc
2003-08-23,08:11:58,-72.7,-40.42,78.8,4.2,mb,us
2003-08-23,08:25:25,-72.01,-33.37,27.3,2.2,ml,guc
2003-08-23,13:07:00,-69.86,-31.91,142.2,2.8,md,guc
2003-08-23,15:24:32,-63.26,-27.56,579.5,5.2,mwc,hrv
2003-08-23,20:30:26,-70.44,-33.92,112.4,3.0,md,guc
2003-08-24,00:46:18,-71.26,-32.3,37.2,3.8,md,guc
2003-08-24,01:45:47,-69.4,-32.65,133.8,3.0,md,guc
2003-08-24,06:03:39,-70.36,-32.7,92.6,2.4,md,guc
2003-08-24,07:22:43,-75.98,-12.94,48.0,0.0,,us
2003-08-24,09:38:16,-69.55,-31.78,150.0,3.4,md,guc
2003-08-24,12:25:27,-71.46,-34.93,53.7,3.8,md,guc
2003-08-24,15:57:01,-71.66,-30.8,4.7,3.6,ml,guc
2003-08-24,17:36:08,-69.69,-31.34,158.1,3.5,md,guc
2003-08-24,18:30:43,-69.46,-31.56,150.6,3.6,md,guc
2003-08-24,20:05:04,-69.47,-32.13,144.0,3.3,md,guc
2003-08-24,22:18:51,-68.86,-31.47,139.0,3.4,md,guc
2003-08-24,23:44:14,-71.77,-30.86,17.0,2.4,ml,guc
2003-08-25,05:48:33,-71.29,-31.02,65.1,3.4,md,guc
2003-08-26,10:16:18,-71.88,-30.16,40.4,3.4,md,guc
2003-08-26,14:49:46,-70.37,-34.61,133.1,3.2,md,guc
2003-08-26,15:49:17,-71.04,-34.21,77.4,2.4,md,guc
2003-08-26,18:41:57,-63.17,-27.63,589.5,4.3,mb,us
2003-08-26,18:56:35,-71.75,-30.96,25.6,3.3,ml,guc
2003-08-26,19:42:16,-70.27,-33.14,1.6,2.3,ml,guc
2003-08-26,21:11:36,-70.67,-17.16,31.6,5.7,mwb,us
2003-08-26,23:56:47,-70.75,-31.75,14.4,2.3,ml,guc
2003-08-27,01:32:43,-71.25,-30.43,59.2,3.5,md,guc
2003-08-27,01:54:07,-70.47,-29.1,14.3,4.0,md,guc
2003-08-27,02:04:49,-71.16,-32.86,51.1,3.1,md,guc
2003-08-27,03:25:58,-71.54,-32.56,25.8,2.3,ml,guc
2003-08-27,04:37:36,-72.44,-39.16,70.5,5.1,mb,us
2003-08-27,05:38:15,-71.79,-30.69,16.7,3.3,ml,guc
2003-08-27,08:44:46,-72.08,-33.14,38.8,3.3,md,guc
2003-08-27,10:32:02,-71.75,-30.68,22.0,2.3,ml,guc
2003-08-27,14:51:13,-71.79,-30.76,26.0,3.0,ml,guc
2003-08-27,17:44:14,-70.24,-33.14,4.8,2.7,ml,guc
2003-08-27,18:52:57,-71.34,-32.11,40.2,3.4,md,guc
2003-08-27,19:07:14,-70.5,-34.29,108.9,2.4,md,guc
2003-08-27,21:05:18,-71.43,-31.81,70.0,3.0,md,guc
2003-08-28,04:48:20,-114.81,-49.82,10.0,6.2,mwc,hrv
2003-08-28,18:25:54,-71.57,-30.75,32.8,3.5,ml,guc
2003-08-28,19:00:00,-69.89,-31.53,132.3,3.5,md,guc
2003-08-29,15:05:09,-70.86,-32.76,73.6,2.2,md,guc
2003-08-29,17:00:35,-71.64,-30.72,34.3,3.6,md,guc
2003-08-29,17:12:54,-71.86,-33.99,40.8,3.1,md,guc
2003-08-29,17:48:42,-70.26,-33.13,2.5,2.3,ml,guc
2003-08-29,19:19:15,-70.43,-32.65,0.0,2.2,ml,guc
2003-08-29,23:14:46,-71.07,-35.0,103.9,2.8,md,guc
2003-08-30,01:17:06,-70.95,-32.26,73.3,3.3,md,guc
2003-08-30,01:50:56,-71.67,-30.69,11.6,2.8,ml,guc
2003-08-30,06:47:43,-71.66,-32.11,9.2,2.5,ml,guc
2003-08-30,07:38:37,-71.81,-30.77,16.0,2.2,ml,guc
2003-08-30,07:50:49,-72.31,-34.65,26.8,2.4,ml,guc
2003-08-30,10:23:13,-63.64,-22.75,538.7,3.8,mb,us
2003-08-30,10:42:30,-71.45,-34.96,51.3,3.2,md,guc
2003-08-30,13:07:41,-80.15,-4.73,100.0,4.2,mb,us
2003-08-30,13:09:12,-71.76,-30.93,16.1,2.5,ml,guc
2003-08-30,13:50:01,-70.68,-34.42,13.0,2.0,ml,guc
2003-08-30,14:14:30,-71.76,-32.72,30.6,2.4,ml,guc
2003-08-30,18:59:21,-71.72,-32.48,28.9,2.1,ml,guc
2003-08-30,19:17:53,-71.68,-30.73,23.2,2.7,ml,guc
2003-08-30,20:12:33,-69.84,-31.68,137.8,3.0,md,guc
2003-08-30,22:07:48,-71.81,-32.5,20.5,2.5,ml,guc
2003-08-30,22:39:25,-70.69,-34.0,98.3,1.6,md,guc
2003-08-30,23:50:53,-71.6,-30.74,31.8,2.1,ml,guc
2003-08-31,04:03:32,-85.29,-41.42,10.0,4.6,mb,us
2003-08-31,04:38:51,-72.02,-30.57,2.0,3.0,ml,guc
2003-08-31,05:52:41,-70.84,-34.68,103.3,2.9,md,guc
2003-08-31,06:15:35,-68.89,-32.08,0.0,3.0,ml,guc
2003-08-31,09:13:28,-68.67,-31.74,100.0,3.2,md,guc
2003-08-31,11:40:53,-70.47,-33.96,12.0,2.0,ml,guc
2003-08-31,13:14:28,-71.0,-34.79,102.6,3.0,md,guc
2003-08-31,13:48:36,-70.69,-33.98,97.6,2.0,md,guc
2003-08-31,18:58:16,-67.51,-31.23,109.1,0.0,,us
2003-08-31,19:34:08,-70.29,-31.83,130.3,2.5,md,guc
2003-08-31,19:54:22,-71.5,-30.96,73.3,3.2,md,guc
2003-08-31,22:13:36,-71.6,-30.69,31.8,2.9,ml,guc
2003-09-01,02:45:18,-71.43,-31.71,66.9,2.8,md,guc
2003-09-01,05:36:54,-71.7,-30.78,32.4,2.1,ml,guc
2003-09-01,13:45:05,-66.88,-24.17,178.0,4.4,mb,us
2003-09-01,14:00:23,-71.06,-32.32,85.0,2.4,md,guc
2003-09-01,16:04:12,-56.42,-60.14,10.0,4.3,mb,us
2003-09-01,16:35:57,-72.98,-16.31,107.9,4.9,mb,us
2003-09-01,20:19:12,-70.24,-33.16,6.0,2.0,ml,guc
2003-09-01,20:31:52,-70.56,-31.72,6.2,2.4,ml,guc
2003-09-01,22:48:52,-71.58,-31.9,61.1,0.0,,us
2003-09-01,23:18:35,-70.25,-33.58,15.0,1.9,ml,guc
2003-09-02,00:26:18,-69.78,-32.21,116.8,3.7,md,guc
2003-09-02,03:34:09,-68.76,-31.22,148.9,3.6,md,guc
2003-09-02,03:41:04,-71.25,-30.98,63.4,2.9,md,guc
2003-09-02,07:06:50,-71.48,-32.74,39.5,3.5,md,guc
2003-09-02,09:16:01,-72.66,-34.95,9.7,2.7,ml,guc
2003-09-02,15:38:20,-70.11,-34.07,7.4,4.2,ml,guc
2003-09-02,16:42:52,-71.71,-30.69,25.7,3.1,ml,guc
2003-09-02,18:09:39,-70.12,-34.07,6.8,2.7,ml,guc
2003-09-02,18:14:51,-70.19,-31.85,120.3,3.1,md,guc
2003-09-02,19:31:28,-70.22,-33.01,95.9,2.9,md,guc
2003-09-02,20:06:43,-71.41,-29.44,42.9,0.0,,us
2003-09-03,01:17:35,-71.6,-30.69,22.2,2.9,ml,guc
2003-09-03,02:01:33,-71.89,-32.25,41.9,3.7,md,guc
2003-09-03,05:00:17,-68.34,-21.48,102.1,3.9,mb,us
2003-09-03,07:00:46,-71.48,-32.7,24.7,2.4,ml,guc
2003-09-03,07:22:28,-71.42,-35.38,103.0,2.9,md,guc
2003-09-03,15:12:52,-71.33,-30.77,64.0,2.7,md,guc
2003-09-03,18:00:27,-70.27,-33.16,6.4,2.2,ml,guc
2003-09-03,18:15:51,-70.22,-33.15,0.0,2.1,ml,guc
2003-09-03,23:03:50,-71.29,-31.08,59.9,2.5,md,guc
2003-09-03,23:55:57,-71.77,-32.05,4.0,2.4,ml,guc
2003-09-04,00:42:31,-71.61,-32.52,58.6,2.7,md,guc
2003-09-04,04:34:04,-71.14,-32.2,62.7,2.5,md,guc
2003-09-04,09:31:49,-71.65,-32.68,30.9,2.1,ml,guc
2003-09-04,09:37:00,-71.07,-26.98,28.5,4.4,mb,us
2003-09-04,10:39:25,-71.01,-29.79,65.3,4.0,md,guc
2003-09-04,11:25:55,-70.54,-34.3,8.5,4.2,mb,us
2003-09-04,12:00:33,-70.5,-34.28,10.5,1.9,ml,guc
2003-09-04,12:04:29,-71.23,-34.49,62.2,2.6,md,guc
2003-09-04,13:09:05,-70.61,-28.51,97.4,0.0,,us
2003-09-04,13:14:07,-71.34,-31.09,63.9,0.0,,us
2003-09-04,14:05:03,-70.13,-32.13,117.0,2.9,md,guc
2003-09-04,17:42:54,-71.67,-30.72,27.0,2.6,ml,guc
2003-09-04,18:04:22,-70.23,-33.15,5.0,3.1,ml,guc
2003-09-04,18:06:45,-70.27,-33.15,4.0,3.0,ml,guc
2003-09-04,19:58:06,-71.73,-30.75,16.5,3.4,ml,guc
2003-09-04,22:56:52,-71.78,-32.72,30.2,2.8,ml,guc
2003-09-05,00:01:23,-70.0,-31.81,136.0,3.5,md,guc
2003-09-05,01:54:13,-71.31,-33.4,57.0,2.4,md,guc
2003-09-05,03:22:15,-72.0,-32.48,45.6,3.2,md,guc
2003-09-05,03:31:03,-71.42,-28.89,20.8,3.3,ml,guc
2003-09-05,03:44:43,-69.78,-32.32,128.0,2.4,md,guc
2003-09-05,04:09:13,-71.71,-30.64,21.8,2.6,ml,guc
2003-09-05,07:21:07,-68.91,-31.05,87.3,4.2,mb,us
2003-09-05,07:43:46,-71.66,-30.75,31.6,3.0,ml,guc
2003-09-05,08:25:18,-71.36,-30.9,46.7,3.9,md,guc
2003-09-05,09:52:40,-71.56,-36.03,89.0,3.4,md,guc
2003-09-05,09:58:08,-70.53,-34.3,10.5,3.6,ml,guc
2003-09-05,10:43:51,-70.56,-26.91,81.4,3.7,md,guc
2003-09-05,14:01:37,-70.04,-31.87,131.7,2.8,md,guc
2003-09-05,15:44:36,-109.29,-34.87,10.0,4.5,mb,us
2003-09-05,17:34:17,-70.25,-33.14,2.1,2.1,ml,guc
2003-09-05,18:00:48,-70.3,-33.16,2.3,2.6,ml,guc
2003-09-05,18:59:49,-71.97,-32.94,0.9,3.1,ml,guc
2003-09-05,20:26:50,-69.1,-31.1,33.0,3.6,ml,guc
2003-09-05,20:35:28,-70.03,-31.47,194.4,2.9,md,guc
2003-09-05,21:19:50,-72.3,-34.77,15.0,0.0,,us
2003-09-05,21:45:38,-71.67,-30.73,25.5,2.8,ml,guc
2003-09-05,22:36:40,-71.98,-32.97,1.1,0.0,,us
2003-09-05,23:27:01,-71.47,-32.66,27.7,2.6,md,guc
2003-09-06,01:11:33,-70.94,-33.99,12.8,3.1,md,guc
2003-09-06,08:04:15,-70.26,-33.07,100.8,2.7,md,guc
2003-09-06,12:12:18,-80.3,-4.15,69.6,4.6,mb,us
2003-09-06,12:52:06,-72.47,-36.2,30.7,2.8,ml,guc
2003-09-06,13:42:08,-70.9,-31.46,80.8,2.7,md,guc
2003-09-06,14:34:20,-79.28,-9.15,33.0,4.6,mb,us
2003-09-06,21:13:13,-70.37,-33.8,105.1,2.8,md,guc
2003-09-06,22:36:20,-70.22,-34.05,103.3,3.2,md,guc
2003-09-07,02:38:40,-72.1,-32.99,37.4,3.8,md,guc
2003-09-07,03:21:48,-72.15,-32.97,37.7,3.9,md,guc
2003-09-07,04:04:27,-71.32,-33.37,58.3,2.9,md,guc
2003-09-07,09:24:02,-70.32,-33.19,100.0,3.2,md,guc
2003-09-07,11:00:29,-71.75,-30.73,11.6,2.9,ml,guc
2003-09-07,16:48:20,-71.75,-31.59,29.4,3.5,ml,guc
2003-09-07,21:21:32,-68.35,-22.05,124.0,4.2,mb,us
2003-09-07,22:39:31,-71.52,-30.67,40.9,4.9,mb,us
2003-09-07,23:00:30,-71.61,-30.79,5.1,2.4,ml,guc
2003-09-07,23:06:52,-71.65,-30.72,26.6,2.5,ml,guc
2003-09-07,23:18:44,-71.64,-30.68,26.6,3.7,ml,guc
2003-09-07,23:53:12,-68.74,-31.76,121.5,3.7,md,guc
2003-09-08,00:47:21,-66.65,-23.14,201.3,3.8,mb,us
2003-09-08,03:46:11,-71.63,-30.8,5.2,2.6,ml,guc
2003-09-08,04:56:45,-69.82,-32.34,121.9,3.2,md,guc
2003-09-08,05:39:26,-70.24,-31.66,128.2,3.3,md,guc
2003-09-08,11:38:35,-72.92,-36.33,18.3,3.6,ml,guc
2003-09-08,12:44:07,-72.04,-33.43,41.4,3.5,md,guc
2003-09-08,13:17:30,-70.76,-33.56,80.5,2.8,md,guc
2003-09-08,15:23:30,-71.83,-30.74,12.6,2.9,ml,guc
2003-09-08,16:14:51,-70.89,-32.16,91.7,2.9,md,guc
2003-09-08,17:41:31,-67.19,-21.29,261.4,3.7,mb,us
2003-09-08,18:01:52,-71.11,-32.81,59.2,3.3,md,guc
2003-09-08,18:37:14,-74.97,-10.54,119.8,4.2,mb,us
2003-09-08,21:12:24,-71.11,-33.61,65.5,2.6,md,guc
2003-09-09,06:02:55,-71.32,-32.48,51.9,2.8,md,guc
2003-09-09,06:27:20,-71.12,-31.94,56.3,2.4,md,guc
2003-09-09,06:44:54,-69.32,-31.31,178.3,3.2,md,guc
2003-09-09,07:23:23,-71.65,-30.72,27.5,2.5,ml,guc
2003-09-09,11:51:08,-72.32,-34.57,15.0,2.8,ml,guc
2003-09-09,13:12:18,-72.2,-34.6,3.0,2.9,ml,guc
2003-09-09,14:23:16,-71.27,-30.72,44.5,4.3,md,guc
2003-09-09,17:24:05,-72.19,-34.55,3.0,3.1,md,guc
2003-09-09,18:43:07,-71.72,-15.32,146.5,4.0,mb,us
2003-09-09,19:31:38,-71.61,-32.91,59.6,3.1,md,guc
2003-09-09,21:38:42,-70.25,-33.16,5.8,1.8,ml,guc
2003-09-09,22:19:47,-70.26,-33.14,3.4,2.8,ml,guc
2003-09-10,03:16:42,-70.97,-34.01,7.6,2.1,ml,guc
2003-09-10,08:39:57,-76.09,-9.75,134.2,4.6,mb,us
2003-09-10,09:06:22,-70.58,-31.75,107.4,2.8,md,guc
2003-09-10,09:47:11,-70.49,-34.36,112.5,1.7,md,guc
2003-09-10,12:18:18,-72.09,-34.6,42.6,3.2,md,guc
2003-09-10,12:35:25,-72.98,-17.1,33.0,4.4,mb,us
2003-09-10,13:34:00,-70.76,-33.5,75.7,2.1,md,guc
2003-09-10,15:50:57,-70.48,-34.18,109.2,1.8,md,guc
2003-09-10,17:27:16,-72.11,-30.5,17.2,4.2,ml,guc
2003-09-10,19:32:12,-70.02,-32.03,120.0,2.3,md,guc
2003-09-10,22:14:36,-71.74,-30.63,13.5,2.9,ml,guc
2003-09-10,22:18:50,-71.5,-34.59,55.6,2.0,md,guc
2003-09-11,02:15:42,-71.73,-33.48,45.4,3.8,md,guc
2003-09-11,15:56:54,-70.18,-33.95,6.8,2.1,ml,guc
2003-09-11,16:10:43,-71.64,-30.84,33.2,4.0,ml,guc
2003-09-11,21:34:11,-71.95,-32.96,4.1,2.0,ml,guc
2003-09-12,00:03:24,-70.78,-32.49,76.4,2.5,md,guc
2003-09-12,00:38:45,-70.05,-31.77,125.3,3.3,md,guc
2003-09-12,03:41:48,-71.25,-35.11,88.6,3.6,md,guc
2003-09-12,07:39:27,-71.81,-30.85,22.7,2.7,ml,guc
2003-09-12,08:17:38,-108.77,-8.97,10.0,5.5,mwc,hrv
2003-09-12,09:36:25,-71.88,-32.44,28.0,2.7,ml,guc
2003-09-12,09:40:12,-70.54,-31.99,115.0,3.1,md,guc
2003-09-12,14:01:50,-70.98,-33.88,76.6,2.5,md,guc
2003-09-12,14:45:08,-108.82,-8.81,10.0,4.4,mb,us
2003-09-12,16:48:44,-75.59,-51.62,33.0,5.6,mwc,hrv
2003-09-12,16:49:51,-75.43,-51.64,33.0,5.1,mb,us
2003-09-12,18:04:32,-70.25,-33.13,4.6,2.3,ml,guc
2003-09-12,20:03:57,-69.12,-20.01,103.8,0.0,,us
2003-09-12,20:43:51,-71.7,-30.85,29.2,3.4,ml,guc
2003-09-12,21:10:41,-71.31,-29.57,28.2,3.6,ml,guc
2003-09-13,03:58:08,-71.27,-30.92,65.3,3.1,md,guc
2003-09-13,04:31:59,-72.94,-32.83,14.9,3.0,ml,guc
2003-09-13,05:28:52,-71.57,-30.6,30.1,2.3,ml,guc
2003-09-13,06:05:32,-71.71,-30.73,25.5,2.6,ml,guc
2003-09-13,07:16:19,-72.18,-33.79,37.8,3.2,md,guc
2003-09-13,08:30:16,-70.2,-32.06,122.0,2.8,md,guc
2003-09-13,09:37:47,-80.09,-7.99,39.3,4.7,mb,us
2003-09-13,10:44:19,-69.43,-31.11,132.0,2.8,md,guc
2003-09-13,13:47:17,-71.48,-32.66,27.6,2.4,ml,guc
2003-09-13,15:42:59,-71.64,-33.43,21.9,2.0,ml,guc
2003-09-13,17:05:08,-70.91,-33.7,72.3,1.6,md,guc
2003-09-13,17:36:03,-70.03,-33.87,5.5,2.4,ml,guc
2003-09-13,18:07:27,-71.56,-32.59,32.9,2.0,ml,guc
2003-09-14,03:37:07,-70.57,-33.75,100.7,1.9,md,guc
2003-09-14,04:39:51,-71.29,-29.75,42.8,4.0,md,guc
2003-09-14,12:14:11,-70.32,-34.44,120.0,2.0,md,guc
2003-09-14,12:37:12,-74.63,-46.77,33.0,4.4,mb,us
2003-09-14,13:06:57,-71.34,-31.61,76.1,3.0,md,guc
2003-09-14,13:10:42,-69.76,-28.89,137.6,3.4,md,guc
2003-09-14,15:28:36,-70.83,-33.29,58.4,2.4,md,guc
2003-09-14,17:58:57,-70.06,-31.71,137.1,2.9,md,guc
2003-09-14,20:35:13,-70.87,-33.96,82.7,2.8,md,guc
2003-09-14,21:25:09,-70.53,-34.09,101.1,2.3,md,guc
2003-09-15,01:47:16,-70.06,-33.66,6.8,2.1,ml,guc
2003-09-15,02:35:12,-71.25,-30.71,46.2,3.4,md,guc
2003-09-15,07:56:46,-72.14,-30.92,40.0,4.3,md,guc
2003-09-15,11:16:24,-69.98,-32.01,127.6,2.8,md,guc
2003-09-15,14:03:47,-68.68,-19.36,127.6,4.2,mb,us
2003-09-15,15:29:38,-71.86,-34.22,36.3,3.4,md,guc
2003-09-15,18:13:49,-71.58,-33.27,46.2,3.2,md,guc
2003-09-15,18:54:08,-70.21,-33.12,1.8,1.9,ml,guc
2003-09-15,19:36:35,-72.15,-33.11,14.1,3.0,ml,guc
2003-09-15,19:44:18,-72.12,-33.11,32.7,2.7,ml,guc
2003-09-15,21:54:29,-72.13,-33.1,31.7,2.8,ml,guc
2003-09-15,22:01:58,-71.23,-29.58,53.0,3.8,md,guc
2003-09-15,22:39:09,-72.1,-33.11,31.6,2.0,ml,guc
2003-09-16,04:27:05,-70.35,-28.59,89.7,3.5,md,guc
2003-09-16,09:07:47,-70.26,-33.62,102.9,2.0,md,guc
2003-09-16,14:27:17,-70.21,-35.16,162.4,3.1,md,guc
2003-09-16,14:37:13,-70.94,-33.71,67.9,2.2,md,guc
2003-09-16,19:49:52,-72.14,-35.95,75.0,3.4,md,guc
2003-09-16,21:06:39,-72.06,-34.28,40.0,3.3,md,guc
2003-09-16,21:13:28,-71.24,-20.05,33.0,0.0,,us
2003-09-16,21:50:43,-68.82,-33.8,5.0,1.9,ml,guc
2003-09-17,02:21:42,-71.19,-31.22,65.7,3.1,md,guc
2003-09-17,08:23:05,-68.78,-33.79,10.0,2.6,ml,guc
2003-09-17,08:43:55,-71.83,-32.41,29.8,3.2,ml,guc
2003-09-17,10:46:10,-71.76,-32.56,29.7,4.3,ml,guc
2003-09-17,10:50:49,-71.72,-32.56,33.3,3.2,ml,guc
2003-09-17,11:04:02,-71.72,-32.57,26.3,2.9,ml,guc
2003-09-17,15:06:04,-71.69,-29.24,47.0,4.0,md,guc
2003-09-17,17:24:16,-71.3,-30.9,57.2,3.5,md,guc
2003-09-17,17:43:54,-70.29,-33.15,2.8,2.1,ml,guc
2003-09-17,17:48:36,-70.29,-33.16,5.1,2.2,ml,guc
2003-09-17,18:06:41,-70.13,-33.35,119.0,2.1,md,guc
2003-09-17,19:36:22,-70.48,-33.38,95.7,2.0,md,guc
2003-09-17,20:36:48,-73.04,-32.85,15.0,2.9,ml,guc
2003-09-17,20:44:58,-70.25,-33.15,0.6,2.1,ml,guc
2003-09-17,21:15:14,-71.73,-32.6,27.5,2.4,ml,guc
2003-09-17,21:34:47,-68.32,-21.47,127.1,5.8,mwb,us
2003-09-18,00:31:52,-70.38,-31.63,131.1,3.0,md,guc
2003-09-18,01:12:49,-71.78,-31.59,26.0,2.8,ml,guc
2003-09-18,05:46:23,-71.83,-33.91,41.0,3.3,md,guc
2003-09-18,06:49:16,-68.45,-31.42,115.8,4.0,md,guc
2003-09-18,09:47:59,-68.78,-31.32,145.0,3.4,md,guc
2003-09-18,22:51:49,-70.15,-31.94,125.6,3.9,md,guc
2003-09-19,01:44:15,-70.23,-17.94,61.3,4.8,mb,us
2003-09-19,05:06:35,-72.03,-33.56,38.4,3.2,md,guc
2003-09-19,08:15:05,-68.43,-31.2,118.0,3.8,md,guc
2003-09-19,13:47:25,-68.16,-31.32,108.1,3.6,md,guc
2003-09-19,14:57:48,-70.43,-34.48,107.3,2.7,md,guc
2003-09-19,15:52:35,-74.56,-10.41,116.1,4.1,mb,us
2003-09-19,16:50:21,-71.13,-34.2,57.2,1.7,md,guc
2003-09-19,21:33:03,-72.07,-32.95,15.0,2.1,ml,guc
2003-09-20,00:48:05,-69.04,-30.43,150.0,3.3,md,guc
2003-09-20,01:24:25,-71.47,-32.7,22.5,2.4,ml,guc
2003-09-20,01:36:23,-71.48,-32.63,28.5,2.4,ml,guc
2003-09-20,02:53:30,-71.93,-32.55,10.7,2.3,ml,guc
2003-09-20,02:57:58,-71.83,-33.69,23.3,3.0,ml,guc
2003-09-20,08:48:56,-71.69,-35.71,36.9,3.2,md,guc
2003-09-20,12:15:36,-70.06,-31.84,117.2,2.2,md,guc
2003-09-20,13:06:18,-72.3,-33.24,35.7,4.7,mb,us
2003-09-20,13:32:47,-71.89,-32.18,44.6,3.1,md,guc
2003-09-20,14:03:28,-72.15,-33.23,3.8,2.5,ml,guc
2003-09-20,15:22:40,-72.29,-34.63,15.2,3.0,md,guc
2003-09-20,16:00:08,-70.89,-31.98,74.9,2.6,md,guc
2003-09-20,18:13:15,-70.28,-33.18,0.9,1.5,ml,guc
2003-09-21,00:33:08,-71.69,-32.68,26.8,2.1,ml,guc
2003-09-21,02:03:32,-71.14,-33.29,61.9,2.6,md,guc
2003-09-21,06:56:27,-71.22,-30.6,39.2,3.2,md,guc
2003-09-21,08:24:42,-69.23,-27.56,100.0,3.5,md,guc
2003-09-21,09:09:10,-70.34,-34.07,9.9,1.6,ml,guc
2003-09-21,11:41:56,-71.2,-30.81,54.5,3.1,md,guc
2003-09-21,12:58:03,-70.65,-30.93,85.0,2.5,md,guc
2003-09-21,13:53:24,-71.66,-30.61,15.0,2.8,ml,guc
2003-09-21,16:47:18,-71.74,-30.7,14.7,3.4,ml,guc
2003-09-21,20:00:02,-70.17,-31.88,133.5,2.8,md,guc
2003-09-21,22:28:01,-71.42,-32.81,65.4,3.9,md,guc
2003-09-21,22:39:27,-72.19,-33.0,32.2,3.7,ml,guc
2003-09-22,00:22:10,-72.53,-36.19,45.2,3.6,md,guc
2003-09-22,01:55:58,-71.11,-32.88,61.6,2.2,md,guc
2003-09-22,07:17:24,-68.68,-33.71,12.2,2.5,ml,guc
2003-09-22,08:31:18,-71.78,-30.76,15.0,2.9,ml,guc
2003-09-22,08:31:37,-68.29,-22.21,115.7,4.5,mb,us
2003-09-22,09:01:53,-71.79,-30.74,15.0,2.5,ml,guc
2003-09-22,09:55:20,-71.82,-32.43,24.5,2.6,ml,guc
2003-09-22,11:06:39,-73.51,-34.15,2.5,3.5,ml,guc
2003-09-22,11:34:56,-70.96,-34.84,99.7,2.2,md,guc
2003-09-22,17:22:44,-71.78,-32.31,20.2,2.2,ml,guc
2003-09-22,19:16:52,-71.75,-32.66,21.9,2.9,ml,guc
2003-09-22,19:44:04,-69.78,-32.07,128.4,2.7,md,guc
2003-09-22,19:53:34,-71.62,-30.67,23.9,3.7,ml,guc
2003-09-22,20:35:47,-70.33,-33.2,4.3,1.8,ml,guc
2003-09-23,05:16:30,-71.49,-30.65,37.5,3.5,md,guc
2003-09-23,08:50:00,-72.3,-33.21,36.5,3.9,md,guc
2003-09-23,09:29:28,-69.78,-32.3,141.1,2.9,md,guc
2003-09-23,11:22:52,-69.2,-31.41,155.7,2.8,md,guc
2003-09-23,11:49:10,-72.29,-33.26,35.2,3.1,md,guc
2003-09-23,13:00:16,-66.6,-25.1,33.0,4.8,mb,us
2003-09-23,14:54:17,-71.91,-32.96,6.1,2.2,ml,guc
2003-09-23,16:32:38,-70.5,-33.39,95.1,4.3,md,guc
2003-09-23,17:52:13,-70.28,-33.15,3.7,2.0,ml,guc
2003-09-23,18:44:00,-71.69,-30.66,15.0,3.8,ml,guc
2003-09-23,22:11:02,-72.24,-34.0,33.5,3.5,md,guc
2003-09-23,23:08:28,-71.68,-32.56,29.4,3.9,ml,guc
2003-09-24,13:53:28,-71.34,-35.85,119.1,3.7,md,guc
2003-09-24,16:16:41,-69.08,-27.94,100.0,4.1,mb,us
2003-09-24,22:03:40,-68.61,-31.11,120.0,3.5,md,guc
2003-09-24,22:59:36,-72.33,-37.65,43.5,3.9,md,guc
2003-09-24,23:50:41,-72.14,-33.06,9.2,2.7,ml,guc
2003-09-25,00:58:54,-71.78,-30.82,33.4,2.4,ml,guc
2003-09-25,03:31:10,-68.98,-31.54,136.0,3.1,md,guc
2003-09-25,04:27:39,-70.07,-31.7,124.0,3.5,md,guc
2003-09-25,04:44:36,-71.64,-30.95,23.4,2.7,ml,guc
2003-09-25,07:12:43,-68.88,-26.02,92.2,4.2,mb,us
2003-09-25,08:07:13,-71.17,-34.34,66.8,3.1,md,guc
2003-09-25,08:27:46,-69.21,-31.49,140.0,3.2,md,guc
2003-09-25,11:10:57,-70.27,-32.55,103.2,3.7,md,guc
2003-09-25,12:10:00,-69.76,-31.48,161.2,3.2,md,guc
2003-09-25,17:49:08,-71.47,-36.66,120.8,3.5,md,guc
2003-09-25,18:02:44,-71.45,-32.3,49.4,3.7,md,guc
2003-09-25,18:06:54,-71.61,-32.14,60.7,3.3,md,guc
2003-09-25,22:40:36,-113.13,-21.64,10.0,5.3,mb,us
2003-09-26,00:09:04,-70.15,-31.69,138.4,2.9,md,guc
2003-09-26,08:11:58,-71.72,-32.27,30.3,2.4,ml,guc
2003-09-26,08:22:59,-70.77,-27.64,33.7,4.1,md,guc
2003-09-26,11:05:04,-72.04,-34.02,42.9,3.0,md,guc
2003-09-26,18:02:35,-70.27,-33.16,7.4,2.6,ml,guc
2003-09-26,18:56:23,-71.43,-30.38,58.0,3.2,md,guc
2003-09-27,01:23:06,-71.58,-30.05,30.8,3.8,md,guc
2003-09-27,06:50:05,-71.77,-30.72,21.0,2.3,ml,guc
2003-09-27,08:28:43,-66.77,-23.96,193.1,0.0,,us
2003-09-27,10:05:30,-71.62,-30.67,32.4,2.6,ml,guc
2003-09-27,12:48:20,-69.78,-31.78,130.0,3.1,md,guc
2003-09-27,14:23:23,-70.08,-33.28,107.3,2.7,md,guc
2003-09-27,16:09:15,-72.28,-33.23,35.8,3.6,md,guc
2003-09-27,17:23:08,-68.59,-19.98,120.1,4.5,mb,us
2003-09-27,23:07:52,-67.44,-33.46,33.0,0.0,,us
2003-09-27,23:45:13,-70.38,-31.73,128.0,2.9,md,guc
2003-09-28,02:13:08,-71.67,-32.14,51.7,3.5,md,guc
2003-09-28,10:43:55,-71.14,-33.21,57.1,2.1,md,guc
2003-09-28,15:30:21,-71.69,-30.7,30.3,3.0,ml,guc
2003-09-28,16:06:08,-72.81,-53.02,33.0,4.4,mb,us
2003-09-28,17:40:44,-70.68,-35.2,105.8,5.1,mwc,hrv
2003-09-28,18:20:24,-70.74,-34.33,97.0,1.8,md,guc
2003-09-28,22:34:36,-70.87,-34.7,99.6,2.3,md,guc
2003-09-29,00:08:38,-70.88,-32.01,88.1,2.3,md,guc
2003-09-29,00:55:59,-70.83,-33.62,80.7,2.7,md,guc
2003-09-29,03:16:01,-70.08,-32.57,96.1,2.0,md,guc
2003-09-29,04:49:02,-69.8,-31.52,133.3,2.6,md,guc
2003-09-29,04:58:20,-70.17,-31.98,123.6,2.6,md,guc
2003-09-29,05:52:26,-71.06,-35.02,98.6,2.6,md,guc
2003-09-29,09:15:44,-69.01,-32.57,0.0,2.8,ml,guc
2003-09-29,10:15:25,-71.6,-29.84,24.8,3.1,ml,guc
2003-09-30,00:17:51,-86.16,-41.37,10.0,4.7,mb,us
2003-09-30,02:56:57,-71.64,-32.11,6.5,2.4,ml,guc
2003-09-30,06:01:21,-68.64,-31.74,179.1,3.0,md,guc
2003-09-30,08:21:10,-70.9,-31.93,88.3,2.6,md,guc
2003-09-30,08:53:45,-70.01,-32.4,121.1,2.4,md,guc
2003-09-30,10:02:15,-70.75,-33.35,86.5,2.8,md,guc
2003-09-30,17:50:16,-70.24,-33.14,0.0,2.4,ml,guc
2003-10-01,00:35:49,-75.07,-15.04,33.0,4.4,mb,us
2003-10-01,00:39:12,-70.23,-33.06,102.7,3.0,md,guc
2003-10-01,01:45:25,-71.18,-31.76,47.9,3.6,md,guc
2003-10-01,04:01:47,-71.25,-30.67,46.3,3.8,md,guc
2003-10-01,10:52:20,-70.56,-33.96,86.1,2.7,md,guc
2003-10-01,12:05:05,-71.39,-30.74,66.4,3.7,md,guc
2003-10-01,14:00:15,-71.34,-32.76,49.6,3.2,md,guc
2003-10-01,15:03:29,-70.87,-32.81,71.8,3.6,md,guc
2003-10-01,16:15:16,-71.92,-30.82,3.7,2.5,ml,guc
2003-10-01,21:23:46,-70.26,-33.15,5.3,2.0,ml,guc
2003-10-01,23:12:54,-69.88,-23.07,43.0,4.3,md,guc
2003-10-01,23:30:29,-71.5,-32.7,26.7,2.6,ml,guc
2003-10-02,01:22:16,-91.02,-41.23,10.0,4.4,mb,us
2003-10-02,01:32:01,-91.16,-41.23,10.0,4.7,mb,us
2003-10-02,02:59:22,-68.52,-31.34,140.0,3.3,md,guc
2003-10-02,03:40:58,-71.69,-31.63,31.4,2.6,ml,guc
2003-10-02,04:10:07,-71.67,-29.98,33.0,4.7,mb,us
2003-10-02,06:30:34,-70.69,-34.48,109.5,3.0,md,guc
2003-10-02,10:24:00,-71.04,-32.03,58.4,3.2,md,guc
2003-10-02,12:20:33,-69.86,-31.71,133.3,3.2,md,guc
2003-10-02,12:44:20,-71.64,-32.82,34.3,3.6,md,guc
2003-10-02,17:35:52,-70.22,-33.15,3.5,1.9,ml,guc
2003-10-02,21:09:44,-70.83,-33.5,77.5,3.8,md,guc
2003-10-03,01:22:28,-70.08,-30.92,135.4,3.7,md,guc
2003-10-03,02:37:24,-71.58,-30.88,36.7,0.0,,us
2003-10-03,07:53:30,-71.11,-14.88,162.7,4.1,mb,us
2003-10-03,08:32:33,-70.9,-31.97,82.3,3.4,md,guc
2003-10-03,11:54:09,-68.26,-21.85,121.6,4.7,mb,us
2003-10-03,14:43:09,-71.35,-34.24,59.9,3.5,md,guc
2003-10-03,14:57:32,-71.5,-32.7,26.9,2.2,ml,guc
2003-10-03,15:30:34,-80.82,-5.41,113.1,4.9,mb,us
2003-10-03,17:22:31,-71.91,-38.07,91.5,3.8,md,guc
2003-10-03,17:51:28,-70.23,-33.18,7.5,2.8,ml,guc
2003-10-03,18:49:03,-71.21,-33.22,59.2,2.8,md,guc
2003-10-04,01:42:04,-72.35,-34.67,33.1,3.8,md,guc
2003-10-04,05:32:25,-71.05,-34.59,74.3,3.3,md,guc
2003-10-04,06:26:04,-70.54,-13.01,56.8,4.6,mb,us
2003-10-04,10:05:44,-66.66,-23.94,200.0,0.0,,us
2003-10-04,10:13:40,-71.33,-30.99,62.3,3.8,md,guc
2003-10-04,12:02:34,-71.94,-29.84,29.6,2.9,ml,guc
2003-10-04,14:50:38,-70.26,-33.97,123.2,3.6,md,guc
2003-10-04,16:27:56,-70.4,-33.19,96.0,2.3,md,guc
2003-10-04,16:34:50,-72.22,-33.93,36.9,3.0,md,guc
2003-10-04,16:37:00,-72.24,-33.95,36.0,0.0,,us
2003-10-04,18:09:37,-71.73,-30.66,24.0,2.4,ml,guc
2003-10-04,18:15:55,-71.3,-28.88,29.2,5.3,mwc,hrv
2003-10-04,18:44:50,-70.26,-33.03,96.3,2.6,md,guc
2003-10-04,20:47:06,-71.48,-28.97,34.0,3.5,md,guc
2003-10-04,21:08:37,-67.24,-31.41,33.0,4.3,ml,guc
2003-10-04,23:54:47,-70.02,-30.79,130.2,3.1,md,guc
2003-10-05,02:51:22,-71.6,-30.73,39.8,3.9,md,guc
2003-10-05,03:37:20,-70.2,-32.76,117.2,3.6,md,guc
2003-10-05,11:27:54,-70.66,-34.0,96.2,3.0,md,guc
2003-10-05,13:01:10,-71.61,-32.2,12.0,2.2,ml,guc
2003-10-05,15:42:35,-70.52,-33.16,103.7,1.9,md,guc
2003-10-05,16:00:25,-70.86,-28.3,57.1,3.6,md,guc
2003-10-05,16:57:27,-70.67,-34.61,103.4,1.9,md,guc
2003-10-05,17:33:07,-70.25,-33.14,1.9,1.8,ml,guc
2003-10-05,23:50:53,-70.27,-34.04,106.9,1.9,md,guc
2003-10-06,00:05:17,-72.72,-37.71,70.7,3.8,md,guc
2003-10-06,00:48:22,-70.47,-28.83,97.8,3.8,md,guc
2003-10-06,01:51:07,-69.42,-31.42,145.7,3.8,md,guc
2003-10-06,02:53:57,-70.54,-31.77,110.2,2.8,md,guc
2003-10-06,07:26:50,-78.42,-10.58,33.0,4.9,mb,us
2003-10-06,10:02:35,-70.54,-34.52,120.6,2.5,md,guc
2003-10-06,11:06:46,-71.67,-33.55,44.3,3.3,md,guc
2003-10-06,16:58:22,-70.38,-34.44,10.5,3.0,md,guc
2003-10-06,18:45:00,-70.33,-34.08,10.7,1.7,ml,guc
2003-10-06,20:18:38,-71.52,-32.73,25.0,2.2,ml,guc
2003-10-06,21:33:59,-71.6,-30.83,38.6,3.2,md,guc
2003-10-06,23:03:38,-71.73,-32.58,26.0,2.2,ml,guc
2003-10-07,00:36:01,-70.42,-33.03,9.5,1.9,ml,guc
2003-10-07,05:58:53,-70.15,-32.56,108.2,2.2,md,guc
2003-10-07,06:18:00,-72.02,-30.61,1.3,2.6,ml,guc
2003-10-07,09:15:46,-65.4,-20.8,329.8,0.0,,us
2003-10-07,09:55:56,-70.72,-34.48,99.8,2.3,md,guc
2003-10-07,11:15:22,-71.64,-32.49,56.0,2.0,md,guc
2003-10-07,12:05:48,-71.74,-30.71,16.0,3.0,md,guc
2003-10-07,12:57:19,-68.48,-22.6,104.9,4.9,mb,us
2003-10-07,13:14:00,-68.59,-31.51,135.0,0.0,,us
2003-10-07,17:31:10,-70.25,-33.15,1.8,1.8,ml,guc
2003-10-07,21:13:20,-71.16,-32.46,62.4,3.1,md,guc
2003-10-08,00:24:32,-68.33,-21.76,127.1,0.0,,us
2003-10-08,01:20:41,-70.47,-34.58,122.4,2.9,md,guc
2003-10-08,01:37:44,-70.48,-33.04,104.6,2.5,md,guc
2003-10-08,02:51:19,-70.33,-31.91,122.9,2.7,md,guc
2003-10-08,03:21:11,-70.15,-33.96,6.7,2.1,ml,guc
2003-10-08,07:40:38,-71.13,-35.1,109.8,2.5,md,guc
2003-10-08,08:49:56,-70.27,-32.08,124.3,2.8,md,guc
2003-10-08,08:55:16,-70.81,-32.52,82.9,2.4,md,guc
2003-10-08,13:16:21,-66.56,-27.86,164.2,4.1,mb,us
2003-10-08,14:46:05,-67.7,-31.53,122.4,3.6,md,guc
2003-10-08,14:55:14,-70.25,-32.95,102.8,3.0,md,guc
2003-10-08,15:28:13,-70.25,-33.42,109.0,2.8,md,guc
2003-10-08,17:10:20,-69.17,-31.51,150.0,3.2,md,guc
2003-10-08,17:49:50,-70.25,-33.14,5.0,2.6,ml,guc
2003-10-08,17:58:18,-69.77,-33.31,2.7,3.2,ml,guc
2003-10-08,18:14:37,-69.77,-33.33,2.5,2.8,ml,guc
2003-10-08,21:25:15,-71.83,-35.48,75.0,2.8,md,guc
2003-10-08,22:11:09,-70.23,-33.14,1.2,1.8,ml,guc
2003-10-09,05:01:46,-69.36,-31.18,172.7,2.8,md,guc
2003-10-09,05:19:04,-75.4,-15.24,33.0,4.2,mb,us
2003-10-09,06:52:15,-71.68,-32.68,32.6,4.8,mb,us
2003-10-09,07:06:59,-71.61,-32.68,29.9,2.3,ml,guc
2003-10-09,09:22:54,-69.26,-28.06,120.2,3.5,md,guc
2003-10-09,10:43:15,-70.8,-33.86,75.4,2.6,md,guc
2003-10-09,14:49:43,-70.62,-33.68,22.0,2.6,ml,guc
2003-10-09,15:37:47,-70.68,-32.17,103.1,2.7,md,guc
2003-10-09,16:03:56,-71.29,-29.33,47.3,4.4,mb,us
2003-10-09,18:10:08,-69.72,-29.61,142.6,3.4,md,guc
2003-10-10,03:51:34,-71.62,-32.72,23.5,2.7,ml,guc
2003-10-10,10:20:51,-70.76,-28.2,52.3,3.6,md,guc
2003-10-10,10:51:05,-71.6,-36.94,146.8,2.9,md,guc
2003-10-10,12:50:25,-70.14,-34.04,7.1,2.7,ml,guc
2003-10-10,17:44:01,-70.28,-33.16,3.2,2.4,ml,guc
2003-10-10,17:52:02,-70.25,-33.14,1.9,1.8,ml,guc
2003-10-10,23:42:17,-70.09,-34.06,7.5,2.3,ml,guc
2003-10-11,04:10:31,-68.8,-20.27,102.8,4.3,mb,us
2003-10-11,04:42:50,-71.63,-32.66,28.0,2.6,ml,guc
2003-10-11,09:34:13,-71.46,-32.28,51.0,2.7,md,guc
2003-10-11,12:49:45,-71.49,-32.06,12.6,2.4,ml,guc
2003-10-11,13:23:38,-71.81,-36.96,95.4,3.7,md,guc
2003-10-11,14:35:50,-69.35,-17.83,128.4,5.2,mwc,hrv
2003-10-11,15:35:40,-68.54,-34.2,16.4,3.1,md,guc
2003-10-11,16:10:39,-68.18,-31.54,109.3,4.5,mb,us
2003-10-11,20:29:28,-71.33,-32.17,71.0,3.1,md,guc
2003-10-11,22:37:20,-70.83,-33.63,69.4,2.0,md,guc
2003-10-11,23:00:46,-71.74,-30.9,15.0,2.8,ml,guc
2003-10-11,23:03:41,-71.71,-30.9,32.3,2.3,ml,guc
2003-10-12,04:07:58,-72.28,-33.21,3.6,2.5,ml,guc
2003-10-12,04:57:07,-70.92,-35.36,104.3,3.0,md,guc
2003-10-12,05:21:48,-70.64,-32.49,99.2,2.2,md,guc
2003-10-12,10:25:47,-70.44,-27.41,106.1,4.3,mb,us
2003-10-12,14:52:02,-69.53,-31.31,127.0,4.6,mb,us
2003-10-12,17:48:58,-68.88,-33.3,10.0,2.8,ml,guc
2003-10-12,19:53:46,-70.47,-33.94,11.8,1.9,ml,guc
2003-10-12,20:26:03,-71.94,-33.4,13.2,2.1,ml,guc
2003-10-12,23:19:01,-97.02,-36.23,10.0,4.5,mb,us
2003-10-13,02:57:31,-70.77,-34.85,123.2,2.6,md,guc
2003-10-13,04:16:01,-71.26,-31.0,64.8,3.0,md,guc
2003-10-13,05:42:28,-70.03,-33.54,7.9,2.6,ml,guc
2003-10-13,06:12:07,-68.52,-21.24,120.9,3.8,mb,us
2003-10-13,09:52:08,-71.68,-32.44,30.6,2.2,ml,guc
2003-10-13,12:07:09,-70.94,-30.73,74.4,3.3,md,guc
2003-10-13,12:25:22,-68.84,-31.3,146.4,3.6,md,guc
2003-10-13,17:16:33,-70.04,-33.4,116.4,3.3,md,guc
2003-10-13,19:15:10,-70.26,-33.15,3.2,1.8,ml,guc
2003-10-13,23:52:05,-71.59,-33.38,46.3,3.4,md,guc
2003-10-14,00:48:28,-70.34,-32.04,112.4,3.3,md,guc
2003-10-14,10:02:02,-69.68,-31.27,156.5,2.9,md,guc
2003-10-14,13:14:11,-72.76,-32.53,26.0,2.6,ml,guc
2003-10-14,16:48:54,-70.28,-33.14,2.5,2.5,ml,guc
2003-10-14,22:40:56,-70.9,-32.15,88.4,2.1,md,guc
2003-10-14,23:05:07,-70.92,-29.37,39.1,3.9,md,guc
2003-10-15,02:07:29,-71.6,-30.43,27.1,2.7,ml,guc
2003-10-15,02:34:33,-71.11,-26.02,47.0,4.6,mb,us
2003-10-15,03:03:38,-71.25,-30.96,63.7,3.2,md,guc
2003-10-15,05:41:57,-73.63,-39.58,42.4,4.1,mb,us
2003-10-15,06:38:52,-71.19,-27.4,38.7,4.3,md,guc
2003-10-15,09:46:56,-70.31,-33.79,101.5,1.9,md,guc
2003-10-15,11:37:25,-70.75,-34.63,101.7,4.4,mb,us
2003-10-15,17:56:00,-68.94,-22.84,110.3,0.0,,us
2003-10-15,18:24:23,-69.26,-18.87,106.4,4.4,mb,us
2003-10-15,19:20:35,-70.25,-33.16,4.7,1.8,ml,guc
2003-10-15,20:01:59,-71.44,-35.39,82.5,3.2,md,guc
2003-10-15,21:12:15,-69.47,-24.35,89.6,4.3,mb,us
2003-10-16,06:36:47,-70.18,-32.28,114.5,2.6,md,guc
2003-10-16,07:40:11,-70.2,-18.39,33.0,4.4,mb,us
2003-10-16,14:12:56,-70.7,-33.03,74.8,4.4,md,guc
2003-10-16,14:50:28,-71.23,-30.88,65.0,2.9,md,guc
2003-10-16,16:31:34,-71.85,-32.51,29.6,2.5,ml,guc
2003-10-16,18:21:00,-71.59,-32.58,31.2,3.7,ml,guc
2003-10-16,18:56:08,-71.38,-32.39,45.7,3.8,md,guc
2003-10-16,19:37:50,-70.49,-34.1,103.3,3.6,md,guc
2003-10-16,20:55:04,-71.43,-31.75,46.1,3.8,md,guc
2003-10-16,22:27:26,-71.78,-30.75,13.7,2.8,ml,guc
2003-10-17,00:10:24,-70.66,-31.5,105.2,2.6,md,guc
2003-10-17,01:42:53,-71.04,-34.65,90.4,2.0,md,guc
2003-10-17,07:25:24,-71.15,-33.12,58.6,1.9,md,guc
2003-10-17,09:07:19,-73.48,-37.43,33.0,4.3,mb,us
2003-10-17,09:50:38,-71.33,-32.38,47.6,2.7,md,guc
2003-10-17,10:22:11,-71.62,-31.59,34.7,3.1,md,guc
2003-10-17,11:01:51,-66.78,-24.21,192.0,0.0,,us
2003-10-17,16:43:41,-70.29,-33.16,5.5,2.2,ml,guc
2003-10-17,16:44:22,-70.28,-33.14,4.6,2.6,ml,guc
2003-10-17,16:47:53,-70.29,-33.16,3.8,1.9,ml,guc
2003-10-17,17:00:19,-71.19,-32.16,81.8,3.2,md,guc
2003-10-17,23:46:09,-71.5,-32.4,19.7,3.4,ml,guc
2003-10-18,01:01:53,-71.4,-30.76,31.1,2.0,ml,guc
2003-10-18,04:45:37,-69.66,-32.36,116.3,2.5,md,guc
2003-10-18,06:31:48,-71.67,-30.74,24.6,2.6,ml,guc
2003-10-18,10:50:44,-70.79,-33.99,85.8,2.2,md,guc
2003-10-18,11:16:34,-70.52,-34.28,12.0,2.0,ml,guc
2003-10-18,15:34:53,-70.33,-34.08,7.2,1.5,ml,guc
2003-10-18,19:06:50,-73.76,-10.72,126.8,4.6,mb,us
2003-10-18,19:45:54,-72.2,-34.27,1.3,2.9,md,guc
2003-10-18,19:56:01,-69.54,-31.48,134.6,2.4,md,guc
2003-10-18,21:21:53,-70.12,-33.19,9.3,2.4,ml,guc
2003-10-19,00:13:40,-70.26,-33.03,95.5,2.0,md,guc
2003-10-19,02:24:10,-70.85,-31.6,101.5,2.8,md,guc
2003-10-19,02:48:31,-70.59,-31.9,106.9,3.3,md,guc
2003-10-19,04:15:56,-70.38,-33.91,113.8,1.9,md,guc
2003-10-19,04:35:57,-70.07,-28.34,95.0,0.0,,us
2003-10-19,05:02:12,-69.2,-31.23,138.0,3.6,md,guc
2003-10-19,11:52:58,-70.43,-33.17,95.0,1.9,md,guc
2003-10-19,12:31:49,-71.56,-30.81,35.3,2.9,md,guc
2003-10-19,15:23:55,-70.73,-32.11,79.8,2.6,md,guc
2003-10-19,15:27:07,-71.89,-31.93,33.0,3.8,ml,guc
2003-10-19,17:28:37,-111.53,-13.36,10.0,5.2,mwc,hrv
2003-10-19,18:00:55,-111.54,-13.43,10.0,4.0,mb,us
2003-10-19,18:54:24,-70.08,-33.08,114.4,1.8,md,guc
2003-10-19,19:47:57,-70.95,-33.11,66.1,1.9,md,guc
2003-10-19,20:12:39,-70.4,-31.69,120.6,2.3,md,guc
2003-10-19,23:29:28,-70.45,-31.73,160.7,3.0,md,guc
2003-10-20,07:31:37,-69.93,-32.22,124.7,3.9,md,guc
2003-10-20,07:41:36,-69.9,-32.22,118.0,3.5,md,guc
2003-10-20,11:15:08,-70.55,-32.77,90.9,2.8,md,guc
2003-10-20,14:55:33,-71.86,-32.91,15.0,2.0,ml,guc
2003-10-20,14:58:04,-70.38,-33.55,114.0,2.5,md,guc
2003-10-20,15:58:52,-70.73,-34.69,102.9,2.5,md,guc
2003-10-20,17:44:25,-70.33,-33.16,1.1,1.7,ml,guc
2003-10-20,19:13:55,-69.87,-18.6,10.0,5.0,mb,us
2003-10-20,23:48:30,-70.28,-32.06,115.6,2.8,md,guc
2003-10-21,04:53:19,-71.1,-19.8,33.0,4.2,mb,us
2003-10-21,05:34:52,-70.96,-34.69,98.9,2.3,md,guc
2003-10-21,07:46:47,-71.77,-31.66,15.0,2.9,ml,guc
2003-10-21,08:19:55,-71.43,-32.25,71.6,3.8,md,guc
2003-10-21,09:22:07,-70.23,-33.06,92.5,2.5,md,guc
2003-10-21,10:17:58,-71.9,-34.66,15.0,3.6,md,guc
2003-10-22,04:15:06,-72.12,-30.23,28.1,2.9,ml,guc
2003-10-22,05:44:32,-71.33,-30.89,63.6,2.9,md,guc
2003-10-22,06:17:31,-71.48,-32.7,22.2,2.3,ml,guc
2003-10-22,06:47:08,-70.28,-33.74,1.7,1.8,ml,guc
2003-10-22,07:06:48,-70.5,-19.36,33.0,4.4,mb,us
2003-10-22,14:47:04,-70.63,-28.45,49.7,4.1,md,guc
2003-10-22,15:11:56,-70.47,-33.59,86.4,1.9,md,guc
2003-10-22,16:47:06,-70.27,-33.15,2.3,2.3,ml,guc
2003-10-22,16:48:15,-70.28,-33.14,2.9,2.4,ml,guc
2003-10-22,22:53:23,-71.6,-30.96,14.2,2.9,ml,guc
2003-10-23,05:12:28,-71.14,-34.16,65.0,3.5,md,guc
2003-10-23,06:10:37,-72.56,-37.56,71.3,3.5,mb,us
2003-10-23,10:44:48,-71.16,-30.65,56.8,3.6,md,guc
2003-10-23,21:27:24,-70.36,-33.66,101.5,2.0,md,guc
2003-10-23,23:01:25,-71.28,-32.43,74.8,2.7,md,guc
2003-10-23,23:34:37,-71.26,-32.69,47.5,2.8,md,guc
2003-10-23,23:46:15,-71.03,-33.51,65.6,1.9,md,guc
2003-10-24,00:04:41,-72.34,-18.16,33.0,0.0,,us
2003-10-24,00:27:55,-71.67,-30.96,23.4,3.4,ml,guc
2003-10-24,01:41:27,-69.25,-31.53,33.0,3.1,ml,guc
2003-10-24,03:19:02,-71.61,-30.44,34.7,4.2,md,guc
2003-10-24,04:01:06,-75.49,-51.6,33.0,4.5,mb,us
2003-10-24,05:06:53,-69.88,-32.66,123.3,3.0,md,guc
2003-10-24,05:54:55,-72.12,-33.06,13.3,3.8,ml,guc
2003-10-24,05:58:35,-72.15,-33.06,14.9,2.3,ml,guc
2003-10-24,06:09:37,-72.17,-33.04,15.1,2.3,ml,guc
2003-10-24,08:09:54,-69.6,-32.3,132.1,2.8,md,guc
2003-10-24,11:09:28,-68.62,-31.34,88.9,3.4,md,guc
2003-10-24,11:50:20,-70.17,-33.68,105.2,3.0,md,guc
2003-10-24,13:34:58,-69.68,-32.0,134.8,4.2,md,guc
2003-10-24,15:51:35,-71.19,-33.87,82.1,3.2,md,guc
2003-10-24,16:06:01,-68.91,-21.15,117.6,0.0,,us
2003-10-24,16:29:04,-71.5,-30.73,38.5,3.7,md,guc
2003-10-24,16:55:23,-70.25,-33.13,5.2,2.6,ml,guc
2003-10-24,20:49:04,-71.0,-34.67,95.6,2.8,md,guc
2003-10-24,21:11:41,-71.66,-32.11,18.4,3.3,md,guc
2003-10-25,01:34:25,-72.19,-33.05,27.8,3.2,ml,guc
2003-10-25,08:41:14,-71.38,-28.9,37.2,0.0,,us
2003-10-25,08:48:14,-71.79,-31.71,31.3,3.4,ml,guc
2003-10-25,09:05:47,-71.26,-34.12,63.5,2.6,md,guc
2003-10-25,12:18:57,-68.79,-33.14,28.5,2.7,ml,guc
2003-10-25,12:58:34,-70.36,-28.52,67.0,0.0,,us
2003-10-25,13:14:34,-70.16,-34.35,4.3,2.4,ml,guc
2003-10-25,14:07:12,-70.12,-33.99,7.8,3.1,ml,guc
2003-10-25,23:03:48,-71.7,-31.39,28.6,2.7,ml,guc
2003-10-26,00:45:01,-71.75,-31.68,26.1,2.9,ml,guc
2003-10-26,01:48:51,-67.19,-24.27,156.5,4.2,mb,us
2003-10-26,05:39:52,-71.58,-32.56,30.3,2.3,ml,guc
2003-10-26,07:31:34,-69.91,-31.74,132.1,3.1,md,guc
2003-10-26,08:04:01,-72.15,-33.03,13.8,2.9,ml,guc
2003-10-26,08:51:19,-72.17,-33.04,15.0,3.5,ml,guc
2003-10-26,08:59:42,-71.73,-32.52,27.5,2.3,ml,guc
2003-10-26,09:21:35,-70.75,-32.12,79.8,2.4,md,guc
2003-10-26,10:00:29,-72.15,-33.06,15.0,2.2,ml,guc
2003-10-26,10:16:56,-72.12,-33.07,5.0,2.1,ml,guc
2003-10-26,13:23:47,-71.77,-31.59,25.7,2.8,ml,guc
2003-10-26,16:27:09,-69.89,-17.71,107.9,5.3,mwc,hrv
2003-10-26,18:17:30,-70.47,-31.85,122.1,2.5,md,guc
2003-10-26,19:04:40,-70.31,-33.42,96.1,2.1,md,guc
2003-10-26,20:10:18,-70.17,-33.87,7.0,2.7,ml,guc
2003-10-26,21:08:07,-71.39,-32.37,48.7,3.1,md,guc
2003-10-26,22:07:29,-70.33,-33.73,111.9,1.8,md,guc
2003-10-27,01:05:56,-72.39,-39.41,72.4,3.9,mb,us
2003-10-27,02:46:29,-70.46,-33.95,11.2,1.8,ml,guc
2003-10-27,02:54:27,-71.79,-32.12,16.2,3.0,ml,guc
2003-10-27,03:28:00,-70.21,-27.9,96.7,0.0,,us
2003-10-27,04:25:25,-71.77,-30.78,15.6,2.6,ml,guc
2003-10-27,11:32:18,-70.46,-33.95,15.0,2.0,ml,guc
2003-10-27,11:56:08,-69.86,-18.31,114.6,3.6,mb,us
2003-10-27,14:11:04,-72.34,-32.63,32.2,3.7,ml,guc
2003-10-27,15:26:20,-71.72,-32.56,31.5,4.0,ml,guc
2003-10-27,15:47:51,-71.68,-32.6,25.5,2.7,ml,guc
2003-10-27,16:43:53,-70.32,-34.26,113.5,2.9,md,guc
2003-10-27,16:49:28,-70.27,-33.13,5.4,2.3,ml,guc
2003-10-27,19:15:18,-71.79,-30.76,15.2,2.5,ml,guc
2003-10-27,19:22:26,-71.24,-30.96,54.8,3.4,md,guc
2003-10-27,19:31:12,-71.79,-30.74,29.6,4.3,ml,guc
2003-10-27,22:38:19,-70.52,-34.21,105.0,3.9,md,guc
2003-10-28,00:10:52,-71.44,-31.95,36.4,3.3,md,guc
2003-10-28,01:47:25,-72.71,-33.12,25.8,3.1,md,guc
2003-10-28,03:14:25,-72.4,-32.92,34.1,3.4,md,guc
2003-10-28,03:16:46,-72.14,-33.07,9.8,3.3,ml,guc
2003-10-28,03:34:14,-74.95,-51.6,100.0,3.5,mb,us
2003-10-28,04:41:01,-71.11,-29.31,71.8,3.7,md,guc
2003-10-28,05:10:50,-75.56,-51.65,33.0,5.2,mwc,hrv
2003-10-28,05:13:22,-70.46,-33.95,14.1,1.5,ml,guc
2003-10-28,08:14:25,-70.58,-14.29,196.8,5.6,mwb,us
2003-10-28,08:42:37,-71.53,-29.46,33.0,4.7,mb,us
2003-10-28,08:53:41,-70.51,-34.54,119.8,2.5,md,guc
2003-10-28,09:22:08,-71.53,-29.5,36.2,4.0,md,guc
2003-10-28,10:49:26,-68.15,-28.39,108.7,4.2,mb,us
2003-10-28,13:03:25,-71.62,-32.02,26.8,2.7,ml,guc
2003-10-28,14:27:22,-71.82,-34.72,38.1,3.5,md,guc
2003-10-28,18:29:26,-71.25,-35.38,108.0,2.3,md,guc
2003-10-28,19:16:42,-71.58,-32.41,28.4,2.2,ml,guc
2003-10-28,19:50:03,-72.4,-34.68,25.7,2.9,ml,guc
2003-10-28,19:54:27,-71.32,-32.04,44.8,3.1,md,guc
2003-10-28,20:58:08,-72.4,-34.69,15.0,2.9,ml,guc
2003-10-29,03:58:14,-68.88,-31.28,150.0,3.5,md,guc
2003-10-29,04:35:46,-71.71,-31.19,30.4,2.8,ml,guc
2003-10-29,04:41:24,-71.39,-35.17,103.1,2.7,md,guc
2003-10-29,05:23:02,-69.56,-31.49,156.7,3.8,md,guc
2003-10-29,06:39:30,-71.48,-36.06,118.0,2.7,md,guc
2003-10-29,07:33:52,-71.6,-27.36,10.0,3.9,ml,guc
2003-10-29,12:39:28,-70.36,-33.16,100.0,2.0,md,guc
2003-10-29,18:34:09,-69.47,-32.02,122.7,2.6,md,guc
2003-10-29,21:46:46,-71.5,-33.77,39.8,3.3,md,guc
2003-10-30,01:16:49,-104.89,-35.61,10.0,4.8,mb,us
2003-10-30,02:19:44,-69.67,-31.41,150.0,3.0,md,guc
2003-10-30,02:43:05,-69.97,-32.83,111.7,4.1,md,guc
2003-10-30,06:27:36,-70.62,-33.21,88.1,2.1,md,guc
2003-10-30,06:54:24,-71.35,-32.47,44.1,2.6,md,guc
2003-10-30,14:51:48,-70.3,-33.87,114.8,2.8,md,guc
2003-10-30,16:02:48,-72.45,-28.92,44.0,3.4,md,guc
2003-10-30,17:03:08,-71.51,-29.49,12.2,3.0,ml,guc
2003-10-30,17:21:26,-68.74,-31.21,150.0,3.8,md,guc
2003-10-30,19:34:21,-72.06,-33.74,30.1,3.0,ml,guc
2003-10-30,20:49:00,-70.24,-33.14,5.2,1.9,ml,guc
2003-10-30,21:23:19,-71.54,-32.63,33.5,4.1,md,guc
2003-10-31,00:04:43,-71.63,-32.7,29.4,2.2,ml,guc
2003-10-31,01:14:46,-71.33,-30.28,48.5,3.6,md,guc
2003-10-31,01:45:25,-69.82,-33.69,4.6,2.0,ml,guc
2003-10-31,03:07:50,-72.05,-33.76,7.5,3.4,md,guc
2003-10-31,05:37:21,-71.44,-31.34,46.1,3.5,md,guc
2003-10-31,09:00:42,-70.96,-28.43,55.3,0.0,,us
2003-10-31,10:27:50,-71.11,-31.06,71.4,0.0,,us
2003-10-31,11:51:22,-68.35,-31.33,129.8,3.3,md,guc
2003-10-31,17:21:16,-70.27,-33.15,5.1,2.6,ml,guc
2003-10-31,19:19:25,-72.08,-33.95,39.7,3.4,md,guc
2003-10-31,21:18:20,-72.01,-29.5,25.0,3.0,ml,guc
2003-11-01,03:19:13,-67.69,-35.6,33.0,5.1,mwc,hrv
2003-11-01,03:36:01,-107.16,-34.57,10.0,4.2,mb,us
2003-11-01,04:11:34,-70.22,-32.25,128.1,2.6,md,guc
2003-11-01,05:16:54,-71.47,-27.59,33.0,3.9,ml,guc
2003-11-01,06:13:28,-67.52,-35.13,10.0,0.0,,us
2003-11-01,06:30:20,-70.43,-34.46,6.6,2.2,ml,guc
2003-11-01,07:07:12,-71.28,-32.45,67.0,2.9,md,guc
2003-11-01,08:17:33,-71.51,-32.18,49.9,3.6,md,guc
2003-11-01,09:06:06,-68.3,-36.36,10.0,3.7,ml,guc
2003-11-01,09:31:24,-71.72,-29.42,48.0,4.2,md,guc
2003-11-01,09:50:11,-97.88,-36.3,10.0,4.3,mb,us
2003-11-01,10:56:56,-68.93,-29.81,150.0,0.0,,us
2003-11-01,12:17:29,-125.43,-56.22,10.0,4.6,mb,us
2003-11-01,13:21:01,-71.68,-27.55,35.0,4.0,md,guc
2003-11-01,13:58:48,-71.87,-31.75,32.3,0.0,,us
2003-11-01,14:06:30,-71.84,-31.76,33.4,3.0,ml,guc
2003-11-01,15:21:24,-71.88,-31.76,16.0,2.8,ml,guc
2003-11-01,16:26:50,-71.86,-31.75,33.3,0.0,,us
2003-11-01,20:01:17,-70.36,-34.6,129.9,3.2,md,guc
2003-11-01,22:16:38,-71.26,-31.74,73.1,2.7,md,guc
2003-11-01,22:23:19,-71.84,-31.75,36.6,3.8,md,guc
2003-11-01,22:38:52,-71.18,-19.76,33.0,4.1,mb,us
2003-11-01,23:45:59,-70.18,-33.97,5.5,2.1,ml,guc
2003-11-02,01:32:36,-72.2,-33.32,5.9,2.0,ml,guc
2003-11-02,02:59:56,-73.86,-8.3,153.9,3.7,mb,us
2003-11-02,03:06:38,-71.83,-31.76,32.7,2.9,ml,guc
2003-11-02,03:30:58,-71.47,-30.96,70.8,3.1,md,guc
2003-11-02,05:27:41,-71.76,-32.82,15.0,3.4,ml,guc
2003-11-02,06:25:21,-70.28,-34.64,142.8,3.2,md,guc
2003-11-02,09:14:12,-69.8,-29.3,136.3,3.7,md,guc
2003-11-02,10:55:56,-71.31,-31.03,61.1,2.8,md,guc
2003-11-02,11:24:20,-71.01,-19.12,33.0,0.0,,us
2003-11-02,11:47:30,-71.64,-32.02,15.0,2.4,ml,guc
2003-11-02,12:31:50,-71.24,-34.69,59.9,2.6,md,guc
2003-11-02,13:59:50,-70.6,-33.54,83.0,2.3,md,guc
2003-11-02,14:10:59,-71.66,-31.26,33.2,2.9,ml,guc
2003-11-02,16:10:54,-69.86,-33.7,6.9,1.8,ml,guc
2003-11-02,19:34:16,-70.25,-33.44,104.1,3.1,md,guc
2003-11-02,19:55:26,-69.44,-31.54,134.8,3.1,md,guc
2003-11-03,02:18:40,-71.86,-32.51,12.5,2.4,ml,guc
2003-11-03,02:36:43,-67.88,-24.17,138.0,4.1,mb,us
2003-11-03,03:07:04,-70.07,-34.12,3.9,1.8,ml,guc
2003-11-03,04:02:01,-66.65,-23.95,203.1,3.9,mb,us
2003-11-03,06:19:46,-71.61,-31.25,5.0,2.7,ml,guc
2003-11-03,06:39:19,-71.82,-31.26,14.9,2.2,ml,guc
2003-11-03,08:46:54,-71.29,-27.26,31.4,4.2,ml,guc
2003-11-03,19:07:37,-69.14,-31.31,157.1,3.4,md,guc
2003-11-04,05:23:55,-65.08,-26.8,33.0,4.3,mb,us
2003-11-04,06:19:55,-71.35,-28.93,47.2,3.9,md,guc
2003-11-04,06:46:16,-71.29,-28.72,30.4,3.1,ml,guc
2003-11-04,07:22:01,-70.24,-30.1,5.0,2.9,ml,guc
2003-11-04,16:39:08,-97.8,-36.59,10.0,4.4,mb,us
2003-11-04,19:30:00,-71.66,-32.65,52.0,2.8,md,guc
2003-11-05,00:08:36,-70.63,-33.69,22.3,2.6,ml,guc
2003-11-05,03:52:38,-71.2,-25.09,27.2,4.5,mb,us
2003-11-05,03:53:34,-70.13,-33.96,9.8,1.5,ml,guc
2003-11-05,05:27:40,-70.22,-32.8,111.1,2.5,md,guc
2003-11-05,08:35:20,-71.5,-33.09,13.2,2.2,ml,guc
2003-11-05,09:12:04,-72.33,-33.41,15.2,2.3,ml,guc
2003-11-05,10:22:36,-71.5,-32.62,36.0,2.5,md,guc
2003-11-05,11:03:05,-71.73,-32.24,11.8,2.3,ml,guc
2003-11-05,11:15:51,-71.55,-27.27,14.7,3.8,ml,guc
2003-11-05,16:52:50,-70.25,-33.16,10.2,2.7,ml,guc
2003-11-05,23:53:59,-69.83,-31.9,136.3,2.7,md,guc
2003-11-06,04:23:56,-71.18,-32.17,81.7,3.0,md,guc
2003-11-06,06:14:24,-71.47,-29.39,53.6,0.0,,us
2003-11-06,08:57:59,-70.39,-34.55,124.9,2.9,md,guc
2003-11-06,10:03:50,-71.81,-32.57,38.5,3.1,md,guc
2003-11-06,11:16:39,-70.85,-33.68,71.1,2.1,md,guc
2003-11-07,01:47:51,-71.62,-30.87,11.0,2.8,ml,guc
2003-11-07,02:42:49,-69.97,-31.76,124.3,2.6,md,guc
2003-11-07,03:13:40,-72.51,-28.3,9.8,4.0,ml,guc
2003-11-07,03:28:50,-72.35,-28.19,35.2,0.0,,us
2003-11-07,05:11:33,-74.04,-14.93,33.0,0.0,,us
2003-11-07,06:43:14,-70.82,-37.73,151.5,3.8,md,guc
2003-11-07,07:23:00,-70.01,-33.18,110.0,2.7,md,guc
2003-11-07,08:08:40,-70.61,-32.43,81.6,2.3,md,guc
2003-11-07,08:27:33,-71.36,-33.15,56.1,1.8,md,guc
2003-11-07,09:34:06,-71.72,-30.97,8.9,3.8,ml,guc
2003-11-07,14:57:04,-71.68,-30.96,16.7,2.6,ml,guc
2003-11-07,15:20:37,-70.71,-34.24,103.5,2.4,md,guc
2003-11-07,16:48:02,-70.28,-33.15,3.0,2.3,ml,guc
2003-11-07,19:53:46,-70.32,-34.72,144.8,2.2,md,guc
2003-11-08,01:12:34,-68.42,-31.54,150.0,4.1,md,guc
2003-11-08,05:19:02,-71.28,-30.89,52.1,3.5,md,guc
2003-11-08,05:32:26,-103.84,-35.59,10.0,4.2,mb,us
2003-11-08,07:04:00,-68.58,-31.14,150.0,0.0,,us
2003-11-08,07:42:40,-71.25,-32.88,54.6,2.6,md,guc
2003-11-08,18:46:34,-71.62,-31.66,32.6,2.9,ml,guc
2003-11-09,00:03:41,-72.03,-34.7,17.3,2.4,ml,guc
2003-11-09,03:59:58,-71.2,-32.48,75.0,2.7,md,guc
2003-11-09,09:11:29,-71.34,-31.0,63.2,3.3,md,guc
2003-11-09,12:33:59,-71.74,-32.2,11.8,2.3,ml,guc
2003-11-09,13:35:27,-71.23,-27.44,33.0,4.4,ml,guc
2003-11-09,13:39:07,-68.45,-31.55,115.7,0.0,,us
2003-11-09,14:16:09,-70.09,-34.1,5.6,2.2,ml,guc
2003-11-09,14:46:02,-69.38,-19.82,33.0,0.0,,us
2003-11-09,15:39:11,-71.04,-32.54,62.9,2.1,md,guc
2003-11-09,16:38:46,-69.04,-19.52,155.7,0.0,,us
2003-11-09,18:37:14,-71.17,-29.55,78.6,3.2,md,guc
2003-11-09,19:18:22,-71.7,-32.67,26.0,2.8,ml,guc
2003-11-09,19:30:46,-70.09,-34.09,6.4,2.1,ml,guc
2003-11-09,19:47:16,-71.74,-31.16,15.2,2.4,ml,guc
2003-11-09,20:14:03,-68.23,-21.34,116.6,4.3,mb,us
2003-11-10,02:48:23,-71.65,-31.59,29.3,3.1,ml,guc
2003-11-10,04:26:10,-71.15,-33.15,49.9,2.5,md,guc
2003-11-10,04:27:21,-71.02,-35.11,104.7,0.0,,us
2003-11-10,04:59:50,-71.26,-30.3,47.8,2.7,md,guc
2003-11-10,05:28:50,-71.65,-30.61,31.0,2.9,ml,guc
2003-11-10,10:46:00,-80.52,-14.22,33.0,4.8,mb,us
2003-11-10,11:31:38,-68.5,-30.51,35.6,3.7,md,guc
2003-11-10,13:37:18,-71.07,-32.33,51.2,2.6,md,guc
2003-11-10,17:38:10,-70.19,-33.15,0.8,1.9,ml,guc
2003-11-10,19:08:56,-71.26,-28.5,29.8,3.2,ml,guc
2003-11-10,21:11:24,-66.5,-22.89,221.3,4.3,mb,us
2003-11-11,00:07:59,-67.61,-31.37,150.0,3.7,md,guc
2003-11-11,02:21:52,-71.35,-28.96,51.1,4.5,mb,us
2003-11-11,04:34:06,-72.16,-33.07,15.0,2.4,ml,guc
2003-11-11,05:24:50,-70.16,-33.14,115.2,2.4,md,guc
2003-11-11,07:25:11,-71.58,-30.65,34.9,3.5,md,guc
2003-11-11,13:45:34,-71.04,-34.19,69.7,3.0,md,guc
2003-11-11,15:01:32,-71.33,-32.57,48.0,2.7,md,guc
2003-11-11,15:22:17,-72.0,-32.98,24.7,2.3,ml,guc
2003-11-11,19:55:13,-70.46,-33.96,12.1,1.7,ml,guc
2003-11-12,01:54:24,-74.87,-40.02,29.6,5.6,mwc,hrv
2003-11-12,06:16:37,-71.62,-30.54,29.2,2.6,ml,guc
2003-11-12,07:15:45,-71.44,-31.43,70.9,2.4,md,guc
2003-11-12,11:04:54,-71.28,-31.61,38.9,2.8,md,guc
2003-11-12,11:49:04,-70.96,-29.2,113.3,3.3,md,guc
2003-11-12,12:09:33,-71.53,-32.01,39.3,4.0,md,guc
2003-11-12,14:08:00,-69.12,-31.22,150.0,2.7,md,guc
2003-11-12,16:44:48,-70.27,-33.13,3.3,2.7,ml,guc
2003-11-12,19:18:27,-67.48,-27.64,150.0,0.0,,us
2003-11-12,20:57:44,-69.18,-31.81,150.0,2.9,md,guc
2003-11-12,21:48:39,-71.95,-33.11,5.1,2.0,ml,guc
2003-11-12,22:53:19,-71.42,-28.71,13.9,4.0,ml,guc
2003-11-13,05:50:38,-70.41,-34.18,109.4,3.0,md,guc
2003-11-13,06:38:14,-71.72,-30.7,18.1,2.9,ml,guc
2003-11-13,07:08:43,-70.36,-33.52,15.8,1.8,ml,guc
2003-11-13,07:46:08,-71.58,-32.32,35.6,3.7,md,guc
2003-11-13,09:23:29,-73.02,-32.78,15.0,4.2,mb,us
2003-11-13,10:08:26,-70.3,-31.91,127.5,3.4,md,guc
2003-11-13,14:12:00,-70.7,-31.77,106.3,3.0,md,guc
2003-11-13,15:19:48,-72.3,-34.59,15.0,3.3,md,guc
2003-11-13,16:11:53,-71.16,-34.36,64.1,2.3,md,guc
2003-11-14,01:40:23,-72.26,-37.75,42.9,3.8,md,guc
2003-11-14,12:17:55,-75.5,-42.28,33.0,4.3,mb,us
2003-11-14,18:30:54,-70.2,-28.58,98.1,0.0,,us
2003-11-15,05:41:01,-73.05,-32.81,19.6,2.6,ml,guc
2003-11-15,07:39:07,-70.08,-33.43,117.4,2.3,md,guc
2003-11-15,10:17:27,-71.87,-33.39,25.3,2.2,ml,guc
2003-11-15,12:58:55,-72.1,-35.08,35.0,3.7,md,guc
2003-11-15,14:12:07,-71.14,-32.86,56.5,2.2,md,guc
2003-11-15,17:55:44,-71.66,-31.19,14.8,3.2,ml,guc
2003-11-15,20:07:44,-70.73,-32.44,80.8,2.6,md,guc
2003-11-15,22:08:32,-71.16,-32.88,55.1,1.7,md,guc
2003-11-16,01:00:09,-74.85,-39.95,33.0,0.0,,us
2003-11-16,07:19:41,-75.77,-10.96,126.0,4.7,mb,us
2003-11-16,15:14:08,-71.09,-32.56,15.0,1.7,ml,guc
2003-11-16,15:35:34,-71.88,-31.73,31.3,2.6,ml,guc
2003-11-16,19:23:15,-71.71,-35.83,112.5,2.6,md,guc
2003-11-17,12:48:57,-69.01,-31.37,150.0,3.7,md,guc
2003-11-17,13:02:30,-70.02,-28.91,126.6,0.0,,us
2003-11-17,14:22:18,-71.45,-30.92,42.9,3.3,md,guc
2003-11-17,23:00:57,-68.5,-31.32,108.0,4.7,mb,us
2003-11-18,00:34:56,-71.81,-32.5,20.9,4.2,mb,us
2003-11-18,06:49:27,-71.47,-32.03,35.3,4.1,md,guc
2003-11-18,07:41:50,-70.66,-34.2,106.0,2.1,md,guc
2003-11-18,18:01:37,-67.29,-35.44,33.0,4.8,mb,us
2003-11-18,18:55:49,-71.29,-30.94,58.2,2.8,md,guc
2003-11-18,19:05:26,-70.26,-33.12,2.9,2.2,ml,guc
2003-11-18,21:03:41,-67.31,-35.35,33.0,0.0,,us
2003-11-18,22:12:13,-71.79,-32.68,33.0,0.0,,us
2003-11-18,22:44:14,-71.72,-31.54,28.3,3.1,ml,guc
2003-11-19,03:42:11,-71.26,-32.67,47.2,3.2,md,guc
2003-11-19,05:21:50,-71.44,-35.2,84.5,2.8,md,guc
2003-11-19,05:22:25,-71.76,-30.87,38.1,3.5,md,guc
2003-11-19,06:05:23,-69.27,-18.04,150.0,0.0,,us
2003-11-19,07:44:54,-71.78,-30.96,22.9,3.4,ml,guc
2003-11-19,10:24:44,-72.15,-35.8,34.4,3.5,md,guc
2003-11-20,02:21:30,-69.09,-28.19,47.9,0.0,,us
2003-11-20,04:02:24,-75.39,-10.35,33.0,3.7,mb,us
2003-11-20,16:49:38,-70.28,-33.15,4.4,2.3,ml,guc
2003-11-20,21:54:52,-71.58,-34.19,52.3,2.9,md,guc
2003-11-21,01:29:15,-68.64,-28.83,33.0,3.6,md,guc
2003-11-21,16:43:47,-70.26,-33.14,3.7,2.2,ml,guc
2003-11-21,16:44:46,-70.3,-33.17,5.3,2.1,ml,guc
2003-11-21,19:11:08,-71.67,-30.74,20.5,3.5,ml,guc
2003-11-21,21:39:41,-69.08,-31.54,33.0,3.7,ml,guc
2003-11-21,22:38:24,-71.75,-36.03,81.8,3.1,md,guc
2003-11-22,03:46:56,-71.72,-30.78,2.7,3.4,ml,guc
2003-11-22,03:49:25,-71.77,-30.71,15.0,3.2,ml,guc
2003-11-22,04:14:49,-71.7,-30.79,3.4,2.6,ml,guc
2003-11-22,04:44:41,-80.93,-5.81,33.0,4.4,mb,us
2003-11-22,05:57:18,-66.79,-24.03,190.0,3.8,mb,us
2003-11-22,06:42:54,-70.64,-34.54,104.8,3.0,md,guc
2003-11-22,14:47:40,-70.96,-32.41,69.7,3.7,md,guc
2003-11-23,04:44:39,-68.05,-23.24,121.9,4.6,mb,us
2003-11-23,07:53:28,-71.75,-32.66,26.6,2.5,ml,guc
2003-11-23,09:57:59,-71.15,-34.27,63.6,3.2,md,guc
2003-11-23,12:22:25,-72.08,-34.02,38.9,3.4,md,guc
2003-11-23,14:01:08,-70.03,-33.82,7.9,1.9,ml,guc
2003-11-23,15:20:40,-69.96,-32.23,114.0,3.2,md,guc
2003-11-23,18:31:16,-72.0,-30.54,33.0,4.4,ml,guc
2003-11-24,05:45:47,-68.93,-33.32,0.0,2.8,ml,guc
2003-11-24,06:20:14,-71.19,-32.39,53.6,2.9,md,guc
2003-11-24,08:31:17,-70.18,-31.15,147.3,2.7,md,guc
2003-11-24,08:57:59,-71.99,-33.29,15.0,2.8,md,guc
2003-11-24,11:45:47,-69.46,-31.59,105.2,4.2,mb,us
2003-11-24,12:16:55,-71.49,-29.43,61.2,0.0,,us
2003-11-24,13:12:22,-71.31,-32.31,28.8,3.1,ml,guc
2003-11-24,13:27:28,-71.14,-34.63,64.4,2.3,md,guc
2003-11-24,14:35:28,-69.58,-31.7,150.0,3.3,md,guc
2003-11-24,16:00:36,-70.51,-34.25,105.6,2.2,md,guc
2003-11-24,16:58:04,-70.19,-34.73,0.0,2.7,md,guc
2003-11-24,17:32:40,-71.72,-32.64,30.0,2.3,ml,guc
2003-11-24,22:24:34,-71.41,-32.3,45.7,2.8,md,guc
2003-11-25,00:13:00,-71.69,-32.34,25.6,2.7,ml,guc
2003-11-25,01:05:25,-71.02,-32.03,83.8,2.4,md,guc
2003-11-25,04:30:11,-71.66,-32.35,26.2,2.5,ml,guc
2003-11-25,04:43:37,-67.55,-23.37,160.3,5.6,mwc,hrv
2003-11-25,07:53:05,-71.41,-32.88,46.7,3.1,md,guc
2003-11-25,15:21:01,-71.07,-34.15,77.5,2.2,md,guc
2003-11-25,16:50:08,-70.26,-33.15,5.8,2.3,ml,guc
2003-11-25,16:59:00,-70.26,-33.15,5.0,2.5,ml,guc
2003-11-26,02:56:58,-69.35,-31.87,22.2,3.3,ml,guc
2003-11-26,04:12:25,-70.87,-33.58,73.7,2.2,md,guc
2003-11-26,04:54:40,-70.43,-33.73,15.0,2.1,ml,guc
2003-11-26,09:06:12,-71.63,-31.77,24.0,3.8,ml,guc
2003-11-26,10:57:52,-71.05,-29.82,63.1,5.2,mwc,hrv
2003-11-26,12:20:31,-71.72,-31.6,28.8,3.1,ml,guc
2003-11-26,12:55:07,-79.51,-9.49,57.5,4.7,mb,us
2003-11-26,13:28:05,-70.5,-34.19,100.9,2.4,md,guc
2003-11-26,19:04:17,-70.27,-33.14,3.4,2.1,ml,guc
2003-11-26,22:56:51,-91.67,-39.09,10.0,4.2,mb,us
2003-11-26,23:06:48,-69.1,-33.1,7.9,2.3,ml,guc
2003-11-27,00:10:03,-71.41,-32.7,28.0,2.9,ml,guc
2003-11-27,02:09:32,-70.74,-28.64,57.3,0.0,,us
2003-11-27,02:53:56,-72.05,-31.67,18.6,3.5,ml,guc
2003-11-27,04:25:19,-71.55,-32.55,27.5,2.1,ml,guc
2003-11-27,06:05:21,-71.18,-29.39,72.4,0.0,,us
2003-11-27,07:54:57,-71.34,-35.02,92.8,3.1,md,guc
2003-11-27,10:30:38,-75.25,-14.91,109.1,4.0,mb,us
2003-11-27,11:23:58,-71.7,-32.68,26.1,2.4,ml,guc
2003-11-27,14:56:06,-70.33,-32.97,105.0,2.6,md,guc
2003-11-27,15:52:40,-68.65,-22.97,106.9,4.4,mb,us
2003-11-28,10:28:24,-70.27,-33.14,2.7,2.7,ml,guc
2003-11-28,16:47:25,-71.43,-35.06,75.5,3.3,md,guc
2003-11-28,16:59:50,-70.29,-33.15,3.9,2.5,ml,guc
2003-11-28,23:37:40,-69.27,-32.61,158.0,2.8,md,guc
2003-11-29,02:28:21,-71.0,-35.28,108.6,3.6,md,guc
2003-11-29,04:24:05,-71.72,-30.81,3.2,2.9,ml,guc
2003-11-29,05:14:07,-70.67,-32.23,98.0,2.7,md,guc
2003-11-29,05:54:47,-70.59,-34.23,109.1,2.5,md,guc
2003-11-29,08:03:54,-71.11,-32.02,64.1,3.3,md,guc
2003-11-29,14:23:22,-68.12,-31.87,111.5,3.6,md,guc
2003-11-29,15:42:02,-71.07,-35.04,104.2,0.0,,us
2003-11-29,16:18:35,-71.71,-31.75,29.7,3.1,ml,guc
2003-11-29,16:48:04,-84.16,-41.71,10.0,5.3,mwc,hrv
2003-11-29,20:48:23,-71.44,-30.86,55.5,3.0,md,guc
2003-11-29,23:03:16,-71.67,-36.39,90.3,3.5,md,guc
2003-11-30,07:56:15,-69.17,-17.12,154.4,3.8,mb,us
2003-11-30,10:05:27,-70.33,-32.28,109.1,2.5,md,guc
2003-11-30,13:00:51,-71.67,-31.73,27.9,2.3,ml,guc
2003-11-30,13:52:19,-71.62,-31.84,38.1,2.9,md,guc
2003-11-30,19:56:57,-72.5,-35.92,19.9,4.0,ml,guc
2003-11-30,21:37:18,-70.31,-33.74,3.2,1.9,ml,guc
2003-11-30,21:58:47,-92.03,-39.23,10.0,5.5,mwc,hrv
2003-11-30,23:10:15,-71.75,-18.24,33.0,0.0,,us
2003-11-30,23:19:59,-71.59,-32.0,28.3,2.6,ml,guc
2003-11-30,23:47:48,-72.52,-28.48,33.0,4.6,mb,us
2003-12-01,04:30:17,-71.63,-30.41,34.2,4.1,md,guc
2003-12-01,05:02:54,-71.62,-30.44,35.9,4.4,md,guc
2003-12-01,08:47:12,-70.47,-33.46,96.8,3.0,md,guc
2003-12-01,11:41:56,-71.69,-32.25,13.2,3.1,ml,guc
2003-12-01,14:56:52,-69.14,-28.5,110.0,0.0,,us
2003-12-01,15:57:29,-70.14,-34.06,10.1,2.0,ml,guc
2003-12-01,16:01:35,-71.59,-33.66,43.9,3.5,md,guc
2003-12-01,16:23:02,-71.72,-32.71,28.9,2.6,ml,guc
2003-12-01,16:54:56,-70.26,-33.14,3.6,2.4,ml,guc
2003-12-02,00:18:23,-68.07,-22.15,119.9,5.1,mb,us
2003-12-02,02:06:36,-71.48,-31.28,74.0,3.2,md,guc
2003-12-02,06:45:53,-71.7,-32.54,30.9,2.3,ml,guc
2003-12-02,07:58:37,-100.25,-36.17,10.0,4.6,mb,us
2003-12-02,11:59:10,-71.84,-32.47,39.0,3.6,md,guc
2003-12-02,16:27:05,-74.6,-10.92,100.0,4.3,mb,us
2003-12-02,16:46:12,-70.33,-34.42,116.2,3.1,md,guc
2003-12-02,16:52:10,-70.29,-33.15,13.2,2.3,ml,guc
2003-12-02,23:19:49,-71.22,-14.66,133.1,4.2,mb,us
2003-12-03,14:04:36,-71.68,-32.51,31.5,2.5,ml,guc
2003-12-03,15:34:57,-71.42,-32.19,41.1,3.4,md,guc
2003-12-03,17:11:10,-72.38,-33.42,13.6,2.4,ml,guc
2003-12-04,01:51:47,-70.72,-34.39,93.7,2.7,md,guc
2003-12-04,03:34:51,-71.52,-34.15,38.8,3.8,md,guc
2003-12-04,08:52:16,-71.96,-29.61,37.0,3.9,md,guc
2003-12-04,12:52:14,-72.22,-33.94,37.4,3.6,md,guc
2003-12-04,14:49:50,-69.27,-27.36,113.6,3.7,md,guc
2003-12-04,14:50:19,-71.62,-15.49,142.2,4.4,mb,us
2003-12-04,18:30:14,-72.17,-34.94,21.8,3.2,ml,guc
2003-12-04,21:07:12,-68.62,-31.2,133.8,3.2,md,guc
2003-12-04,22:23:54,-71.71,-30.75,26.6,3.7,ml,guc
2003-12-05,00:59:27,-76.39,-9.21,151.2,4.4,mb,us
2003-12-05,01:02:55,-70.39,-33.81,103.2,2.6,md,guc
2003-12-05,04:06:15,-74.53,-37.65,29.1,4.3,mb,us
2003-12-05,13:31:34,-70.28,-33.15,3.9,2.0,ml,guc
2003-12-05,15:08:54,-71.77,-31.33,29.7,3.5,ml,guc
2003-12-05,19:05:24,-72.43,-34.41,29.2,3.1,md,guc
2003-12-05,19:18:01,-71.25,-30.22,57.5,0.0,,us
2003-12-06,00:23:27,-69.35,-32.22,9.7,3.0,ml,guc
2003-12-06,10:49:43,-71.72,-31.63,29.9,3.1,ml,guc
2003-12-06,11:00:20,-70.52,-32.11,114.0,2.8,md,guc
2003-12-07,02:48:44,-69.19,-31.34,100.0,3.4,md,guc
2003-12-07,05:55:14,-70.45,-33.41,98.3,2.2,md,guc
2003-12-07,08:15:29,-70.38,-32.34,102.9,2.5,md,guc
2003-12-07,10:02:38,-66.76,-24.0,199.5,4.0,mb,us
2003-12-07,10:11:24,-69.39,-31.67,122.1,3.6,md,guc
2003-12-07,11:40:37,-66.9,-24.18,200.0,0.0,,us
2003-12-07,13:13:33,-71.71,-32.35,23.4,0.0,,us
2003-12-07,13:13:36,-71.77,-32.35,29.2,2.9,ml,guc
2003-12-07,14:43:18,-68.5,-31.89,100.0,0.0,,us
2003-12-07,20:07:48,-69.05,-28.14,145.8,0.0,,us
2003-12-07,20:55:10,-70.28,-33.15,1.6,2.4,ml,guc
2003-12-07,21:27:42,-68.11,-20.34,152.1,4.4,mb,us
2003-12-07,23:07:59,-66.71,-27.82,168.9,3.5,mb,us
2003-12-07,23:39:48,-119.04,-54.65,10.0,4.8,mb,us
2003-12-08,02:44:24,-70.39,-28.6,102.8,0.0,,us
2003-12-08,07:42:04,-71.38,-30.85,72.2,3.1,md,guc
2003-12-08,08:19:22,-71.75,-30.7,15.3,2.9,ml,guc
2003-12-08,08:25:09,-71.45,-31.6,42.8,3.5,md,guc
2003-12-08,08:37:44,-124.41,-55.59,10.0,4.6,mb,us
2003-12-08,08:50:22,-71.74,-30.7,15.0,2.6,ml,guc
2003-12-08,11:13:21,-71.9,-32.28,23.0,2.8,ml,guc
2003-12-08,11:56:41,-71.13,-33.69,61.7,2.3,md,guc
2003-12-08,13:19:27,-71.85,-32.28,9.8,2.5,ml,guc
2003-12-08,13:29:05,-70.42,-32.88,97.4,2.6,md,guc
2003-12-08,14:32:07,-118.28,-55.15,10.0,4.7,mb,us
2003-12-08,22:27:15,-77.25,-12.1,33.0,4.4,mb,us
2003-12-09,00:25:13,-70.46,-33.95,15.0,1.9,ml,guc
2003-12-09,00:54:43,-68.92,-23.3,104.1,0.0,,us
2003-12-09,08:38:55,-80.08,-5.88,100.0,4.6,mb,us
2003-12-09,08:43:38,-71.59,-29.97,4.5,2.5,ml,guc
2003-12-09,10:16:36,-76.08,-42.36,33.0,4.7,mb,us
2003-12-09,13:40:28,-69.84,-31.7,134.0,3.3,md,guc
2003-12-09,13:42:24,-66.78,-24.06,200.0,0.0,,us
2003-12-09,13:57:47,-70.9,-34.85,99.5,3.0,md,guc
2003-12-09,16:42:56,-70.28,-33.17,5.3,2.1,ml,guc
2003-12-09,16:43:30,-70.31,-33.19,6.3,2.2,ml,guc
2003-12-09,16:58:39,-71.55,-28.94,33.0,4.2,ml,guc
2003-12-09,23:03:29,-71.87,-30.83,15.0,2.4,ml,guc
2003-12-10,01:04:32,-111.55,-24.38,10.0,5.3,mwc,hrv
2003-12-10,01:16:22,-68.85,-33.3,10.0,2.0,ml,guc
2003-12-10,07:35:40,-70.88,-32.94,71.0,3.3,md,guc
2003-12-10,08:52:09,-67.78,-24.33,171.9,0.0,,us
2003-12-10,09:39:00,-71.16,-30.86,67.2,3.2,md,guc
2003-12-10,09:42:25,-114.89,-50.03,10.0,5.4,mwc,hrv
2003-12-10,12:25:52,-71.32,-27.96,33.0,5.8,mwb,us
2003-12-10,21:18:19,-70.74,-33.98,14.2,2.0,ml,guc
2003-12-10,22:58:58,-66.37,-23.81,213.9,4.0,mb,us
2003-12-11,03:51:26,-71.67,-30.83,26.3,3.5,ml,guc
2003-12-11,05:53:59,-71.65,-29.85,34.9,4.3,md,guc
2003-12-11,06:39:15,-71.35,-30.58,44.9,4.0,md,guc
2003-12-11,13:53:31,-68.25,-31.14,110.2,4.3,mb,us
2003-12-11,15:43:59,-71.7,-32.12,10.9,2.8,ml,guc
2003-12-11,15:57:03,-71.64,-30.73,15.0,3.3,ml,guc
2003-12-11,16:06:30,-71.58,-31.46,32.6,2.7,ml,guc
2003-12-11,16:52:23,-70.23,-33.14,2.5,2.3,ml,guc
2003-12-11,20:15:46,-71.85,-32.33,20.6,3.1,ml,guc
2003-12-11,22:26:31,-69.05,-30.38,145.0,3.5,md,guc
2003-12-12,00:15:26,-71.89,-32.32,18.7,4.1,ml,guc
2003-12-12,04:03:06,-71.89,-32.33,16.9,3.8,ml,guc
2003-12-12,06:31:14,-70.65,-31.37,97.2,2.8,md,guc
2003-12-12,06:57:47,-68.18,-21.04,116.5,5.3,mwc,hrv
2003-12-12,07:18:28,-70.6,-31.7,102.6,3.7,md,guc
2003-12-12,07:32:32,-71.67,-32.56,29.8,2.3,ml,guc
2003-12-12,07:56:00,-71.53,-32.06,59.0,3.1,md,guc
2003-12-12,12:14:04,-71.64,-30.9,32.0,2.5,ml,guc
2003-12-12,13:22:38,-71.74,-35.77,97.3,3.5,md,guc
2003-12-12,14:03:57,-71.2,-30.64,49.5,3.9,md,guc
2003-12-13,01:34:04,-71.75,-30.79,6.8,2.9,ml,guc
2003-12-13,03:10:19,-72.14,-34.46,38.5,3.4,md,guc
2003-12-13,04:05:56,-69.87,-32.7,118.3,3.3,md,guc
2003-12-13,04:55:54,-71.67,-30.74,20.0,3.5,ml,guc
2003-12-13,06:12:19,-71.9,-29.57,40.5,0.0,,us
2003-12-13,07:46:25,-69.36,-26.99,105.0,0.0,,us
2003-12-13,11:39:23,-71.97,-29.56,36.0,3.7,md,guc
2003-12-13,13:15:31,-71.6,-32.42,31.6,2.4,ml,guc
2003-12-13,16:53:10,-69.95,-32.37,130.8,2.4,md,guc
2003-12-13,18:50:55,-70.26,-33.02,98.3,2.0,md,guc
2003-12-13,21:04:39,-66.62,-23.98,206.0,4.4,mb,us
2003-12-13,22:51:33,-71.24,-35.38,106.0,3.0,md,guc
2003-12-14,01:48:53,-71.24,-34.91,95.0,3.1,md,guc
2003-12-14,05:51:22,-71.27,-35.3,100.2,2.5,md,guc
2003-12-14,06:18:10,-68.7,-19.94,133.7,4.4,mb,us
2003-12-14,07:30:26,-67.32,-24.95,100.0,3.5,mb,us
2003-12-14,07:44:04,-79.38,-11.08,33.0,0.0,,us
2003-12-14,09:02:58,-71.73,-31.38,5.1,2.8,ml,guc
2003-12-14,12:19:04,-68.34,-31.59,33.0,3.6,ml,guc
2003-12-14,13:17:44,-71.78,-31.28,20.1,3.1,ml,guc
2003-12-14,13:58:19,-71.58,-31.6,59.6,2.8,md,guc
2003-12-14,15:23:55,-71.74,-32.17,26.1,3.1,ml,guc
2003-12-14,16:55:24,-70.26,-33.14,2.7,1.9,ml,guc
2003-12-14,17:38:14,-71.73,-31.63,14.2,2.3,ml,guc
2003-12-14,17:45:11,-69.75,-32.32,134.0,2.9,md,guc
2003-12-14,18:06:30,-71.46,-32.33,43.6,3.2,md,guc
2003-12-14,18:39:05,-71.5,-29.49,33.4,3.7,md,guc
2003-12-15,01:07:36,-71.37,-30.71,41.8,3.8,md,guc
2003-12-15,08:02:44,-69.6,-30.39,33.0,4.0,ml,guc
2003-12-15,08:47:25,-71.38,-33.26,51.4,2.6,md,guc
2003-12-15,09:23:51,-71.5,-34.41,44.9,3.7,md,guc
2003-12-15,09:31:39,-71.02,-33.35,70.2,2.4,md,guc
2003-12-15,10:33:14,-69.5,-28.34,144.1,3.2,md,guc
2003-12-15,14:41:45,-71.0,-34.09,73.0,2.6,md,guc
2003-12-15,16:37:29,-69.97,-32.68,115.0,2.9,md,guc
2003-12-15,18:55:05,-71.13,-36.48,145.0,3.4,md,guc
2003-12-16,00:56:02,-81.13,-4.94,33.0,0.0,,us
2003-12-16,09:07:56,-70.29,-35.32,170.8,3.2,md,guc
2003-12-16,09:21:10,-71.95,-32.83,37.0,3.5,md,guc
2003-12-16,16:55:57,-70.28,-33.17,8.3,2.3,ml,guc
2003-12-16,20:40:26,-71.36,-30.96,59.9,3.9,md,guc
2003-12-16,22:09:51,-68.66,-29.86,3.0,4.1,ml,guc
2003-12-17,03:06:31,-69.44,-28.1,130.0,0.0,,us
2003-12-17,04:19:16,-71.56,-37.09,120.6,3.2,md,guc
2003-12-17,05:39:22,-70.47,-33.93,10.8,2.4,ml,guc
2003-12-17,05:47:48,-69.49,-31.68,120.4,2.8,md,guc
2003-12-17,06:45:35,-67.6,-28.86,150.0,0.0,,us
2003-12-17,07:17:50,-69.82,-33.35,2.3,1.8,ml,guc
2003-12-17,09:30:28,-71.97,-29.9,0.0,2.5,ml,guc
2003-12-17,10:59:22,-71.06,-32.22,73.6,2.8,md,guc
2003-12-17,20:06:29,-70.2,-33.14,2.0,2.0,ml,guc
2003-12-17,20:11:07,-66.54,-27.98,178.1,4.7,mb,us
2003-12-18,09:17:27,-70.28,-33.03,95.3,2.2,md,guc
2003-12-18,09:44:12,-68.19,-31.28,127.2,0.0,,us
2003-12-18,11:00:56,-71.38,-30.25,42.8,3.4,md,guc
2003-12-18,11:13:47,-70.13,-32.75,107.7,2.4,md,guc
2003-12-18,17:03:37,-70.18,-34.32,2.8,1.9,ml,guc
2003-12-18,18:03:41,-70.29,-33.15,3.6,2.2,ml,guc
2003-12-18,19:45:00,-71.64,-33.06,46.1,2.8,md,guc
2003-12-19,00:16:51,-70.92,-33.98,74.1,3.1,md,guc
2003-12-19,08:01:46,-71.97,-30.86,5.0,2.5,ml,guc
2003-12-19,08:37:59,-70.85,-27.56,43.3,3.8,md,guc
2003-12-19,09:38:31,-70.87,-33.16,70.9,2.2,md,guc
2003-12-19,12:06:00,-71.75,-29.51,0.4,2.8,ml,guc
2003-12-19,18:41:52,-71.17,-31.83,81.5,3.2,md,guc
2003-12-19,19:31:44,-71.16,-30.7,39.7,2.7,md,guc
2003-12-19,20:23:50,-70.79,-28.31,59.4,3.5,md,guc
2003-12-19,20:41:01,-70.24,-33.14,1.6,2.2,ml,guc
2003-12-20,00:15:22,-69.06,-31.43,150.0,3.8,md,guc
2003-12-20,03:07:24,-71.39,-31.75,73.1,2.8,md,guc
2003-12-20,05:36:19,-69.85,-33.27,5.7,1.7,ml,guc
2003-12-20,09:07:01,-70.34,-34.08,7.5,2.7,ml,guc
2003-12-20,12:01:36,-71.08,-32.44,56.0,2.6,md,guc
2003-12-20,12:13:36,-71.75,-35.72,118.1,3.2,md,guc
2003-12-20,14:16:44,-69.87,-29.41,5.0,3.3,ml,guc
2003-12-20,16:33:03,-70.63,-33.83,86.1,2.1,md,guc
2003-12-20,23:51:26,-66.83,-27.8,169.4,4.5,mb,us
2003-12-21,03:09:24,-72.04,-31.66,27.1,3.1,ml,guc
2003-12-21,05:51:51,-67.84,-32.21,3.0,3.7,ml,guc
2003-12-21,06:34:03,-70.68,-34.66,116.0,2.7,md,guc
2003-12-21,07:45:01,-68.85,-31.29,145.0,3.2,md,guc
2003-12-21,09:18:20,-71.44,-33.39,55.0,2.4,md,guc
2003-12-21,10:33:11,-71.46,-29.98,39.0,3.9,md,guc
2003-12-21,16:36:26,-71.0,-28.58,59.2,0.0,,us
2003-12-21,18:50:31,-70.3,-33.19,4.7,2.2,ml,guc
2003-12-21,18:53:02,-70.28,-33.14,2.4,3.2,md,guc
2003-12-21,19:32:33,-70.27,-33.95,109.9,2.4,md,guc
2003-12-21,21:43:34,-71.2,-33.88,59.9,2.9,md,guc
2003-12-22,01:54:39,-69.42,-31.82,74.5,5.1,mb,us
2003-12-22,03:05:37,-69.96,-32.8,108.2,3.1,md,guc
2003-12-22,05:34:27,-65.43,-30.89,184.6,0.0,,us
2003-12-22,14:46:14,-71.33,-33.47,58.3,2.8,md,guc
2003-12-22,20:55:59,-71.46,-32.77,15.0,2.4,ml,guc
2003-12-23,00:20:35,-70.96,-35.32,105.3,3.2,md,guc
2003-12-23,00:38:25,-69.43,-31.37,135.0,3.0,md,guc
2003-12-23,08:39:01,-111.5,-24.47,10.0,0.0,,us
2003-12-23,13:38:41,-69.95,-32.33,121.9,3.2,md,guc
2003-12-23,16:54:31,-70.24,-33.17,8.5,2.3,ml,guc
2003-12-23,19:46:24,-70.36,-33.19,1.7,2.2,ml,guc
2003-12-23,23:07:03,-112.46,-23.45,10.0,4.7,mb,us
2003-12-24,00:46:30,-69.43,-32.95,0.1,2.1,ml,guc
2003-12-24,00:59:09,-114.29,-23.46,10.0,5.4,mwc,hrv
2003-12-24,01:05:54,-69.38,-32.97,5.0,2.0,ml,guc
2003-12-24,07:34:19,-69.38,-33.01,5.3,2.5,ml,guc
2003-12-24,13:04:50,-70.34,-34.76,142.3,2.8,md,guc
2003-12-24,14:25:22,-71.84,-32.65,10.3,2.9,ml,guc
2003-12-24,16:43:07,-120.58,-54.47,10.0,5.2,mwc,hrv
2003-12-24,16:48:49,-70.23,-33.23,3.3,2.4,ml,guc
2003-12-24,18:40:20,-72.54,-15.07,118.8,4.2,mb,us
2003-12-24,20:12:56,-72.59,-7.33,28.1,0.0,,us
2003-12-25,03:29:45,-69.38,-21.21,94.5,4.0,mb,us
2003-12-25,11:21:30,-70.54,-35.02,4.0,3.9,ml,guc
2003-12-25,11:47:40,-71.49,-32.25,58.2,2.5,md,guc
2003-12-26,01:12:12,-70.26,-32.87,92.0,3.2,md,guc
2003-12-26,01:17:44,-72.88,-16.01,96.8,4.6,mb,us
2003-12-26,03:38:29,-66.72,-23.36,205.6,0.0,,us
2003-12-26,05:43:40,-75.77,-14.41,51.0,4.5,mb,us
2003-12-26,06:51:00,-71.12,-34.36,68.5,2.4,md,guc
2003-12-26,14:00:53,-71.23,-30.28,53.1,3.8,md,guc
2003-12-26,16:06:32,-74.46,-13.65,33.0,0.0,,us
2003-12-26,17:04:24,-68.52,-20.24,142.6,4.3,mb,us
2003-12-26,19:14:22,-75.42,-51.64,33.0,4.8,mb,us
2003-12-26,21:51:16,-71.58,-32.66,30.6,2.2,ml,guc
2003-12-26,22:08:57,-70.24,-33.15,1.1,2.3,ml,guc
2003-12-26,22:38:20,-71.75,-30.68,19.8,2.9,ml,guc
2003-12-27,01:31:40,-69.03,-22.85,33.0,3.4,mb,us
2003-12-27,04:27:14,-71.64,-32.67,27.6,2.3,ml,guc
2003-12-27,07:06:56,-70.98,-30.76,68.7,2.7,md,guc
2003-12-27,08:11:44,-70.39,-33.25,94.4,2.4,md,guc
2003-12-27,08:26:06,-64.57,-27.34,33.0,4.3,mb,us
2003-12-27,08:44:16,-72.33,-33.98,20.0,1.9,ml,guc
2003-12-27,10:07:37,-71.64,-31.87,54.2,3.6,md,guc
2003-12-27,10:21:36,-68.9,-20.5,117.1,4.5,mb,us
2003-12-27,10:26:24,-72.99,-32.69,20.0,3.0,ml,guc
2003-12-27,13:22:41,-70.33,-34.08,10.3,1.9,ml,guc
2003-12-27,15:55:05,-69.61,-31.43,148.0,3.4,md,guc
2003-12-27,23:22:46,-71.36,-30.78,48.0,3.3,md,guc
2003-12-28,04:10:23,-71.0,-32.29,76.3,3.1,md,guc
2003-12-28,05:45:34,-66.89,-24.13,185.0,4.7,mb,us
2003-12-28,06:10:34,-71.28,-33.8,41.3,3.8,md,guc
2003-12-28,07:14:30,-71.24,-9.68,606.6,4.8,mb,us
2003-12-28,07:42:11,-71.91,-33.99,38.9,2.9,md,guc
2003-12-28,11:56:38,-71.53,-32.06,57.4,2.8,md,guc
2003-12-28,15:21:12,-70.32,-28.08,85.0,0.0,,us
2003-12-28,16:39:14,-66.72,-27.97,150.0,3.8,md,guc
2003-12-28,18:11:39,-69.06,-21.96,113.8,3.8,mb,us
2003-12-28,20:34:57,-71.29,-15.75,155.0,4.5,mb,us
2003-12-28,21:19:10,-70.36,-34.52,115.4,3.0,md,guc
2003-12-29,01:04:03,-71.21,-28.98,43.9,3.7,md,guc
2003-12-29,03:39:41,-70.28,-27.86,90.0,0.0,,us
2003-12-29,05:55:38,-66.08,-22.74,242.0,4.0,mb,us
2003-12-29,07:09:15,-68.66,-33.65,15.0,2.8,ml,guc
2003-12-29,14:19:55,-70.34,-31.81,116.4,3.1,md,guc
2003-12-29,16:54:11,-70.36,-33.18,3.2,2.2,ml,guc
2003-12-29,18:06:57,-71.36,-30.86,61.8,2.8,md,guc
2003-12-29,19:40:02,-70.32,-33.17,0.9,2.2,ml,guc
2003-12-29,23:55:51,-70.14,-32.37,100.6,2.4,md,guc
2003-12-29,23:58:46,-70.57,-32.99,93.4,2.8,md,guc
2003-12-30,05:29:54,-70.53,-33.64,15.0,1.6,ml,guc
2003-12-30,11:37:35,-71.64,-32.57,25.1,2.2,ml,guc
2003-12-30,15:23:06,-74.09,-38.03,30.0,3.6,ml,guc
2003-12-30,17:34:37,-72.18,-33.0,32.0,2.2,ml,guc
2003-12-31,00:03:39,-82.53,-42.87,10.0,0.0,,us
2003-12-31,05:46:35,-71.56,-29.73,54.6,3.5,md,guc
2003-12-31,06:55:12,-72.08,-29.79,5.7,3.0,ml,guc
2003-12-31,12:30:41,-69.26,-31.2,140.0,3.3,md,guc
2003-12-31,15:34:07,-71.56,-35.76,83.3,3.2,md,guc
2003-12-31,16:46:33,-69.88,-33.15,11.0,3.4,md,guc
2003-12-31,18:53:28,-70.88,-32.94,75.3,4.2,md,guc
2003-12-31,19:50:41,-70.26,-33.14,2.4,2.6,ml,guc
2004-01-01,00:51:07,-69.77,-31.85,138.7,2.9,md,guc
2004-01-01,01:26:17,-70.58,-22.12,43.6,4.2,mb,us
2004-01-01,07:26:11,-71.96,-31.68,2.3,3.3,ml,guc
2004-01-01,10:02:28,-71.7,-32.77,21.9,2.3,ml,guc
2004-01-01,11:10:08,-70.54,-33.14,93.2,2.8,md,guc
2004-01-01,17:52:40,-70.36,-33.94,116.8,2.2,md,guc
2004-01-01,18:46:26,-71.58,-32.36,57.9,2.4,md,guc
2004-01-01,22:48:20,-72.45,-34.75,15.0,2.8,ml,guc
2004-01-02,05:49:19,-74.32,-8.08,145.3,4.3,mb,us
2004-01-02,06:10:23,-71.71,-31.16,32.6,2.2,ml,guc
2004-01-02,06:22:47,-68.88,-23.19,150.0,0.0,,us
2004-01-02,08:09:23,-69.09,-31.31,110.5,3.4,md,guc
2004-01-02,08:36:51,-71.67,-31.78,55.8,3.0,md,guc
2004-01-02,08:53:46,-69.43,-30.44,10.0,3.4,ml,guc
2004-01-02,09:56:50,-71.96,-15.18,128.2,0.0,,us
2004-01-02,13:22:02,-70.72,-34.72,105.4,3.0,md,guc
2004-01-02,14:49:25,-71.8,-14.35,127.7,4.5,mb,us
2004-01-02,16:47:32,-70.24,-33.18,7.5,3.3,md,guc
2004-01-02,18:59:30,-72.86,-32.7,36.2,3.6,md,guc
2004-01-03,07:04:53,-70.94,-33.09,74.7,1.7,md,guc
2004-01-03,07:23:58,-68.89,-25.11,92.9,4.3,mb,us
2004-01-03,09:18:03,-71.77,-32.72,16.2,2.9,md,guc
2004-01-03,10:04:14,-69.94,-31.84,147.5,3.5,md,guc
2004-01-03,17:55:42,-70.33,-33.15,0.0,3.0,ml,guc
2004-01-03,21:08:22,-70.96,-16.44,126.0,4.9,mb,us
2004-01-03,22:36:28,-70.61,-32.25,101.1,3.1,md,guc
2004-01-04,00:33:39,-71.94,-35.59,3.7,3.1,ml,guc
2004-01-04,01:36:19,-70.94,-31.88,71.4,2.7,md,guc
2004-01-04,03:15:02,-115.52,-24.16,10.0,0.0,,us
2004-01-04,04:31:03,-71.46,-32.52,63.1,3.7,md,guc
2004-01-04,06:01:03,-71.98,-30.69,0.0,3.1,ml,guc
2004-01-04,08:48:06,-70.05,-34.28,5.9,2.0,ml,guc
2004-01-04,08:54:39,-68.49,-21.55,117.5,3.7,mb,us
2004-01-04,11:28:24,-69.71,-31.98,121.0,4.2,mb,us
2004-01-04,18:45:00,-70.1,-33.64,3.7,2.6,ml,guc
2004-01-04,19:58:14,-72.34,-32.66,30.4,4.3,ml,guc
2004-01-05,03:53:23,-68.78,-28.26,28.6,3.9,ml,guc
2004-01-05,08:22:45,-70.07,-34.26,2.2,1.7,ml,guc
2004-01-05,10:42:09,-73.51,-16.45,99.8,4.4,mb,us
2004-01-05,17:32:12,-71.57,-30.85,23.0,3.2,ml,guc
2004-01-05,17:38:14,-70.17,-35.36,172.0,2.7,md,guc
2004-01-05,21:19:43,-69.14,-20.79,97.3,4.6,mb,us
2004-01-06,00:48:11,-70.86,-32.48,80.7,2.4,md,guc
2004-01-06,09:21:02,-71.71,-30.96,18.8,3.5,ml,guc
2004-01-06,16:41:51,-70.25,-33.15,6.2,2.5,ml,guc
2004-01-06,16:46:22,-70.25,-33.16,7.6,2.4,ml,guc
2004-01-06,21:27:42,-70.41,-33.37,98.5,3.0,md,guc
2004-01-07,03:27:23,-71.17,-35.04,93.4,2.7,md,guc
2004-01-07,04:16:53,-71.93,-32.62,36.8,3.2,md,guc
2004-01-07,04:48:06,-70.76,-33.42,81.1,2.2,md,guc
2004-01-07,05:10:01,-70.76,-34.59,99.6,2.6,md,guc
2004-01-07,11:01:39,-63.45,-17.39,45.0,4.5,mb,us
2004-01-07,14:51:34,-67.1,-24.2,164.4,4.1,mb,us
2004-01-08,00:35:03,-71.0,-35.32,109.7,2.7,md,guc
2004-01-08,00:40:19,-69.03,-31.31,125.7,3.7,md,guc
2004-01-08,03:49:02,-120.58,-54.66,10.0,4.7,mb,us
2004-01-08,05:34:27,-71.74,-32.72,25.0,2.1,ml,guc
2004-01-08,21:31:20,-71.75,-30.7,18.0,2.3,ml,guc
2004-01-09,00:34:11,-69.81,-31.68,138.9,3.0,md,guc
2004-01-09,02:40:03,-72.05,-34.12,40.2,3.2,md,guc
2004-01-09,03:38:04,-71.11,-33.31,64.4,3.0,md,guc
2004-01-09,11:50:42,-70.78,-25.7,31.1,4.4,ml,guc
2004-01-09,15:56:08,-72.41,-35.39,1.9,3.4,ml,guc
2004-01-09,16:32:21,-70.87,-28.46,108.2,0.0,,us
2004-01-09,23:28:51,-70.3,-33.14,15.0,2.8,ml,guc
2004-01-10,00:44:11,-67.11,-24.33,149.8,0.0,,us
2004-01-10,02:22:27,-79.21,-9.16,55.2,4.7,mb,us
2004-01-10,05:03:04,-71.38,-28.88,35.0,4.5,mb,us
2004-01-10,06:25:44,-71.18,-31.17,84.0,0.0,,us
2004-01-10,07:25:44,-71.66,-30.88,55.1,5.7,mwb,us
2004-01-10,08:10:08,-68.81,-21.18,125.4,3.6,mb,us
2004-01-11,10:45:45,-71.7,-32.6,14.8,3.6,ml,guc
2004-01-11,11:16:50,-71.26,-35.16,103.0,3.6,md,guc
2004-01-11,18:33:21,-71.78,-30.85,24.0,2.5,ml,guc
2004-01-11,19:39:20,-70.62,-33.18,89.2,2.6,md,guc
2004-01-11,21:25:57,-68.5,-31.17,150.0,4.0,md,guc
2004-01-12,04:53:06,-68.31,-22.02,123.6,4.4,mb,us
2004-01-12,10:22:10,-70.62,-29.4,96.8,0.0,,us
2004-01-12,11:21:39,-68.86,-22.85,110.2,3.6,mb,us
2004-01-12,12:49:19,-73.94,-15.66,82.5,5.2,mwc,hrv
2004-01-12,18:15:09,-63.04,-22.58,21.1,0.0,,us
2004-01-12,21:08:53,-70.67,-34.43,112.9,3.5,md,guc
2004-01-12,21:51:51,-71.28,-28.65,47.7,0.0,,us
2004-01-12,23:48:59,-70.61,-35.37,2.7,3.1,ml,guc
2004-01-13,04:46:51,-69.81,-33.33,1.3,3.3,ml,guc
2004-01-13,06:10:42,-69.82,-33.36,2.3,2.6,ml,guc
2004-01-13,06:47:56,-71.36,-29.57,71.0,0.0,,us
2004-01-13,07:30:03,-70.26,-31.94,117.4,0.0,,us
2004-01-13,07:51:52,-70.92,-32.9,69.0,2.8,md,guc
2004-01-13,09:14:34,-71.58,-30.86,35.0,3.5,md,guc
2004-01-13,13:18:23,-71.31,-32.35,50.0,3.3,md,guc
2004-01-13,16:18:13,-70.38,-33.84,119.4,3.1,md,guc
2004-01-13,16:50:37,-70.33,-33.15,0.0,1.7,ml,guc
2004-01-13,17:53:21,-71.55,-32.55,26.1,2.8,ml,guc
2004-01-13,18:48:17,-85.1,-6.42,67.8,4.6,mb,us
2004-01-13,19:58:49,-71.52,-32.55,26.0,2.6,ml,guc
2004-01-13,21:54:23,-63.65,-22.88,535.3,5.4,mwc,hrv
2004-01-14,00:12:17,-69.25,-20.41,94.8,3.6,mb,us
2004-01-14,01:50:45,-70.28,-19.85,47.3,4.5,mb,us
2004-01-14,20:13:25,-66.62,-23.44,201.3,0.0,,us
2004-01-15,00:18:41,-71.51,-32.55,25.8,2.9,ml,guc
2004-01-15,03:41:27,-72.05,-30.4,15.0,3.1,ml,guc
2004-01-15,07:52:50,-69.42,-24.92,76.1,5.1,mb,us
2004-01-15,08:31:22,-71.77,-31.63,12.8,3.5,ml,guc
2004-01-15,10:19:09,-69.48,-31.52,114.7,2.8,md,guc
2004-01-15,11:20:40,-68.57,-31.26,86.2,3.1,md,guc
2004-01-15,17:00:30,-70.32,-33.15,0.6,2.1,ml,guc
2004-01-16,00:55:09,-71.55,-30.58,32.8,2.8,ml,guc
2004-01-16,07:16:24,-69.18,-31.2,127.4,3.5,md,guc
2004-01-16,13:05:32,-69.05,-27.68,100.0,0.0,,us
2004-01-16,14:33:01,-71.1,-34.73,79.6,2.5,md,guc
2004-01-16,15:26:48,-70.27,-35.02,150.6,2.6,md,guc
2004-01-16,18:44:05,-70.66,-34.72,122.4,3.1,md,guc
2004-01-16,23:02:39,-70.2,-32.8,105.6,0.0,,us
2004-01-16,23:02:45,-68.42,-28.71,91.7,0.0,,us
2004-01-16,23:49:26,-71.18,-34.8,72.1,2.7,md,guc
2004-01-17,03:13:44,-71.18,-32.63,51.7,3.0,md,guc
2004-01-17,04:33:38,-67.5,-27.62,145.0,4.0,md,guc
2004-01-17,11:10:54,-70.61,-31.93,114.4,2.6,md,guc
2004-01-17,14:19:10,-68.91,-20.67,112.0,4.6,mb,us
2004-01-17,17:12:17,-72.3,-33.32,17.5,4.3,mb,us
2004-01-17,17:15:43,-72.33,-33.3,31.3,2.5,ml,guc
2004-01-17,19:38:25,-71.52,-32.66,35.6,3.0,md,guc
2004-01-17,20:50:00,-71.36,-30.89,47.6,0.0,,us
2004-01-17,23:13:22,-66.66,-24.01,190.2,3.9,mb,us
2004-01-18,00:07:05,-69.71,-32.09,147.1,3.2,md,guc
2004-01-18,03:38:17,-71.61,-32.45,29.2,2.9,ml,guc
2004-01-18,06:17:21,-72.39,-33.32,35.2,3.7,ml,guc
2004-01-18,06:52:17,-70.97,-33.48,70.5,1.9,md,guc
2004-01-18,08:27:32,-69.6,-31.57,130.9,3.1,md,guc
2004-01-18,11:59:50,-71.7,-31.69,27.7,2.4,ml,guc
2004-01-18,13:03:29,-66.92,-23.5,180.7,0.0,,us
2004-01-18,17:31:50,-66.03,-21.69,297.3,3.9,mb,us
2004-01-18,17:34:17,-73.58,-37.21,10.0,4.4,mb,us
2004-01-18,17:49:06,-73.82,-16.56,50.0,0.0,,us
2004-01-18,20:37:10,-71.77,-30.68,15.2,2.5,ml,guc
2004-01-18,22:32:36,-70.54,-31.68,0.0,2.5,ml,guc
2004-01-18,23:11:58,-72.48,-32.88,15.1,2.9,ml,guc
2004-01-19,02:00:08,-71.11,-32.74,51.2,3.3,md,guc
2004-01-19,03:56:20,-70.12,-33.98,8.1,1.5,ml,guc
2004-01-19,05:47:24,-71.72,-31.73,31.1,5.4,mwc,hrv
2004-01-19,13:53:22,-71.43,-30.92,65.8,2.8,md,guc
2004-01-19,16:22:04,-71.33,-29.93,47.6,3.7,md,guc
2004-01-19,19:18:35,-70.48,-34.46,115.6,2.4,md,guc
2004-01-20,03:35:18,-70.79,-33.69,79.5,2.5,md,guc
2004-01-20,06:31:39,-69.85,-33.51,120.6,4.0,md,guc
2004-01-20,09:06:53,-70.72,-34.68,103.5,2.8,md,guc
2004-01-20,15:16:12,-68.28,-29.15,150.0,0.0,,us
2004-01-20,16:38:37,-71.14,-32.11,83.0,3.3,md,guc
2004-01-20,17:01:53,-70.24,-33.15,1.3,2.2,ml,guc
2004-01-20,20:39:45,-70.92,-35.33,107.1,2.9,md,guc
2004-01-21,02:36:38,-70.22,-30.63,8.8,2.5,ml,guc
2004-01-21,04:11:55,-69.9,-31.55,162.1,3.0,md,guc
2004-01-21,06:07:17,-70.83,-35.32,110.4,2.8,md,guc
2004-01-21,11:04:55,-67.45,-35.28,10.0,4.3,mb,us
2004-01-22,02:40:57,-70.67,-31.38,82.0,3.3,md,guc
2004-01-22,10:52:40,-71.56,-35.67,102.1,3.1,md,guc
2004-01-22,12:48:10,-70.53,-34.51,122.9,3.0,md,guc
2004-01-22,13:16:20,-70.12,-33.63,0.2,1.9,ml,guc
2004-01-22,17:53:08,-69.97,-32.38,108.9,3.3,md,guc
2004-01-22,18:23:13,-70.64,-34.29,89.1,2.5,md,guc
2004-01-22,19:40:07,-71.3,-31.07,61.5,3.9,md,guc
2004-01-23,02:02:16,-71.64,-30.41,27.3,3.7,ml,guc
2004-01-23,03:58:13,-72.37,-33.3,33.2,2.5,ml,guc
2004-01-23,05:00:31,-69.89,-23.05,71.5,5.9,mwb,us
2004-01-23,06:07:24,-71.68,-30.63,31.3,2.4,ml,guc
2004-01-23,06:23:22,-67.47,-23.35,208.0,0.0,,us
2004-01-23,06:43:34,-70.24,-32.51,113.4,2.6,md,guc
2004-01-23,16:43:50,-70.66,-33.69,27.0,2.2,ml,guc
2004-01-23,16:50:56,-70.24,-33.14,3.0,1.9,ml,guc
2004-01-23,23:03:25,-71.34,-31.64,46.3,3.4,md,guc
2004-01-24,03:29:13,-70.31,-32.07,116.6,2.7,md,guc
2004-01-24,04:48:26,-70.66,-33.69,26.1,2.8,ml,guc
2004-01-24,05:28:10,-71.95,-29.42,36.6,3.6,md,guc
2004-01-24,06:15:45,-71.57,-30.92,70.6,3.2,md,guc
2004-01-24,06:51:07,-69.62,-29.55,145.0,3.8,md,guc
2004-01-24,09:50:35,-70.91,-32.82,67.1,3.1,md,guc
2004-01-24,12:29:46,-70.54,-30.71,107.1,3.0,md,guc
2004-01-24,12:43:53,-71.97,-29.72,38.8,0.0,,us
2004-01-24,12:44:21,-71.56,-35.54,84.5,3.6,md,guc
2004-01-24,15:51:41,-71.81,-27.75,10.0,4.5,mb,us
2004-01-24,20:05:34,-70.67,-33.69,25.6,2.5,ml,guc
2004-01-24,23:36:17,-69.96,-33.15,105.1,2.4,md,guc
2004-01-25,03:07:31,-71.29,-33.41,55.3,1.9,md,guc
2004-01-25,08:53:04,-70.68,-33.71,26.1,2.1,ml,guc
2004-01-25,11:37:51,-68.68,-31.51,90.6,2.7,md,guc
2004-01-25,12:04:29,-70.94,-32.32,67.5,3.4,md,guc
2004-01-25,13:29:50,-70.67,-33.7,25.1,2.5,ml,guc
2004-01-25,19:15:41,-71.81,-32.52,26.0,3.1,ml,guc
2004-01-25,19:56:09,-70.98,-33.51,68.3,3.3,md,guc
2004-01-25,23:37:05,-70.39,-17.17,133.2,4.9,mb,us
2004-01-26,01:48:56,-70.43,-34.15,11.2,2.2,ml,guc
2004-01-26,16:16:51,-70.59,-34.27,109.7,2.4,md,guc
2004-01-26,16:39:41,-70.24,-33.15,1.0,2.0,ml,guc
2004-01-26,22:49:52,-73.38,-35.32,15.0,4.2,mb,us
2004-01-27,00:27:30,-70.78,-32.76,75.0,2.0,md,guc
2004-01-27,05:42:12,-69.52,-31.5,140.1,2.9,md,guc
2004-01-27,09:54:52,-70.49,-34.8,134.2,2.6,md,guc
2004-01-27,10:57:12,-70.13,-31.75,141.9,3.5,md,guc
2004-01-27,16:00:38,-71.07,-17.84,56.9,5.8,mwb,us
2004-01-27,16:53:59,-70.31,-33.17,4.7,2.2,ml,guc
2004-01-27,18:55:35,-71.83,-35.68,20.3,2.8,ml,guc
2004-01-27,22:36:44,-70.39,-33.59,15.6,1.8,ml,guc
2004-01-27,23:02:31,-68.33,-30.31,35.8,4.9,mb,us
2004-01-27,23:18:17,-71.57,-30.86,30.9,2.7,ml,guc
2004-01-28,01:01:00,-71.03,-32.12,69.6,2.8,md,guc
2004-01-28,03:24:48,-69.07,-31.33,145.0,3.1,md,guc
2004-01-28,10:00:21,-72.59,-33.33,29.8,4.1,ml,guc
2004-01-28,16:22:50,-69.0,-34.96,9.3,2.7,ml,guc
2004-01-28,20:09:58,-72.15,-33.94,34.0,2.8,ml,guc
2004-01-29,00:16:17,-71.77,-34.16,42.9,3.1,md,guc
2004-01-29,01:25:16,-104.67,-35.42,10.0,5.5,mwc,hrv
2004-01-29,02:02:59,-71.77,-31.4,46.9,3.3,md,guc
2004-01-29,02:53:19,-70.58,-33.06,87.0,2.2,md,guc
2004-01-29,03:52:52,-114.78,-50.21,10.0,6.1,mwb,us
2004-01-29,06:26:23,-70.14,-33.25,108.5,2.2,md,guc
2004-01-29,08:23:20,-69.45,-31.33,111.1,2.9,md,guc
2004-01-29,09:14:36,-80.65,-4.85,29.3,4.6,mb,us
2004-01-29,09:18:24,-70.01,-33.54,6.9,2.1,ml,guc
2004-01-29,11:21:09,-72.64,-33.56,37.2,3.8,md,guc
2004-01-29,11:44:15,-70.3,-33.03,99.3,2.6,md,guc
2004-01-29,15:38:20,-72.56,-33.53,31.3,3.4,ml,guc
2004-01-29,16:25:02,-71.34,-29.58,51.2,3.6,md,guc
2004-01-29,19:21:04,-71.72,-32.14,23.2,3.8,ml,guc
2004-01-29,20:45:05,-66.91,-24.16,171.6,4.3,mb,us
2004-01-29,21:17:44,-79.24,-4.24,98.3,4.6,mb,us
2004-01-30,03:35:11,-69.09,-31.46,141.1,3.3,md,guc
2004-01-30,03:56:34,-70.24,-33.55,105.8,2.7,md,guc
2004-01-30,05:33:22,-71.12,-32.13,80.7,2.7,md,guc
2004-01-30,11:31:28,-71.38,-31.06,55.7,0.0,,us
2004-01-30,12:00:15,-70.35,-31.18,7.4,3.0,ml,guc
2004-01-30,17:34:32,-72.69,-33.6,38.2,3.5,md,guc
2004-01-30,18:24:53,-71.41,-33.95,50.1,2.5,md,guc
2004-01-30,23:35:20,-70.53,-34.55,110.3,2.3,md,guc
2004-01-30,23:38:59,-70.28,-33.14,5.7,2.5,ml,guc
2004-01-30,23:42:09,-70.28,-33.13,3.5,2.2,ml,guc
2004-01-31,00:38:13,-72.53,-33.46,36.3,3.0,md,guc
2004-01-31,03:54:20,-70.34,-31.57,131.9,2.8,md,guc
2004-01-31,05:21:56,-70.42,-34.49,120.1,2.8,md,guc
2004-01-31,06:03:00,-70.15,-34.14,6.4,2.1,ml,guc
2004-01-31,06:24:27,-70.15,-34.14,6.1,1.9,ml,guc
2004-01-31,07:26:13,-71.33,-31.07,54.7,2.3,md,guc
2004-01-31,07:32:59,-111.4,-13.52,10.0,5.5,mwc,hrv
2004-01-31,18:00:33,-71.75,-32.49,27.5,3.5,ml,guc
2004-01-31,19:31:17,-66.2,-23.57,226.9,4.2,mb,us
2004-01-31,23:07:11,-70.13,-32.06,130.8,2.6,md,guc
2004-02-01,00:33:07,-85.99,-41.58,10.0,4.3,mb,us
2004-02-01,03:13:43,-71.13,-32.24,64.6,2.6,md,guc
2004-02-01,06:19:05,-69.15,-31.55,156.0,3.5,md,guc
2004-02-01,08:34:48,-70.77,-27.35,46.9,4.9,mb,us
2004-02-01,09:02:00,-71.86,-32.49,29.1,3.3,ml,guc
2004-02-01,09:41:18,-71.26,-31.7,52.4,3.1,md,guc
2004-02-01,16:50:17,-70.29,-33.15,4.1,2.5,ml,guc
2004-02-01,17:04:38,-70.75,-34.44,92.5,1.8,md,guc
2004-02-02,01:27:21,-70.18,-32.52,105.8,3.3,md,guc
2004-02-02,04:41:31,-70.97,-34.84,108.4,3.6,md,guc
2004-02-02,05:01:20,-71.25,-31.61,85.6,4.9,mb,us
2004-02-02,15:36:56,-72.16,-36.06,66.2,0.0,,us
2004-02-02,17:58:16,-70.6,-33.31,94.6,2.6,md,guc
2004-02-02,18:32:03,-71.46,-31.02,63.9,0.0,,us
2004-02-02,18:38:03,-71.45,-31.04,53.0,3.6,md,guc
2004-02-02,18:57:41,-67.9,-32.22,5.0,3.9,ml,guc
2004-02-02,19:15:23,-71.38,-31.39,78.4,0.0,,us
2004-02-02,20:39:22,-70.31,-33.2,8.1,2.1,ml,guc
2004-02-02,23:05:12,-71.47,-35.4,97.5,3.4,md,guc
2004-02-03,04:21:13,-70.89,-18.26,24.9,5.0,mwc,hrv
2004-02-03,05:40:49,-71.75,-31.16,15.4,2.4,ml,guc
2004-02-03,07:41:38,-71.87,-32.34,21.2,2.3,ml,guc
2004-02-03,12:15:39,-71.84,-33.33,25.0,2.0,ml,guc
2004-02-03,13:26:36,-66.92,-24.16,182.8,0.0,,us
2004-02-03,15:59:47,-71.11,-32.33,66.4,3.0,md,guc
2004-02-03,19:12:59,-71.35,-30.74,50.4,3.6,md,guc
2004-02-03,19:45:06,-71.69,-30.78,21.8,2.3,ml,guc
2004-02-03,21:35:38,-69.89,-28.88,128.5,0.0,,us
2004-02-03,22:38:26,-69.49,-31.81,0.0,4.0,ml,guc
2004-02-04,01:10:15,-71.58,-32.41,45.0,3.7,md,guc
2004-02-04,05:18:45,-63.46,-26.13,558.4,5.8,mwc,hrv
2004-02-04,06:02:03,-68.46,-22.7,117.7,3.4,mb,us
2004-02-05,02:28:03,-66.74,-27.96,175.0,4.5,mb,us
2004-02-05,04:53:47,-71.49,-39.28,141.6,0.0,,us
2004-02-05,08:00:29,-69.38,-31.86,147.7,3.5,md,guc
2004-02-05,09:09:49,-72.12,-13.93,40.0,4.5,mb,us
2004-02-05,10:39:30,-70.57,-35.32,16.0,3.7,md,guc
2004-02-05,12:55:11,-69.74,-31.61,121.4,3.5,md,guc
2004-02-05,13:01:54,-72.48,-33.79,0.0,3.1,ml,guc
2004-02-05,13:43:04,-70.64,-30.46,90.8,2.7,md,guc
2004-02-05,16:46:16,-70.28,-33.15,4.7,2.2,ml,guc
2004-02-05,16:48:56,-70.25,-33.14,0.0,2.7,ml,guc
2004-02-05,18:25:28,-70.79,-28.45,86.7,0.0,,us
2004-02-05,20:52:07,-70.29,-33.15,0.6,2.2,ml,guc
2004-02-06,04:43:13,-70.32,-33.08,100.4,2.6,md,guc
2004-02-06,10:41:55,-70.8,-32.7,73.0,2.7,md,guc
2004-02-06,15:36:53,-96.94,-35.84,10.0,4.6,mb,us
2004-02-06,23:45:30,-66.71,-24.08,179.9,4.0,mb,us
2004-02-08,02:25:25,-71.16,-30.66,46.8,4.1,md,guc
2004-02-08,10:10:40,-67.5,-24.18,198.0,3.3,mb,us
2004-02-08,13:18:21,-70.94,-33.46,74.5,2.6,md,guc
2004-02-08,14:33:09,-70.22,-33.54,103.7,3.0,md,guc
2004-02-08,14:59:16,-68.99,-19.76,110.6,4.0,mb,us
2004-02-08,20:12:20,-71.74,-32.43,15.0,3.3,ml,guc
2004-02-08,21:19:24,-69.88,-28.4,72.5,0.0,,us
2004-02-09,01:45:00,-68.4,-20.21,127.0,4.8,mb,us
2004-02-09,02:23:56,-70.57,-34.23,104.5,2.5,md,guc
2004-02-09,04:43:53,-71.63,-32.7,26.6,2.4,ml,guc
2004-02-09,11:31:30,-71.48,-15.74,163.0,3.7,mb,us
2004-02-10,01:29:13,-71.38,-30.89,54.7,3.5,md,guc
2004-02-10,08:29:16,-71.82,-32.51,32.6,2.9,ml,guc
2004-02-10,10:21:35,-71.68,-32.67,31.2,2.9,ml,guc
2004-02-10,11:15:31,-70.47,-34.61,124.8,3.0,md,guc
2004-02-10,14:55:24,-71.3,-30.68,49.2,4.1,md,guc
2004-02-10,17:07:03,-71.51,-30.78,65.7,3.3,md,guc
2004-02-10,17:58:35,-68.85,-31.47,145.0,3.8,md,guc
2004-02-10,18:09:54,-71.08,-29.48,47.6,5.0,mb,us
2004-02-10,18:55:33,-70.48,-34.18,11.6,2.6,ml,guc
2004-02-11,00:59:30,-71.74,-32.49,29.8,3.3,ml,guc
2004-02-11,05:12:44,-73.31,-34.21,23.6,3.1,ml,guc
2004-02-11,08:30:49,-71.5,-32.63,27.0,3.1,ml,guc
2004-02-11,09:18:05,-71.02,-35.16,134.2,2.8,md,guc
2004-02-11,09:39:26,-69.96,-31.66,138.7,3.5,md,guc
2004-02-11,11:52:22,-70.22,-32.65,103.7,0.0,,us
2004-02-11,16:58:24,-70.28,-33.15,2.8,2.4,ml,guc
2004-02-11,16:59:08,-70.23,-33.15,5.8,2.4,ml,guc
2004-02-11,18:04:26,-71.44,-31.58,44.1,3.6,md,guc
2004-02-11,20:07:41,-71.73,-30.68,26.8,2.5,ml,guc
2004-02-11,20:58:19,-70.22,-34.32,8.1,2.3,ml,guc
2004-02-11,22:59:07,-71.01,-32.04,71.4,2.8,md,guc
2004-02-12,02:47:21,-69.78,-35.66,170.7,4.3,mb,us
2004-02-12,03:19:53,-71.66,-32.11,26.0,3.1,ml,guc
2004-02-12,04:11:13,-71.45,-32.73,66.6,2.5,md,guc
2004-02-12,08:00:58,-71.82,-31.84,20.3,3.4,ml,guc
2004-02-12,09:05:47,-69.72,-31.57,132.3,3.3,md,guc
2004-02-12,09:22:29,-71.29,-30.76,59.9,3.6,md,guc
2004-02-12,21:07:37,-70.28,-33.16,4.5,2.3,ml,guc
2004-02-13,05:02:44,-79.16,-9.81,58.9,4.1,mb,us
2004-02-13,06:30:52,-71.57,-30.29,21.6,3.3,ml,guc
2004-02-13,09:15:31,-71.27,-31.02,63.2,3.2,md,guc
2004-02-13,10:17:50,-69.96,-19.57,80.8,4.4,mb,us
2004-02-13,14:22:13,-71.7,-32.54,29.5,2.5,ml,guc
2004-02-13,15:29:21,-71.93,-31.67,2.8,2.8,ml,guc
2004-02-13,15:31:37,-71.98,-31.68,28.8,3.0,ml,guc
2004-02-13,15:47:29,-70.82,-32.78,71.6,0.0,,us
2004-02-13,16:50:48,-70.23,-33.15,6.9,2.6,ml,guc
2004-02-13,23:25:56,-71.42,-31.92,71.4,3.4,md,guc
2004-02-14,04:58:49,-69.24,-31.03,148.8,4.4,mb,us
2004-02-14,05:23:44,-71.73,-32.49,21.6,3.0,ml,guc
2004-02-14,08:36:30,-71.87,-30.91,14.4,3.4,ml,guc
2004-02-14,17:05:36,-71.75,-30.73,17.0,2.4,ml,guc
2004-02-14,19:36:06,-67.01,-24.3,161.7,4.5,mb,us
2004-02-14,20:17:02,-68.51,-31.13,150.0,3.7,md,guc
2004-02-15,09:45:15,-68.04,-23.41,128.2,3.6,mb,us
2004-02-15,10:49:56,-71.71,-32.73,21.9,2.6,ml,guc
2004-02-15,15:28:27,-70.22,-31.78,119.2,2.6,md,guc
2004-02-15,20:17:06,-70.24,-33.15,7.4,2.7,ml,guc
2004-02-15,23:29:27,-70.97,-28.55,72.2,3.8,md,guc
2004-02-16,00:55:35,-71.11,-31.18,94.7,2.9,md,guc
2004-02-16,06:50:17,-71.14,-28.93,102.8,3.6,md,guc
2004-02-17,05:35:17,-68.8,-23.03,103.8,4.1,mb,us
2004-02-19,02:50:26,-71.74,-32.25,23.6,3.1,ml,guc
2004-02-19,03:12:47,-68.64,-21.01,111.8,4.6,mb,us
2004-02-19,16:34:08,-71.43,-30.78,40.0,3.4,md,guc
2004-02-19,16:54:26,-70.24,-33.15,3.5,2.8,ml,guc
2004-02-19,18:04:24,-66.72,-23.99,203.5,5.1,mwc,hrv
2004-02-19,20:37:57,-71.76,-32.78,15.0,2.1,ml,guc
2004-02-19,21:26:15,-71.43,-30.67,45.4,3.5,md,guc
2004-02-20,02:23:57,-68.86,-31.21,104.5,3.7,md,guc
2004-02-20,06:28:31,-71.77,-30.92,15.8,3.2,ml,guc
2004-02-20,07:09:03,-70.68,-31.48,109.9,3.9,md,guc
2004-02-20,08:53:37,-63.4,-27.11,563.0,0.0,,us
2004-02-20,11:45:22,-70.27,-34.32,6.9,2.1,ml,guc
2004-02-20,18:26:14,-75.97,-11.89,6.3,0.0,,us
2004-02-20,22:53:04,-70.08,-34.12,8.0,2.4,ml,guc
2004-02-20,23:41:24,-72.23,-34.5,26.9,2.8,md,guc
2004-02-21,00:13:35,-76.45,-12.65,67.1,0.0,,us
2004-02-21,03:42:09,-71.12,-33.95,63.1,2.5,md,guc
2004-02-21,04:34:14,-71.56,-31.64,28.2,3.8,ml,guc
2004-02-21,11:49:25,-72.4,-33.06,31.8,2.5,ml,guc
2004-02-21,17:05:52,-71.64,-31.39,27.8,2.5,ml,guc
2004-02-21,20:48:29,-71.42,-31.53,41.8,3.0,md,guc
2004-02-21,22:07:40,-70.76,-33.18,73.7,2.0,md,guc
2004-02-22,01:38:41,-68.14,-23.95,109.1,0.0,,us
2004-02-22,09:46:32,-70.15,-34.04,4.9,2.4,ml,guc
2004-02-22,14:07:47,-71.61,-31.4,30.9,2.3,ml,guc
2004-02-22,14:26:04,-71.06,-32.33,84.4,2.3,md,guc
2004-02-22,22:09:56,-70.34,-34.08,8.3,2.6,ml,guc
2004-02-22,23:50:56,-71.51,-32.63,25.6,3.6,ml,guc
2004-02-23,00:53:26,-70.17,-32.64,107.8,3.4,md,guc
2004-02-23,02:39:04,-71.36,-30.75,55.6,3.8,md,guc
2004-02-23,06:11:06,-71.51,-32.72,23.1,2.8,ml,guc
2004-02-23,08:50:02,-69.73,-31.62,150.8,3.0,md,guc
2004-02-23,10:54:57,-71.68,-32.72,30.6,2.7,ml,guc
2004-02-23,12:30:22,-72.22,-33.25,11.4,2.9,ml,guc
2004-02-23,13:22:08,-71.75,-32.17,13.0,2.5,ml,guc
2004-02-23,18:00:57,-70.36,-31.97,114.0,3.4,md,guc
2004-02-23,18:10:53,-70.98,-32.97,66.9,2.9,md,guc
2004-02-23,20:01:30,-71.7,-30.96,24.7,3.1,ml,guc
2004-02-23,20:40:13,-68.8,-20.54,124.4,0.0,,us
2004-02-23,22:22:38,-70.41,-34.37,103.2,3.7,md,guc
2004-02-24,01:47:04,-71.75,-36.74,93.3,0.0,,us
2004-02-24,04:40:56,-71.69,-30.75,19.1,2.8,ml,guc
2004-02-24,13:57:05,-71.32,-30.74,57.0,3.2,md,guc
2004-02-24,14:21:45,-71.54,-32.83,52.3,2.7,md,guc
2004-02-24,16:20:38,-70.27,-33.42,108.1,1.8,md,guc
2004-02-24,16:24:13,-72.17,-36.09,26.6,3.4,ml,guc
2004-02-24,22:28:36,-70.24,-33.15,4.6,3.0,ml,guc
2004-02-25,00:08:00,-70.57,-34.32,10.3,1.7,ml,guc
2004-02-25,00:13:49,-71.42,-29.7,16.3,3.8,ml,guc
2004-02-25,04:52:54,-71.78,-30.74,16.7,2.6,ml,guc
2004-02-25,08:04:22,-69.19,-19.35,130.2,0.0,,us
2004-02-25,09:19:32,-67.13,-24.11,183.7,0.0,,us
2004-02-25,17:50:01,-71.8,-32.56,22.5,2.6,ml,guc
2004-02-25,18:21:47,-71.22,-36.37,3.1,2.9,ml,guc
2004-02-25,19:01:00,-69.74,-29.44,140.0,3.4,md,guc
2004-02-25,20:24:42,-70.67,-35.31,0.0,3.0,ml,guc
2004-02-25,20:27:14,-73.22,-16.42,79.6,4.8,mb,us
2004-02-25,21:23:31,-70.46,-35.31,5.0,2.8,ml,guc
2004-02-25,23:28:32,-70.5,-35.38,15.0,3.0,ml,guc
2004-02-26,08:11:34,-68.72,-20.4,121.2,4.5,mb,us
2004-02-26,08:34:20,-70.98,-32.07,19.3,2.7,ml,guc
2004-02-26,09:58:03,-67.57,-23.14,127.5,5.1,mwc,hrv
2004-02-26,15:20:43,-70.94,-20.36,51.4,3.6,mb,us
2004-02-26,15:54:22,-68.85,-25.22,101.2,3.4,mb,us
2004-02-26,16:54:13,-70.24,-33.14,3.1,2.2,ml,guc
2004-02-26,21:19:31,-70.13,-34.01,8.9,2.8,ml,guc
2004-02-27,00:47:05,-71.47,-31.68,44.1,3.4,md,guc
2004-02-27,02:30:42,-71.25,-33.86,62.3,2.4,md,guc
2004-02-27,02:39:15,-67.89,-31.49,101.3,4.3,mb,us
2004-02-27,05:13:08,-70.07,-34.23,3.0,1.8,ml,guc
2004-02-27,06:14:33,-112.52,-34.12,10.0,5.7,mwb,us
2004-02-27,08:29:29,-113.17,-34.38,10.0,4.2,mb,us
2004-02-27,11:37:09,-71.62,-30.19,8.2,3.4,ml,guc
2004-02-27,11:46:12,-70.48,-36.71,207.3,0.0,,us
2004-02-27,12:12:52,-71.58,-35.38,85.0,3.1,md,guc
2004-02-27,12:38:11,-68.56,-22.22,111.0,4.7,mb,us
2004-02-27,13:00:31,-70.55,-35.29,19.0,2.6,ml,guc
2004-02-27,14:50:00,-70.37,-33.42,98.3,0.0,,us
2004-02-27,16:27:02,-71.55,-32.73,26.8,2.8,ml,guc
2004-02-27,16:47:26,-71.44,-30.88,58.4,3.4,md,guc
2004-02-27,23:07:12,-67.46,-28.8,119.6,0.0,,us
2004-02-28,00:54:11,-68.03,-31.03,17.0,4.1,mb,us
2004-02-28,02:34:15,-71.64,-30.75,19.0,4.7,mb,us
2004-02-28,04:04:25,-70.17,-34.31,6.5,1.6,ml,guc
2004-02-28,04:41:27,-71.86,-32.22,35.1,2.7,ml,guc
2004-02-28,05:55:40,-71.02,-32.05,60.1,2.4,md,guc
2004-02-28,10:17:56,-70.4,-31.47,113.3,3.0,md,guc
2004-02-28,16:48:07,-70.25,-31.54,128.3,3.3,md,guc
2004-02-28,20:41:20,-69.71,-31.76,115.8,2.9,md,guc
2004-02-29,00:43:50,-68.69,-31.26,104.0,4.0,md,guc
2004-02-29,16:58:04,-70.22,-33.2,8.2,2.3,ml,guc
2004-02-29,17:23:39,-70.23,-33.16,8.8,2.8,ml,guc
2004-02-29,18:53:21,-67.19,-21.41,182.6,0.0,,us
2004-02-29,21:02:07,-70.8,-27.44,49.2,4.1,mb,us
2004-03-01,01:25:36,-74.07,-8.26,159.3,4.7,mb,us
2004-03-01,05:43:30,-74.39,-15.61,70.7,4.2,mb,us
2004-03-01,13:56:29,-100.13,-36.17,10.0,5.2,mwc,hrv
2004-03-01,14:53:54,-71.48,-35.48,98.6,2.8,md,guc
2004-03-01,20:00:29,-71.5,-33.02,49.4,2.8,md,guc
2004-03-02,01:15:30,-71.31,-32.58,18.3,2.4,ml,guc
2004-03-02,03:38:25,-71.25,-31.85,79.4,3.2,md,guc
2004-03-02,05:04:26,-69.67,-31.48,143.2,3.3,md,guc
2004-03-02,06:02:03,-71.97,-34.54,31.0,2.6,ml,guc
2004-03-02,06:12:39,-71.85,-32.62,21.3,2.5,ml,guc
2004-03-02,06:20:48,-71.24,-31.02,81.1,3.0,md,guc
2004-03-03,01:23:59,-69.36,-28.0,113.0,3.5,md,guc
2004-03-03,03:59:02,-71.11,-33.95,73.3,3.8,md,guc
2004-03-03,13:07:24,-70.21,-33.67,108.4,2.4,md,guc
2004-03-03,13:15:19,-75.08,-15.5,84.7,4.7,mb,us
2004-03-03,14:02:14,-70.28,-33.19,5.3,1.8,ml,guc
2004-03-03,16:16:45,-71.83,-31.24,23.6,4.3,ml,guc
2004-03-03,16:30:06,-70.85,-34.84,107.2,2.8,md,guc
2004-03-03,16:47:15,-71.81,-36.69,81.6,3.4,md,guc
2004-03-03,17:17:24,-71.82,-31.23,18.5,2.6,ml,guc
2004-03-03,19:06:23,-71.69,-32.69,28.9,2.8,ml,guc
2004-03-03,22:59:03,-71.93,-34.92,34.9,3.9,ml,guc
2004-03-04,01:56:50,-67.01,-24.18,170.8,3.9,mb,us
2004-03-04,04:18:11,-69.8,-29.07,116.9,3.0,md,guc
2004-03-04,05:23:50,-69.98,-21.4,43.1,4.7,mb,us
2004-03-04,11:33:04,-70.52,-34.19,105.0,3.3,md,guc
2004-03-04,12:01:04,-68.45,-29.42,120.0,3.2,md,guc
2004-03-04,14:05:04,-71.82,-31.25,24.1,4.2,mb,us
2004-03-04,17:36:30,-70.25,-33.14,1.6,2.0,ml,guc
2004-03-04,18:07:07,-71.84,-31.24,18.6,2.8,ml,guc
2004-03-04,18:07:51,-71.83,-31.24,16.0,2.8,ml,guc
2004-03-04,18:41:17,-71.82,-31.22,20.8,3.1,ml,guc
2004-03-04,19:41:35,-68.28,-21.28,113.3,4.6,mb,us
2004-03-04,21:37:59,-66.97,-24.16,163.0,4.5,mb,us
2004-03-04,22:58:09,-70.23,-33.16,7.7,2.5,ml,guc
2004-03-04,23:27:01,-71.49,-30.88,69.5,3.0,md,guc
2004-03-04,23:49:31,-69.46,-32.69,124.7,3.1,md,guc
2004-03-05,05:06:35,-66.69,-24.06,197.9,0.0,,us
2004-03-05,06:20:54,-70.14,-30.59,111.9,3.6,md,guc
2004-03-05,09:08:33,-71.38,-29.81,26.4,3.4,ml,guc
2004-03-05,14:38:06,-71.47,-32.68,25.0,2.9,ml,guc
2004-03-05,20:03:56,-71.67,-32.53,29.7,2.6,ml,guc
2004-03-05,22:06:40,-71.71,-31.04,22.0,2.5,ml,guc
2004-03-05,22:41:39,-68.65,-32.34,10.0,2.9,ml,guc
2004-03-06,03:03:15,-71.32,-29.39,47.0,3.7,md,guc
2004-03-06,06:40:13,-71.5,-30.36,36.7,4.1,md,guc
2004-03-06,07:53:23,-67.53,-31.7,42.0,4.4,mb,us
2004-03-06,12:03:46,-71.27,-35.21,85.0,2.8,md,guc
2004-03-06,13:33:08,-69.8,-31.83,142.3,2.7,md,guc
2004-03-07,06:33:51,-71.8,-32.75,24.8,2.8,ml,guc
2004-03-07,08:37:07,-69.04,-22.82,105.0,4.2,mb,us
2004-03-07,11:08:46,-72.15,-35.7,40.8,4.3,mb,us
2004-03-07,13:44:01,-70.19,-33.18,9.3,2.2,ml,guc
2004-03-07,14:12:14,-69.22,-30.9,141.8,3.5,md,guc
2004-03-07,14:36:47,-70.2,-33.12,112.3,3.0,md,guc
2004-03-07,16:54:58,-70.22,-33.15,8.3,2.2,ml,guc
2004-03-07,17:39:52,-71.38,-30.77,48.1,3.4,md,guc
2004-03-07,18:10:39,-70.52,-32.77,84.5,2.7,md,guc
2004-03-08,01:04:28,-68.69,-31.18,150.0,0.0,,us
2004-03-08,02:22:33,-70.35,-33.36,106.1,2.8,md,guc
2004-03-08,04:01:23,-71.7,-31.04,20.0,2.4,ml,guc
2004-03-08,06:06:33,-66.8,-21.51,214.2,0.0,,us
2004-03-08,11:32:07,-76.04,-14.9,35.5,4.3,mb,us
2004-03-08,18:36:58,-70.26,-33.15,11.2,2.6,ml,guc
2004-03-09,00:10:16,-71.87,-32.85,23.4,3.6,ml,guc
2004-03-09,01:41:38,-70.25,-33.1,97.5,2.7,md,guc
2004-03-09,07:57:49,-68.26,-21.67,116.9,4.7,mb,us
2004-03-09,08:11:37,-70.84,-33.27,56.7,3.0,md,guc
2004-03-09,15:10:03,-70.21,-33.15,1.1,2.1,ml,guc
2004-03-09,16:58:31,-71.47,-32.08,16.4,2.9,ml,guc
2004-03-09,21:22:20,-68.46,-31.43,150.0,2.8,md,guc
2004-03-09,21:42:34,-66.74,-21.53,221.6,4.0,mb,us
2004-03-10,04:31:51,-72.2,-37.97,74.6,0.0,,us
2004-03-10,15:09:02,-68.33,-29.73,47.3,0.0,,us
2004-03-10,15:24:02,-67.01,-24.19,178.0,0.0,,us
2004-03-10,16:49:55,-70.23,-33.2,6.7,2.1,ml,guc
2004-03-10,17:01:58,-71.55,-32.63,35.6,0.0,,us
2004-03-10,18:55:31,-71.18,-35.02,94.6,2.7,md,guc
2004-03-10,20:06:46,-71.7,-30.78,29.6,2.5,ml,guc
2004-03-10,20:47:42,-71.59,-35.7,103.4,2.8,md,guc
2004-03-10,22:27:44,-71.09,-32.65,5.6,2.1,ml,guc
2004-03-11,17:33:48,-70.96,-33.02,66.4,2.6,md,guc
2004-03-11,20:51:01,-70.47,-19.66,66.3,4.3,mb,us
2004-03-12,01:54:16,-71.02,-19.74,35.0,0.0,,us
2004-03-12,03:21:32,-124.69,-55.49,10.0,0.0,,us
2004-03-12,06:56:16,-70.24,-28.57,100.5,4.0,md,guc
2004-03-12,07:27:05,-70.64,-32.13,95.0,3.4,md,guc
2004-03-12,09:27:42,-71.87,-30.61,30.5,4.8,mb,us
2004-03-12,10:56:33,-70.41,-34.25,111.7,2.4,md,guc
2004-03-12,13:44:44,-71.86,-30.6,43.9,0.0,,us
2004-03-12,20:54:24,-70.73,-32.97,71.5,2.6,md,guc
2004-03-12,23:20:46,-71.3,-28.23,35.0,4.4,ml,guc
2004-03-12,23:44:22,-71.35,-29.95,43.5,0.0,,us
2004-03-12,23:55:45,-71.74,-34.85,47.0,3.5,md,guc
2004-03-13,02:36:10,-71.72,-32.25,26.9,2.6,ml,guc
2004-03-13,02:47:51,-71.06,-28.27,44.4,3.6,md,guc
2004-03-13,03:48:32,-67.7,-30.63,114.3,0.0,,us
2004-03-13,05:21:43,-70.8,-27.59,35.6,4.1,md,guc
2004-03-13,06:13:09,-67.16,-21.75,241.5,4.1,mb,us
2004-03-13,06:55:52,-69.4,-31.8,183.4,3.7,md,guc
2004-03-13,07:36:10,-70.91,-34.82,104.6,2.8,md,guc
2004-03-13,10:45:47,-71.24,-29.26,45.3,0.0,,us
2004-03-13,13:28:18,-71.76,-32.78,23.7,3.1,ml,guc
2004-03-13,17:12:27,-70.26,-33.19,7.6,2.6,ml,guc
2004-03-13,17:14:47,-70.26,-33.14,1.7,2.6,ml,guc
2004-03-13,20:18:09,-70.49,-29.02,90.6,0.0,,us
2004-03-13,20:49:25,-71.9,-30.79,15.0,2.5,ml,guc
2004-03-14,02:20:09,-68.25,-31.65,148.0,3.3,md,guc
2004-03-14,03:39:40,-71.67,-30.74,33.6,3.3,ml,guc
2004-03-14,03:42:33,-71.62,-30.76,29.1,3.1,ml,guc
2004-03-14,04:03:18,-66.83,-24.1,181.6,3.8,mb,us
2004-03-14,06:53:29,-77.1,-12.84,50.1,4.6,mb,us
2004-03-14,15:15:15,-71.83,-31.23,13.7,3.4,ml,guc
2004-03-14,19:27:18,-70.14,-17.59,130.2,3.9,mb,us
2004-03-15,05:45:29,-71.61,-32.66,32.0,2.2,ml,guc
2004-03-15,16:02:09,-68.27,-20.45,135.1,0.0,,us
2004-03-15,20:04:45,-70.0,-31.46,133.6,3.2,md,guc
2004-03-15,20:40:06,-72.03,-33.84,10.5,2.7,ml,guc
2004-03-15,22:05:03,-69.09,-20.18,117.7,0.0,,us
2004-03-16,01:26:40,-71.29,-33.34,51.6,3.5,md,guc
2004-03-16,04:43:37,-69.6,-31.72,142.9,3.4,md,guc
2004-03-16,07:36:47,-70.22,-31.92,129.6,4.0,mb,us
2004-03-16,08:08:23,-69.17,-31.36,103.8,4.1,mb,us
2004-03-16,22:01:34,-68.56,-31.16,150.0,0.0,,us
2004-03-16,22:05:28,-70.23,-33.15,3.7,2.7,ml,guc
2004-03-17,00:12:55,-68.81,-30.52,112.3,4.5,mb,us
2004-03-17,01:22:11,-71.46,-30.73,25.9,2.8,ml,guc
2004-03-17,03:21:08,-65.59,-21.12,289.8,6.1,mwb,us
2004-03-17,04:57:45,-70.67,-31.96,87.2,2.6,md,guc
2004-03-17,08:30:17,-71.61,-29.81,27.2,3.1,ml,guc
2004-03-17,13:47:29,-72.33,-37.29,87.0,3.4,mb,us
2004-03-17,16:05:57,-71.58,-30.76,30.3,3.1,ml,guc
2004-03-17,16:49:46,-66.7,-32.01,31.7,5.5,mwb,us
2004-03-17,17:39:13,-66.67,-27.95,165.4,4.4,mb,us
2004-03-17,17:51:07,-67.25,-24.21,200.0,0.0,,us
2004-03-17,21:32:58,-70.5,-33.18,103.7,2.6,md,guc
2004-03-18,06:49:03,-71.73,-30.91,15.0,4.0,ml,guc
2004-03-18,07:26:22,-70.72,-34.62,103.2,3.2,md,guc
2004-03-18,07:54:41,-71.55,-30.93,38.5,3.6,md,guc
2004-03-18,09:31:12,-69.84,-30.88,139.3,3.9,mb,us
2004-03-18,12:13:48,-71.67,-30.91,31.0,2.3,ml,guc
2004-03-18,15:49:17,-69.68,-32.09,137.6,2.4,md,guc
2004-03-18,16:34:15,-69.9,-28.87,113.2,0.0,,us
2004-03-18,17:19:18,-71.22,-30.12,60.5,3.7,md,guc
2004-03-18,21:23:26,-71.28,-30.89,57.4,3.0,md,guc
2004-03-18,21:50:38,-66.1,-22.44,246.1,4.4,mb,us
2004-03-18,22:11:47,-66.86,-25.16,40.0,4.2,mb,us
2004-03-19,06:02:00,-70.2,-20.41,33.1,5.4,mwc,hrv
2004-03-19,11:02:17,-71.62,-31.9,37.2,3.6,md,guc
2004-03-19,12:27:30,-71.4,-30.8,42.8,4.0,md,guc
2004-03-19,17:56:55,-70.27,-33.18,3.0,2.4,ml,guc
2004-03-19,23:01:27,-69.51,-16.94,175.3,0.0,,us
2004-03-20,00:54:16,-70.1,-33.4,8.3,2.5,ml,guc
2004-03-20,02:31:54,-71.79,-32.15,20.7,2.7,ml,guc
2004-03-20,05:58:05,-66.86,-24.26,180.7,3.7,mb,us
2004-03-20,11:57:52,-71.32,-26.48,38.4,0.0,,us
2004-03-20,14:07:28,-68.68,-21.46,139.0,0.0,,us
2004-03-20,15:38:23,-71.59,-35.84,74.4,3.3,md,guc
2004-03-20,16:51:23,-69.6,-17.64,166.4,4.5,mb,us
2004-03-20,21:50:49,-70.13,-33.99,8.2,2.5,ml,guc
2004-03-20,23:19:20,-71.66,-32.47,28.4,2.7,ml,guc
2004-03-21,08:02:52,-68.37,-31.21,107.0,4.2,mb,us
2004-03-21,14:08:07,-71.63,-32.67,27.5,2.0,ml,guc
2004-03-21,14:57:04,-71.63,-30.75,31.6,2.5,ml,guc
2004-03-21,15:37:07,-70.61,-32.91,5.5,2.2,ml,guc
2004-03-21,16:20:41,-74.62,-10.64,72.9,3.9,mb,us
2004-03-21,17:35:05,-71.76,-32.19,18.6,2.9,ml,guc
2004-03-21,17:49:07,-70.25,-33.14,5.2,2.6,ml,guc
2004-03-21,22:43:21,-71.25,-35.63,10.0,3.2,ml,guc
2004-03-22,04:22:58,-64.36,-22.94,16.0,5.8,mwb,us
2004-03-22,04:39:09,-64.36,-23.17,43.7,4.6,mb,us
2004-03-22,06:23:26,-64.55,-23.32,19.8,4.2,mb,us
2004-03-22,08:48:03,-68.87,-27.64,85.8,4.3,mb,us
2004-03-22,19:51:45,-67.59,-31.92,43.3,0.0,,us
2004-03-22,20:55:00,-70.23,-33.13,6.2,2.4,ml,guc
2004-03-22,22:00:41,-71.8,-32.29,21.1,2.5,ml,guc
2004-03-23,04:27:24,-67.26,-28.25,140.0,0.0,,us
2004-03-23,10:56:02,-65.04,-16.93,30.0,0.0,,us
2004-03-23,13:02:25,-71.22,-33.07,58.1,3.0,md,guc
2004-03-23,14:51:45,-71.74,-32.68,28.8,2.8,ml,guc
2004-03-23,17:55:06,-70.23,-33.17,8.7,2.1,ml,guc
2004-03-23,17:56:04,-70.22,-33.16,8.9,2.4,ml,guc
2004-03-23,18:06:33,-68.18,-21.2,123.6,5.3,mwc,hrv
2004-03-23,19:47:28,-76.58,-7.47,135.0,0.0,,us
2004-03-23,20:42:21,-71.0,-33.98,75.4,3.3,md,guc
2004-03-23,21:00:34,-71.57,-14.73,105.4,4.8,mb,us
2004-03-23,21:49:33,-72.19,-33.06,34.8,2.9,ml,guc
2004-03-23,22:58:11,-72.05,-29.86,26.6,3.8,ml,guc
2004-03-24,00:55:46,-71.48,-29.18,43.6,0.0,,us
2004-03-24,09:09:24,-71.71,-32.54,28.3,2.5,ml,guc
2004-03-24,12:19:14,-70.05,-33.87,2.0,2.9,md,guc
2004-03-24,12:42:33,-70.51,-34.01,99.7,3.0,md,guc
2004-03-24,15:51:04,-71.84,-34.6,35.2,3.2,md,guc
2004-03-24,16:12:58,-70.31,-31.16,135.9,2.9,md,guc
2004-03-24,21:23:02,-68.24,-21.23,124.3,4.7,mb,us
2004-03-25,06:43:55,-72.03,-33.05,5.5,2.8,md,guc
2004-03-25,09:33:53,-72.15,-33.07,5.2,2.2,ml,guc
2004-03-25,09:57:33,-105.12,-35.57,10.0,4.6,mb,us
2004-03-25,11:38:48,-71.31,-31.04,59.2,3.3,md,guc
2004-03-25,13:10:44,-72.18,-33.06,31.7,2.5,ml,guc
2004-03-25,13:44:26,-64.5,-23.24,18.2,0.0,,us
2004-03-25,17:50:16,-70.23,-33.19,6.8,2.4,ml,guc
2004-03-25,21:58:30,-66.75,-24.05,192.6,3.8,mb,us
2004-03-25,22:55:56,-71.3,-31.02,61.9,3.1,md,guc
2004-03-25,23:20:59,-70.18,-32.92,103.1,3.6,md,guc
2004-03-26,00:06:22,-71.45,-33.13,44.1,3.5,md,guc
2004-03-26,00:47:47,-71.64,-32.67,15.1,2.7,ml,guc
2004-03-26,02:25:57,-68.28,-31.06,66.4,3.3,md,guc
2004-03-26,04:29:58,-71.88,-31.37,46.4,4.2,md,guc
2004-03-26,10:56:09,-71.65,-31.59,30.5,2.8,ml,guc
2004-03-26,11:57:51,-72.33,-14.6,53.7,4.7,mb,us
2004-03-26,17:44:44,-70.24,-33.14,1.5,2.4,ml,guc
2004-03-27,04:04:29,-74.6,-15.21,73.8,4.5,mb,us
2004-03-27,04:43:19,-71.2,-32.76,55.3,2.7,md,guc
2004-03-27,05:21:43,-70.19,-31.84,125.9,2.9,md,guc
2004-03-27,08:02:50,-69.17,-20.18,100.7,3.5,mb,us
2004-03-27,10:15:48,-68.84,-33.78,10.0,2.6,ml,guc
2004-03-27,11:07:22,-66.87,-24.1,181.4,4.0,mb,us
2004-03-27,17:41:18,-69.56,-32.21,126.6,3.4,md,guc
2004-03-27,17:54:16,-70.24,-33.15,5.6,2.5,ml,guc
2004-03-27,19:10:00,-69.48,-32.23,126.3,2.7,md,guc
2004-03-27,19:59:11,-70.6,-33.29,88.0,2.0,md,guc
2004-03-27,20:15:36,-69.83,-23.47,61.3,4.2,md,guc
2004-03-27,22:54:19,-68.92,-31.15,145.0,0.0,,us
2004-03-27,23:44:25,-71.31,-31.56,39.4,3.7,md,guc
2004-03-28,01:23:33,-73.53,-10.18,36.1,5.2,mwc,hrv
2004-03-28,07:27:33,-71.78,-29.94,5.7,2.1,ml,guc
2004-03-28,07:43:05,-99.86,-36.2,10.0,4.5,mb,us
2004-03-28,09:15:48,-71.34,-32.42,48.2,3.6,md,guc
2004-03-28,18:14:04,-68.88,-29.82,150.0,4.5,mb,us
2004-03-28,20:33:30,-65.47,-16.75,30.0,0.0,,us
2004-03-28,23:42:52,-71.33,-30.71,47.0,0.0,,us
2004-03-29,05:05:55,-71.43,-29.51,34.3,2.8,ml,guc
2004-03-29,05:12:40,-69.89,-31.82,138.6,2.8,md,guc
2004-03-29,06:01:44,-70.39,-19.31,93.4,0.0,,us
2004-03-29,09:52:00,-71.87,-32.68,28.4,3.6,ml,guc
2004-03-29,11:28:16,-82.17,-43.97,10.0,4.5,mb,us
2004-03-29,11:38:11,-82.16,-43.92,10.0,4.2,mb,us
2004-03-29,11:42:14,-82.12,-43.9,10.0,4.3,mb,us
2004-03-29,11:54:30,-70.01,-17.18,16.1,0.0,,us
2004-03-29,12:42:30,-69.68,-32.04,150.0,2.7,md,guc
2004-03-29,18:10:20,-70.27,-33.15,0.7,2.8,ml,guc
2004-03-29,19:33:36,-70.51,-34.1,98.5,2.6,md,guc
2004-03-30,03:56:06,-71.26,-30.26,69.3,2.6,md,guc
2004-03-30,08:54:20,-69.83,-32.22,137.9,3.2,md,guc
2004-03-30,09:59:51,-69.14,-31.26,150.0,3.2,md,guc
2004-03-30,23:56:55,-71.5,-32.72,22.8,3.2,ml,guc
2004-03-31,00:45:48,-71.26,-34.2,63.3,2.8,md,guc
2004-03-31,01:15:51,-69.44,-19.4,110.7,0.0,,us
2004-03-31,03:09:30,-70.16,-31.66,139.1,2.6,md,guc
2004-03-31,03:23:23,-67.54,-25.18,129.5,5.5,mwc,hrv
2004-03-31,08:32:47,-69.28,-30.78,150.3,3.5,md,guc
2004-03-31,14:09:16,-69.71,-20.93,84.6,4.2,mb,us
2004-03-31,17:51:00,-70.25,-33.16,7.1,2.1,ml,guc
2004-03-31,19:17:40,-71.67,-33.72,43.6,4.2,md,guc
2004-03-31,20:11:19,-71.24,-33.89,67.2,3.9,md,guc
2004-04-01,00:52:15,-71.68,-32.14,51.9,3.7,md,guc
2004-04-01,03:28:48,-71.43,-28.71,35.0,2.9,ml,guc
2004-04-01,03:44:42,-71.01,-35.03,102.6,3.9,md,guc
2004-04-01,05:07:48,-71.21,-31.64,72.9,4.1,md,guc
2004-04-01,06:58:54,-72.11,-33.02,39.1,3.8,md,guc
2004-04-01,07:19:40,-71.67,-35.17,67.6,3.2,md,guc
2004-04-01,10:58:15,-71.3,-28.46,58.4,4.6,mb,us
2004-04-01,12:34:32,-69.94,-17.4,126.4,4.4,mb,us
2004-04-01,13:04:06,-71.44,-30.83,45.0,0.0,,us
2004-04-01,19:25:34,-70.25,-33.15,1.1,2.8,ml,guc
2004-04-01,19:45:26,-73.91,-10.66,133.5,4.2,mb,us
2004-04-01,22:43:16,-70.34,-33.17,10.0,0.0,,us
2004-04-02,02:02:28,-71.38,-33.35,56.8,3.3,md,guc
2004-04-02,07:50:31,-71.22,-33.83,63.8,2.0,md,guc
2004-04-02,10:04:38,-73.73,-16.29,79.8,0.0,,us
2004-04-02,16:54:46,-76.83,-12.8,49.4,4.9,mb,us
2004-04-02,22:46:34,-70.54,-31.84,107.6,3.0,md,guc
2004-04-03,00:10:35,-71.06,-34.67,91.8,2.5,md,guc
2004-04-03,04:23:55,-72.21,-30.31,15.0,2.7,ml,guc
2004-04-03,09:57:13,-71.98,-29.99,34.5,5.5,mwc,hrv
2004-04-03,15:41:53,-106.74,-34.91,10.0,4.4,mb,us
2004-04-03,17:48:12,-70.3,-33.15,0.2,2.6,ml,guc
2004-04-03,17:49:17,-70.26,-33.15,1.5,2.6,ml,guc
2004-04-03,20:31:28,-71.44,-29.0,36.0,3.3,md,guc
2004-04-03,23:08:18,-71.43,-32.47,58.9,2.7,md,guc
2004-04-04,01:31:30,-70.52,-34.16,107.3,3.2,md,guc
2004-04-04,03:51:25,-70.69,-34.44,105.3,2.3,md,guc
2004-04-04,05:41:05,-66.85,-23.94,183.6,4.1,mb,us
2004-04-04,12:11:27,-71.42,-32.07,27.9,2.3,ml,guc
2004-04-04,14:08:02,-70.91,-33.43,68.1,2.1,md,guc
2004-04-04,17:57:38,-70.83,-33.93,82.4,2.3,md,guc
2004-04-04,20:36:28,-68.32,-21.49,133.0,0.0,,us
2004-04-05,02:23:58,-69.62,-31.62,146.1,4.1,mb,us
2004-04-05,04:13:46,-71.31,-28.52,39.2,4.0,md,guc
2004-04-05,04:29:00,-68.77,-32.35,150.0,3.2,md,guc
2004-04-05,05:00:26,-71.38,-32.29,45.2,3.3,md,guc
2004-04-05,09:06:12,-91.82,-40.3,10.0,4.7,mb,us
2004-04-05,12:22:42,-70.06,-34.1,6.2,2.8,md,guc
2004-04-05,18:37:30,-70.52,-34.0,92.1,2.0,md,guc
2004-04-05,21:20:44,-66.19,-21.67,269.4,4.7,mb,us
2004-04-05,21:28:35,-70.08,-33.52,2.0,2.1,ml,guc
2004-04-06,01:26:38,-71.32,-29.79,46.1,0.0,,us
2004-04-06,07:58:33,-67.05,-24.21,169.2,4.7,mb,us
2004-04-06,08:40:05,-70.4,-34.01,107.7,0.0,,us
2004-04-06,11:26:40,-72.15,-34.43,42.4,0.0,,us
2004-04-06,12:05:33,-68.88,-27.22,98.9,0.0,,us
2004-04-06,14:11:21,-71.56,-30.03,50.4,3.0,md,guc
2004-04-06,15:07:58,-70.67,-32.23,86.1,2.7,md,guc
2004-04-06,17:13:04,-72.14,-34.49,32.1,2.4,ml,guc
2004-04-06,22:40:19,-71.6,-30.3,22.0,2.8,ml,guc
2004-04-07,01:14:52,-68.63,-23.4,86.4,0.0,,us
2004-04-07,03:30:05,-71.74,-30.68,25.6,2.6,ml,guc
2004-04-07,04:18:46,-71.07,-18.36,88.4,3.9,mb,us
2004-04-07,06:59:33,-70.36,-17.8,120.0,0.0,,us
2004-04-07,09:41:01,-103.2,-36.01,10.0,4.6,mb,us
2004-04-07,12:11:59,-72.05,-29.97,41.2,0.0,,us
2004-04-07,13:00:00,-70.33,-34.38,123.1,2.6,md,guc
2004-04-07,14:43:23,-71.41,-32.66,20.1,2.6,ml,guc
2004-04-07,18:08:45,-70.28,-33.16,0.6,3.0,ml,guc
2004-04-07,19:50:37,-71.35,-33.98,63.1,2.3,md,guc
2004-04-07,23:03:42,-70.87,-27.34,53.0,0.0,,us
2004-04-08,02:42:00,-107.24,-26.81,10.0,4.8,mb,us
2004-04-08,04:57:50,-97.83,-36.26,10.0,6.4,mwc,hrv
2004-04-08,08:12:58,-69.96,-31.78,150.0,0.0,,us
2004-04-08,14:16:08,-70.26,-33.18,6.6,1.9,ml,guc
2004-04-08,14:42:02,-70.5,-35.08,7.4,3.4,ml,guc
2004-04-08,18:25:08,-71.71,-31.18,16.0,2.6,ml,guc
2004-04-08,23:58:10,-71.49,-30.21,9.2,2.5,ml,guc
2004-04-09,00:13:38,-70.27,-32.79,104.9,2.5,md,guc
2004-04-09,01:49:59,-73.74,-11.36,59.1,0.0,,us
2004-04-09,07:23:02,-71.38,-31.04,55.8,2.2,md,guc
2004-04-09,08:00:04,-71.98,-32.52,36.6,3.9,md,guc
2004-04-09,15:06:05,-70.63,-31.96,97.8,3.7,md,guc
2004-04-09,19:51:48,-70.23,-33.57,104.1,2.1,md,guc
2004-04-09,20:51:38,-68.66,-30.57,105.0,3.5,md,guc
2004-04-10,02:28:12,-71.3,-34.14,67.3,5.0,mb,us
2004-04-10,02:34:55,-71.29,-34.11,60.3,3.0,md,guc
2004-04-10,03:33:33,-71.34,-30.85,61.9,3.3,md,guc
2004-04-10,04:52:52,-74.01,-15.79,107.9,4.3,mb,us
2004-04-10,11:24:44,-71.18,-34.58,66.6,2.9,md,guc
2004-04-10,11:51:50,-71.46,-30.25,15.5,2.5,ml,guc
2004-04-10,18:11:57,-71.63,-32.69,26.2,2.7,ml,guc
2004-04-10,18:22:07,-70.94,-34.26,80.2,3.2,md,guc
2004-04-10,21:36:18,-69.57,-31.33,148.0,0.0,,us
2004-04-10,23:25:13,-69.68,-29.26,131.4,0.0,,us
2004-04-10,23:53:00,-71.49,-31.71,68.5,3.5,md,guc
2004-04-11,02:21:45,-70.9,-33.49,70.7,2.4,md,guc
2004-04-11,02:29:53,-119.04,-54.76,10.0,4.7,mb,us
2004-04-11,07:37:17,-71.18,-34.28,66.6,2.3,md,guc
2004-04-11,07:59:15,-72.1,-32.12,30.3,3.7,ml,guc
2004-04-11,09:48:38,-71.53,-31.49,27.5,2.8,ml,guc
2004-04-11,11:54:12,-70.68,-31.88,99.8,0.0,,us
2004-04-11,19:48:42,-69.48,-32.0,135.8,3.2,md,guc
2004-04-12,01:02:52,-108.92,-34.71,10.0,4.5,mb,us
2004-04-12,01:46:24,-70.35,-33.13,104.6,2.4,md,guc
2004-04-12,03:37:26,-71.58,-30.12,17.9,2.6,ml,guc
2004-04-12,08:57:35,-71.65,-32.66,29.6,2.8,ml,guc
2004-04-12,16:15:40,-71.7,-32.22,12.2,2.5,ml,guc
2004-04-12,20:29:57,-70.26,-33.13,2.3,2.1,ml,guc
2004-04-12,21:46:33,-71.32,-33.58,54.6,2.9,md,guc
2004-04-12,23:28:19,-70.3,-33.23,110.0,2.3,md,guc
2004-04-12,23:57:44,-70.38,-33.42,94.5,0.0,,us
2004-04-13,03:34:39,-71.42,-31.27,74.0,4.3,mb,us
2004-04-13,03:42:03,-69.34,-30.6,1.0,2.7,ml,guc
2004-04-13,04:10:46,-71.66,-30.7,30.2,2.3,ml,guc
2004-04-13,04:52:12,-76.49,-15.16,1.5,3.8,mb,us
2004-04-13,04:59:54,-72.48,-34.74,24.2,4.3,ml,guc
2004-04-13,05:24:54,-71.54,-29.47,33.5,2.9,ml,guc
2004-04-13,08:01:58,-70.78,-15.58,169.2,4.3,mb,us
2004-04-13,08:58:34,-71.7,-30.95,29.0,4.3,ml,guc
2004-04-13,11:33:08,-68.73,-20.74,132.2,0.0,,us
2004-04-13,12:09:06,-71.68,-30.94,8.8,2.9,ml,guc
2004-04-13,13:40:32,-70.28,-33.21,3.5,1.8,ml,guc
2004-04-13,17:01:02,-70.31,-32.87,102.5,2.1,md,guc
2004-04-13,18:27:04,-69.12,-33.21,0.2,2.7,ml,guc
2004-04-13,22:54:07,-71.67,-32.13,50.4,2.6,md,guc
2004-04-14,02:24:15,-71.41,-29.73,61.9,3.3,md,guc
2004-04-14,03:33:56,-68.83,-23.42,96.1,4.2,md,guc
2004-04-14,04:56:27,-69.55,-16.13,211.3,4.3,mb,us
2004-04-14,09:16:44,-71.18,-29.97,59.8,2.8,md,guc
2004-04-14,09:58:35,-71.35,-31.91,41.4,3.3,md,guc
2004-04-14,14:42:33,-72.15,-34.4,38.8,3.9,md,guc
2004-04-14,14:52:03,-68.35,-31.75,84.7,3.9,md,guc
2004-04-14,15:43:57,-71.22,-29.47,47.7,4.1,md,guc
2004-04-14,17:47:43,-70.27,-33.15,7.8,2.5,ml,guc
2004-04-15,00:05:42,-71.77,-30.69,28.9,3.8,ml,guc
2004-04-15,03:33:17,-69.9,-32.8,117.5,3.2,md,guc
2004-04-15,08:34:23,-75.95,-14.74,49.2,3.7,mb,us
2004-04-15,09:49:38,-66.91,-31.48,20.0,4.3,ml,guc
2004-04-15,12:39:38,-72.07,-33.24,22.0,2.4,ml,guc
2004-04-15,13:16:55,-72.06,-33.24,20.0,2.6,ml,guc
2004-04-15,17:16:57,-97.25,-36.43,10.0,4.8,mb,us
2004-04-15,17:29:13,-97.09,-36.37,10.0,4.6,mb,us
2004-04-15,21:39:19,-67.43,-30.14,29.0,5.4,mwc,hrv
2004-04-15,22:54:31,-71.61,-31.54,12.6,2.6,ml,guc
2004-04-16,03:12:33,-71.24,-27.9,31.6,4.6,mb,us
2004-04-16,09:31:22,-73.79,-16.41,45.7,0.0,,us
2004-04-16,09:40:36,-72.97,-14.29,34.3,0.0,,us
2004-04-16,10:06:16,-71.63,-30.62,37.8,0.0,,us
2004-04-16,11:45:46,-70.58,-34.34,107.1,3.0,md,guc
2004-04-16,16:23:33,-110.6,-35.26,10.0,4.6,mb,us
2004-04-16,17:59:35,-70.24,-33.14,2.6,2.4,ml,guc
2004-04-17,00:54:28,-71.6,-32.71,27.7,2.6,ml,guc
2004-04-17,03:01:24,-65.15,-20.17,332.7,4.1,mb,us
2004-04-17,03:35:24,-71.59,-30.02,47.5,3.5,md,guc
2004-04-17,03:54:32,-71.35,-31.62,48.5,3.1,md,guc
2004-04-17,04:13:06,-109.06,-34.72,10.0,4.3,mb,us
2004-04-17,04:24:21,-71.68,-30.92,27.9,3.5,ml,guc
2004-04-17,04:41:34,-71.8,-32.28,11.6,3.1,ml,guc
2004-04-17,04:45:05,-70.08,-33.44,7.5,1.7,ml,guc
2004-04-17,05:42:46,-69.67,-27.98,110.0,0.0,,us
2004-04-17,06:04:22,-69.96,-32.66,128.5,3.1,md,guc
2004-04-17,07:30:21,-70.1,-33.42,9.6,2.3,ml,guc
2004-04-17,08:38:39,-71.16,-28.94,41.4,3.6,md,guc
2004-04-17,09:06:05,-71.59,-31.99,25.0,2.4,ml,guc
2004-04-17,09:41:41,-71.79,-30.86,29.0,2.8,ml,guc
2004-04-17,09:45:11,-71.03,-33.89,71.9,2.4,md,guc
2004-04-17,13:11:47,-72.57,-38.61,51.8,3.6,md,guc
2004-04-17,17:53:26,-70.26,-33.15,3.3,2.4,ml,guc
2004-04-17,20:06:05,-70.71,-33.56,83.1,2.1,md,guc
2004-04-18,01:43:26,-71.31,-32.49,40.6,4.6,mb,us
2004-04-18,02:08:31,-89.4,-41.35,10.0,4.1,mb,us
2004-04-18,03:40:07,-71.17,-32.1,65.1,0.0,,us
2004-04-18,06:44:38,-68.7,-32.04,150.0,3.2,md,guc
2004-04-18,10:53:00,-71.26,-30.3,48.6,3.4,md,guc
2004-04-18,13:57:36,-70.25,-33.16,2.0,1.8,ml,guc
2004-04-18,17:04:27,-69.25,-28.19,98.2,3.5,md,guc
2004-04-18,17:35:42,-71.53,-35.89,125.1,3.0,md,guc
2004-04-18,18:31:01,-70.91,-32.4,66.0,3.2,md,guc
2004-04-19,02:26:59,-71.74,-34.43,39.8,3.7,md,guc
2004-04-19,04:38:40,-71.53,-34.5,73.2,3.3,md,guc
2004-04-19,05:19:31,-68.3,-28.28,93.1,3.7,md,guc
2004-04-19,07:24:28,-69.22,-32.81,9.2,3.3,ml,guc
2004-04-19,11:08:45,-69.08,-31.65,104.5,4.3,mb,us
2004-04-19,13:57:57,-70.22,-33.16,8.0,1.7,ml,guc
2004-04-19,16:26:39,-75.61,-6.05,20.0,0.0,,us
2004-04-19,19:06:49,-70.56,-32.78,91.0,2.5,md,guc
2004-04-20,01:57:08,-70.33,-29.13,94.4,0.0,,us
2004-04-20,03:10:00,-72.5,-36.63,58.5,4.1,md,guc
2004-04-20,05:50:04,-72.47,-33.35,32.4,2.7,ml,guc
2004-04-20,06:12:25,-70.05,-34.27,5.6,1.9,ml,guc
2004-04-20,06:18:18,-68.78,-31.22,150.0,3.4,md,guc
2004-04-20,06:43:58,-99.4,-36.04,10.0,4.1,mb,us
2004-04-20,13:42:16,-66.59,-23.11,204.1,4.6,mb,us
2004-04-20,14:19:51,-71.02,-32.07,75.6,2.8,md,guc
2004-04-20,14:45:18,-72.71,-33.33,28.2,3.0,ml,guc
2004-04-20,17:51:14,-70.24,-33.17,9.0,2.2,ml,guc
2004-04-20,19:04:54,-69.28,-31.21,150.3,3.6,md,guc
2004-04-21,06:19:32,-71.72,-31.6,15.2,2.2,ml,guc
2004-04-21,11:17:32,-69.58,-31.44,159.2,0.0,,us
2004-04-21,13:49:46,-75.55,-6.87,34.1,4.3,mb,us
2004-04-21,18:50:56,-71.47,-32.05,37.2,3.3,md,guc
2004-04-21,19:26:56,-69.7,-31.56,142.0,3.0,md,guc
2004-04-22,01:29:41,-71.22,-32.83,54.2,3.2,md,guc
2004-04-22,02:13:21,-69.92,-23.93,48.8,5.0,mwc,hrv
2004-04-22,02:34:11,-70.98,-35.41,106.6,3.3,md,guc
2004-04-22,03:27:58,-72.26,-36.37,47.7,0.0,,us
2004-04-22,05:50:32,-70.09,-31.76,136.7,2.8,md,guc
2004-04-22,06:17:01,-67.58,-21.23,180.8,3.9,mb,us
2004-04-22,07:37:04,-71.5,-33.03,47.0,3.2,md,guc
2004-04-22,13:37:33,-71.6,-32.32,45.7,3.2,md,guc
2004-04-22,16:02:11,-71.71,-31.29,15.2,3.3,ml,guc
2004-04-22,16:52:32,-70.32,-33.1,101.2,2.5,md,guc
2004-04-22,19:35:48,-70.27,-33.15,6.1,2.2,ml,guc
2004-04-23,09:20:07,-70.77,-30.83,78.3,3.2,md,guc
2004-04-23,12:21:41,-71.61,-33.58,29.0,2.5,md,guc
2004-04-23,14:26:25,-71.26,-34.66,65.8,2.1,md,guc
2004-04-24,01:34:50,-70.49,-30.77,113.8,2.9,md,guc
2004-04-24,06:59:10,-113.18,-23.12,10.0,4.6,mb,us
2004-04-24,07:16:39,-69.44,-30.91,2.0,3.7,ml,guc
2004-04-24,07:22:17,-71.21,-31.85,48.5,3.6,md,guc
2004-04-24,08:20:14,-69.82,-31.59,153.9,3.1,md,guc
2004-04-24,14:13:35,-71.24,-17.96,50.8,3.7,mb,us
2004-04-24,14:53:05,-71.66,-30.66,30.6,3.2,ml,guc
2004-04-24,19:15:04,-72.72,-14.76,38.5,3.9,mb,us
2004-04-24,19:33:40,-70.49,-26.57,45.0,0.0,,us
2004-04-24,20:57:13,-71.73,-32.78,22.5,3.1,ml,guc
2004-04-24,23:00:23,-112.29,-28.98,10.0,5.8,mwc,hrv
2004-04-24,23:15:11,-112.47,-28.98,10.0,4.6,mb,us
2004-04-24,23:19:11,-112.36,-29.1,10.0,5.6,mwc,hrv
2004-04-25,03:00:47,-71.2,-34.42,66.1,2.4,md,guc
2004-04-25,05:30:37,-70.47,-32.9,99.9,2.5,md,guc
2004-04-25,07:53:35,-72.23,-33.07,17.4,2.5,ml,guc
2004-04-25,09:09:34,-72.75,-14.71,35.0,0.0,,us
2004-04-25,09:20:36,-67.58,-27.68,123.3,3.7,mb,us
2004-04-25,10:31:46,-69.48,-16.74,192.8,0.0,,us
2004-04-25,10:42:45,-71.27,-30.9,68.4,0.0,,us
2004-04-25,11:51:35,-67.57,-20.94,178.3,0.0,,us
2004-04-25,16:40:16,-71.94,-33.58,29.3,3.2,ml,guc
2004-04-25,17:14:06,-64.18,-17.33,595.9,4.2,mb,us
2004-04-25,17:35:28,-64.41,-23.2,27.1,4.2,mb,us
2004-04-25,18:01:48,-64.22,-17.3,595.9,3.8,mb,us
2004-04-25,20:15:42,-68.56,-21.5,133.7,0.0,,us
2004-04-25,22:37:53,-70.5,-34.37,111.8,2.4,md,guc
2004-04-25,23:03:28,-71.2,-29.49,60.7,0.0,,us
2004-04-25,23:38:35,-70.44,-33.55,100.3,2.4,md,guc
2004-04-26,00:50:48,-124.33,-55.55,10.0,4.2,mb,us
2004-04-26,01:50:46,-70.88,-34.78,103.2,3.2,md,guc
2004-04-26,03:03:26,-68.26,-22.48,103.0,4.5,mb,us
2004-04-26,06:46:25,-70.88,-19.99,32.0,3.9,mb,us
2004-04-26,09:45:56,-99.05,-36.37,10.0,4.6,mb,us
2004-04-26,10:12:42,-71.72,-29.97,39.9,0.0,,us
2004-04-26,15:13:14,-67.78,-28.68,149.4,0.0,,us
2004-04-26,17:37:06,-95.99,-36.98,10.0,4.2,mb,us
2004-04-26,23:45:54,-71.39,-33.44,45.9,2.7,md,guc
2004-04-26,23:49:44,-72.11,-34.0,42.7,3.1,md,guc
2004-04-27,00:09:38,-69.17,-23.55,94.7,5.0,mwc,hrv
2004-04-27,01:04:33,-70.07,-33.66,4.7,2.2,ml,guc
2004-04-27,06:21:00,-99.12,-36.39,10.0,4.5,mb,us
2004-04-27,07:44:05,-71.13,-29.6,69.1,0.0,,us
2004-04-27,18:30:44,-72.94,-33.35,29.6,2.8,ml,guc
2004-04-27,21:12:58,-72.68,-36.19,29.4,3.3,ml,guc
2004-04-27,21:19:19,-70.24,-33.18,8.6,2.2,ml,guc
2004-04-28,02:12:59,-69.41,-31.49,132.3,3.6,md,guc
2004-04-28,04:46:46,-66.74,-23.91,198.2,3.5,mb,us
2004-04-28,07:34:12,-71.84,-32.48,24.8,2.7,ml,guc
2004-04-28,14:40:22,-72.68,-30.06,37.3,3.6,md,guc
2004-04-28,16:26:22,-71.08,-32.53,15.0,0.0,,us
2004-04-28,18:09:22,-71.86,-32.46,15.0,2.5,ml,guc
2004-04-28,19:02:58,-71.37,-31.37,76.4,3.8,md,guc
2004-04-28,19:06:14,-71.02,-34.87,90.1,3.3,md,guc
2004-04-28,21:36:36,-73.84,-16.08,38.4,4.4,mb,us
2004-04-29,02:14:44,-70.6,-32.57,78.9,2.5,md,guc
2004-04-29,14:39:50,-72.84,-31.33,34.8,3.1,ml,guc
2004-04-29,16:13:23,-70.21,-33.24,8.2,1.8,ml,guc
2004-04-29,16:29:30,-70.66,-33.82,80.7,2.3,md,guc
2004-04-29,17:47:01,-70.29,-33.14,4.5,2.6,ml,guc
2004-04-29,19:32:03,-66.7,-23.96,198.7,0.0,,us
2004-04-29,20:21:03,-69.99,-31.74,147.8,3.4,md,guc
2004-04-29,22:41:18,-112.99,-27.56,10.0,5.3,mwc,hrv
2004-04-30,01:18:14,-72.09,-33.86,30.9,2.9,ml,guc
2004-04-30,02:04:13,-76.68,-14.24,35.0,0.0,,us
2004-04-30,06:20:03,-69.0,-17.44,166.0,0.0,,us
2004-04-30,06:40:47,-72.1,-33.85,5.3,2.8,ml,guc
2004-04-30,07:36:52,-69.93,-32.35,135.8,3.3,md,guc
2004-04-30,10:03:45,-70.52,-33.55,93.8,5.1,mwc,hrv
2004-04-30,11:57:46,-71.35,-30.72,40.6,3.9,md,guc
2004-04-30,12:55:42,-71.36,-29.91,43.9,3.6,md,guc
2004-04-30,13:18:26,-71.36,-33.31,51.5,2.7,md,guc
2004-04-30,15:51:30,-71.11,-32.26,60.2,2.5,md,guc
2004-04-30,17:49:41,-70.3,-33.15,12.0,2.1,ml,guc
2004-04-30,20:59:17,-66.7,-23.21,201.5,0.0,,us
2004-05-01,02:58:30,-70.96,-33.5,69.5,1.9,md,guc
2004-05-01,08:01:23,-71.57,-30.9,31.8,2.3,ml,guc
2004-05-01,11:21:09,-72.04,-33.77,7.8,3.0,ml,guc
2004-05-01,11:23:53,-72.02,-33.77,8.1,3.5,ml,guc
2004-05-01,11:27:41,-69.98,-17.23,157.7,0.0,,us
2004-05-01,11:45:56,-72.03,-33.76,8.5,2.4,ml,guc
2004-05-01,15:38:46,-70.29,-33.19,3.9,1.7,ml,guc
2004-05-01,17:13:25,-71.95,-16.92,80.4,0.0,,us
2004-05-01,21:57:48,-67.62,-19.32,203.4,4.1,mb,us
2004-05-02,02:34:56,-69.11,-18.45,132.4,0.0,,us
2004-05-02,06:40:34,-71.26,-31.77,81.1,3.3,md,guc
2004-05-02,10:59:49,-71.0,-34.66,97.4,2.4,md,guc
2004-05-02,11:57:01,-68.74,-20.62,104.8,0.0,,us
2004-05-02,13:22:51,-70.66,-20.06,53.4,4.3,mb,us
2004-05-02,14:02:32,-71.05,-29.55,49.5,0.0,,us
2004-05-02,16:54:41,-66.91,-24.08,188.9,3.9,mb,us
2004-05-02,20:56:41,-68.34,-21.23,127.6,0.0,,us
2004-05-02,21:01:33,-71.63,-31.99,24.4,2.8,ml,guc
2004-05-02,22:10:45,-70.97,-34.14,71.6,2.2,md,guc
2004-05-02,22:45:12,-71.57,-32.68,20.9,2.5,ml,guc
2004-05-03,04:36:50,-73.41,-37.7,21.0,6.6,mwb,us
2004-05-03,04:44:33,-74.14,-40.74,25.0,4.6,mb,us
2004-05-03,04:53:20,-74.0,-37.9,29.6,4.3,ml,guc
2004-05-03,04:59:56,-73.48,-37.66,20.0,4.6,mb,us
2004-05-03,05:14:04,-69.18,-31.92,130.0,0.0,,us
2004-05-03,05:14:10,-73.66,-37.87,18.0,4.1,ml,guc
2004-05-03,05:33:06,-73.57,-37.8,22.5,4.2,mb,us
2004-05-03,05:57:37,-73.64,-37.72,20.0,4.2,mb,us
2004-05-03,06:07:31,-73.77,-37.86,20.0,4.1,ml,guc
2004-05-03,06:18:38,-73.66,-37.69,15.8,4.1,mb,us
2004-05-03,06:28:50,-73.83,-37.82,27.1,3.9,ml,guc
2004-05-03,06:37:52,-73.63,-37.79,19.2,4.6,mb,us
2004-05-03,06:50:20,-73.7,-37.73,20.0,4.0,mb,us
2004-05-03,08:08:28,-73.91,-37.85,32.2,4.1,ml,guc
2004-05-03,10:01:20,-73.66,-37.89,11.2,3.4,ml,guc
2004-05-03,14:42:45,-73.88,-37.89,25.0,4.2,ml,guc
2004-05-03,15:56:15,-66.99,-24.38,171.0,0.0,,us
2004-05-03,19:52:30,-71.41,-30.93,58.9,2.3,md,guc
2004-05-03,20:48:32,-70.13,-28.82,128.8,0.0,,us
2004-05-04,01:54:27,-73.75,-37.84,15.2,4.0,ml,guc
2004-05-04,02:39:26,-68.89,-28.74,130.0,0.0,,us
2004-05-04,03:41:39,-71.58,-32.72,30.0,3.9,ml,guc
2004-05-04,03:51:46,-73.47,-37.66,29.8,4.2,mb,us
2004-05-04,04:05:11,-75.7,-7.46,120.0,4.3,mb,us
2004-05-04,04:12:40,-71.28,-38.27,0.0,3.4,ml,guc
2004-05-04,06:02:01,-73.67,-37.91,8.0,3.7,ml,guc
2004-05-04,10:26:41,-71.66,-32.67,29.5,2.6,ml,guc
2004-05-04,15:27:50,-71.68,-31.44,52.8,3.7,md,guc
2004-05-04,17:02:27,-66.79,-23.98,184.0,0.0,,us
2004-05-04,17:58:18,-70.29,-33.18,6.7,2.1,ml,guc
2004-05-04,21:35:41,-73.63,-11.12,109.2,4.8,mb,us
2004-05-04,22:16:18,-69.89,-32.33,98.6,2.6,md,guc
2004-05-04,22:42:05,-73.94,-37.8,25.0,4.5,ml,guc
2004-05-05,10:29:25,-71.04,-26.82,47.0,0.0,,us
2004-05-05,13:56:50,-70.7,-33.93,98.2,2.2,md,guc
2004-05-05,17:16:24,-73.63,-37.61,11.3,4.5,ml,guc
2004-05-05,23:55:34,-70.51,-33.07,92.5,2.3,md,guc
2004-05-06,06:17:11,-66.73,-24.04,185.8,4.6,mb,us
2004-05-06,12:25:11,-70.99,-35.34,107.1,2.4,md,guc
2004-05-06,15:29:46,-73.18,-39.72,64.5,4.1,mb,us
2004-05-06,16:14:21,-71.3,-34.14,61.3,3.7,md,guc
2004-05-06,17:36:34,-74.71,-10.0,19.2,4.8,mb,us
2004-05-06,18:15:13,-70.26,-33.14,4.9,2.3,ml,guc
2004-05-06,18:28:21,-71.74,-32.44,22.2,2.7,ml,guc
2004-05-06,20:11:59,-71.95,-35.93,80.5,2.5,md,guc
2004-05-06,20:21:34,-73.76,-10.29,56.4,4.3,mb,us
2004-05-06,23:03:59,-71.7,-30.96,22.2,3.2,ml,guc
2004-05-07,02:05:08,-66.6,-27.84,151.5,4.4,mb,us
2004-05-07,02:17:49,-70.05,-32.68,118.9,2.4,md,guc
2004-05-07,03:38:28,-69.78,-31.58,168.3,3.0,md,guc
2004-05-07,03:59:19,-70.28,-33.9,114.5,2.8,md,guc
2004-05-07,06:01:48,-112.39,-13.84,10.0,4.6,mb,us
2004-05-07,06:16:15,-71.21,-29.84,68.6,3.6,md,guc
2004-05-07,07:25:17,-71.1,-33.5,68.3,3.4,md,guc
2004-05-07,15:50:39,-71.32,-28.14,30.5,3.7,ml,guc
2004-05-07,16:42:19,-70.71,-33.75,81.8,3.8,md,guc
2004-05-07,22:08:14,-69.37,-30.28,55.9,4.2,md,guc
2004-05-07,23:55:11,-67.44,-35.32,10.0,4.4,ml,guc
2004-05-08,02:46:04,-69.91,-31.61,140.9,2.8,md,guc
2004-05-08,03:12:48,-72.24,-33.88,37.7,4.3,mb,us
2004-05-08,04:58:17,-70.9,-34.29,80.5,2.0,md,guc
2004-05-08,05:33:48,-71.54,-32.34,31.9,2.8,ml,guc
2004-05-08,05:54:59,-66.63,-23.66,197.6,3.6,mb,us
2004-05-08,06:22:39,-70.8,-33.89,78.6,2.0,md,guc
2004-05-08,08:35:51,-70.03,-32.58,110.6,2.0,md,guc
2004-05-08,10:11:58,-71.87,-34.58,26.6,4.6,mb,us
2004-05-08,11:04:52,-71.09,-31.51,87.5,2.5,md,guc
2004-05-08,12:26:33,-71.68,-29.37,43.3,3.7,md,guc
2004-05-08,12:53:44,-67.12,-23.81,184.0,4.1,mb,us
2004-05-08,13:05:06,-78.44,-5.14,111.1,4.3,mb,us
2004-05-08,13:26:16,-71.26,-30.18,6.9,2.1,ml,guc
2004-05-08,14:00:32,-69.68,-31.58,145.0,3.0,md,guc
2004-05-08,14:03:36,-74.41,-15.32,98.6,3.6,mb,us
2004-05-08,14:17:43,-70.99,-13.13,10.0,4.3,mb,us
2004-05-08,14:53:43,-66.76,-24.06,134.1,3.9,mb,us
2004-05-08,15:42:11,-70.27,-33.17,3.9,1.9,ml,guc
2004-05-08,17:02:53,-91.16,-41.62,10.0,4.4,mb,us
2004-05-08,21:42:45,-71.06,-32.16,60.2,2.5,md,guc
2004-05-09,01:06:08,-71.8,-30.99,18.9,2.5,ml,guc
2004-05-09,06:51:21,-71.82,-30.81,15.0,2.4,ml,guc
2004-05-09,08:41:39,-68.98,-31.44,155.0,3.4,md,guc
2004-05-09,09:41:25,-71.32,-31.06,60.6,3.4,md,guc
2004-05-09,11:42:31,-70.17,-24.71,51.4,4.1,mb,us
2004-05-09,14:24:15,-70.23,-35.0,158.0,2.7,md,guc
2004-05-09,14:44:54,-71.41,-32.11,39.8,3.6,md,guc
2004-05-09,15:46:39,-70.24,-33.24,10.1,1.8,ml,guc
2004-05-09,15:53:14,-68.43,-31.1,150.0,0.0,,us
2004-05-09,17:26:32,-67.29,-21.43,187.6,4.3,mb,us
2004-05-10,02:22:48,-70.3,-31.26,112.1,2.8,md,guc
2004-05-10,03:44:04,-67.91,-20.76,171.9,4.0,mb,us
2004-05-10,05:27:34,-71.8,-31.76,7.6,2.6,ml,guc
2004-05-10,10:44:33,-71.76,-30.65,6.5,3.7,ml,guc
2004-05-10,12:21:30,-71.58,-32.24,11.0,2.5,ml,guc
2004-05-10,13:45:28,-70.25,-28.22,137.9,4.3,mb,us
2004-05-10,15:41:39,-69.9,-32.54,108.8,2.5,md,guc
2004-05-10,17:45:39,-70.79,-35.6,2.4,3.1,ml,guc
2004-05-10,23:13:31,-115.98,-24.6,10.0,4.7,mb,us
2004-05-11,01:20:56,-71.42,-29.49,15.0,2.9,ml,guc
2004-05-11,10:19:25,-71.59,-30.09,15.9,2.8,ml,guc
2004-05-11,10:40:35,-67.15,-24.2,174.0,0.0,,us
2004-05-11,14:55:53,-71.4,-32.26,48.8,4.0,md,guc
2004-05-11,18:49:08,-71.99,-29.84,9.4,4.3,ml,guc
2004-05-11,23:37:41,-71.51,-29.63,38.4,4.2,md,guc
2004-05-12,02:19:18,-71.45,-32.38,66.9,2.8,md,guc
2004-05-12,04:42:58,-73.71,-16.72,53.0,0.0,,us
2004-05-12,05:57:14,-74.13,-38.07,38.9,4.0,md,guc
2004-05-12,08:58:51,-71.73,-30.71,30.0,2.8,ml,guc
2004-05-12,10:59:05,-69.04,-20.08,119.7,3.8,mb,us
2004-05-12,13:08:08,-69.1,-30.68,4.9,3.3,ml,guc
2004-05-12,14:19:19,-71.96,-30.42,15.9,3.5,ml,guc
2004-05-12,15:02:39,-68.16,-21.82,113.2,4.2,mb,us
2004-05-12,20:25:09,-72.44,-33.29,26.3,2.8,ml,guc
2004-05-12,20:36:41,-70.04,-23.73,55.0,4.7,mb,us
2004-05-12,21:41:58,-69.25,-31.24,150.0,3.3,md,guc
2004-05-12,22:10:11,-70.74,-19.44,63.1,4.3,mb,us
2004-05-12,22:44:57,-66.7,-20.54,229.0,4.1,mb,us
2004-05-13,03:56:36,-72.45,-33.24,33.3,2.5,ml,guc
2004-05-13,09:49:33,-72.22,-33.08,35.3,3.3,md,guc
2004-05-13,14:25:53,-75.27,-13.38,62.7,0.0,,us
2004-05-13,18:02:02,-70.85,-29.4,64.6,0.0,,us
2004-05-13,21:19:49,-71.65,-31.61,35.1,2.9,ml,guc
2004-05-13,21:29:22,-69.7,-31.71,129.4,3.5,md,guc
2004-05-14,00:13:28,-71.67,-31.3,34.1,2.7,ml,guc
2004-05-14,07:25:06,-71.64,-30.91,29.5,3.4,ml,guc
2004-05-14,12:52:34,-73.44,-37.7,5.0,3.7,ml,guc
2004-05-14,13:34:35,-72.89,-28.9,35.0,0.0,,us
2004-05-14,15:15:45,-71.18,-32.87,50.9,3.4,md,guc
2004-05-15,00:14:52,-66.77,-24.23,175.7,0.0,,us
2004-05-15,09:25:43,-71.14,-29.33,54.3,3.3,md,guc
2004-05-15,09:28:05,-70.75,-29.04,15.2,3.4,ml,guc
2004-05-15,09:56:08,-71.11,-20.28,29.3,0.0,,us
2004-05-15,10:39:00,-71.32,-30.8,72.0,2.9,md,guc
2004-05-15,11:00:56,-68.02,-20.78,168.4,0.0,,us
2004-05-15,17:56:33,-69.05,-31.56,149.8,4.0,mb,us
2004-05-15,18:10:23,-73.07,-37.87,21.4,3.6,ml,guc
2004-05-15,21:28:41,-70.28,-33.17,6.3,2.0,ml,guc
2004-05-15,21:44:52,-70.27,-33.15,0.5,1.9,ml,guc
2004-05-15,22:28:29,-70.15,-33.53,2.8,2.7,md,guc
2004-05-16,02:14:21,-71.66,-35.2,58.1,2.9,md,guc
2004-05-16,06:24:27,-71.0,-22.13,15.4,0.0,,us
2004-05-16,09:07:09,-68.28,-22.01,129.2,0.0,,us
2004-05-16,11:03:00,-69.5,-32.09,164.4,3.5,md,guc
2004-05-16,12:24:12,-71.59,-29.87,28.4,3.3,ml,guc
2004-05-16,15:38:57,-70.21,-33.18,7.9,1.8,ml,guc
2004-05-16,16:47:38,-69.57,-31.58,145.0,0.0,,us
2004-05-16,20:31:43,-70.19,-34.7,2.4,2.2,ml,guc
2004-05-17,00:26:48,-71.17,-35.4,122.6,2.9,md,guc
2004-05-17,03:42:18,-69.45,-28.7,108.8,3.4,md,guc
2004-05-17,05:01:09,-73.7,-37.9,32.1,3.9,ml,guc
2004-05-17,05:29:45,-69.88,-31.96,131.1,3.3,md,guc
2004-05-17,06:50:42,-71.28,-30.53,80.7,3.5,md,guc
2004-05-17,07:07:21,-72.4,-36.77,63.6,4.0,md,guc
2004-05-17,07:09:08,-68.25,-22.32,124.3,0.0,,us
2004-05-17,07:48:42,-67.24,-24.3,158.5,0.0,,us
2004-05-17,08:03:28,-68.72,-32.68,150.0,0.0,,us
2004-05-17,13:38:24,-63.72,-22.78,525.6,0.0,,us
2004-05-17,18:54:09,-71.6,-35.6,95.3,3.7,md,guc
2004-05-17,19:40:03,-69.63,-31.5,152.0,3.9,md,guc
2004-05-17,22:18:22,-66.68,-23.44,197.5,4.3,mb,us
2004-05-18,03:58:12,-71.66,-33.67,38.7,3.4,md,guc
2004-05-18,04:54:47,-71.98,-32.51,35.7,3.5,md,guc
2004-05-18,05:08:55,-70.74,-31.05,100.6,3.4,md,guc
2004-05-18,06:05:50,-71.71,-30.92,19.2,3.1,ml,guc
2004-05-18,08:00:46,-70.6,-33.72,89.4,2.1,md,guc
2004-05-18,09:33:54,-71.59,-32.45,45.2,2.9,md,guc
2004-05-18,11:24:30,-67.85,-31.35,150.0,4.0,md,guc
2004-05-18,12:21:29,-70.26,-30.91,155.7,3.6,md,guc
2004-05-18,13:17:42,-71.6,-30.62,32.8,4.2,ml,guc
2004-05-18,18:03:56,-71.84,-33.49,36.3,3.8,md,guc
2004-05-18,18:26:36,-71.65,-29.97,22.1,3.4,ml,guc
2004-05-18,18:59:31,-66.78,-23.28,207.3,0.0,,us
2004-05-18,19:32:33,-69.04,-32.74,10.0,3.8,ml,guc
2004-05-18,19:37:46,-69.03,-32.76,10.0,3.1,ml,guc
2004-05-18,21:46:04,-69.06,-31.76,127.6,3.9,md,guc
2004-05-18,23:04:53,-69.04,-19.87,95.7,4.3,mb,us
2004-05-19,00:47:59,-70.57,-32.9,82.6,2.0,md,guc
2004-05-19,05:13:48,-72.03,-33.77,9.5,3.3,ml,guc
2004-05-19,05:34:58,-71.99,-33.75,8.8,2.2,ml,guc
2004-05-19,10:03:55,-69.55,-31.99,100.8,4.0,mb,us
2004-05-19,12:22:08,-71.66,-32.0,24.5,2.9,ml,guc
2004-05-19,13:00:53,-71.68,-31.61,29.7,2.7,ml,guc
2004-05-19,14:43:01,-72.04,-33.72,15.0,2.2,ml,guc
2004-05-19,15:10:30,-69.16,-23.23,89.7,0.0,,us
2004-05-19,15:49:10,-70.24,-33.14,7.1,2.0,ml,guc
2004-05-19,19:59:48,-68.69,-20.41,129.9,3.9,mb,us
2004-05-19,23:31:17,-70.14,-34.91,136.4,2.7,md,guc
2004-05-19,23:46:30,-70.9,-32.55,69.7,2.5,md,guc
2004-05-19,23:54:08,-68.57,-31.21,100.0,3.8,md,guc
2004-05-20,02:35:19,-68.6,-32.14,148.5,0.0,,us
2004-05-20,05:41:32,-70.3,-29.02,64.4,3.1,md,guc
2004-05-20,09:07:28,-69.39,-24.59,52.3,3.9,md,guc
2004-05-20,09:38:09,-71.21,-35.17,96.9,3.7,md,guc
2004-05-20,10:15:03,-71.02,-34.54,75.9,1.8,md,guc
2004-05-21,02:04:50,-69.58,-31.58,137.2,2.9,md,guc
2004-05-21,06:44:13,-72.04,-33.77,7.7,2.3,ml,guc
2004-05-21,14:29:26,-70.25,-32.74,100.9,2.0,md,guc
2004-05-21,16:02:29,-70.5,-33.36,96.4,2.0,md,guc
2004-05-21,17:36:11,-71.68,-32.41,27.0,2.9,ml,guc
2004-05-22,03:02:56,-71.23,-30.68,50.6,4.0,md,guc
2004-05-22,04:11:06,-71.66,-33.81,37.2,3.4,md,guc
2004-05-22,04:35:27,-72.46,-33.36,35.0,4.1,ml,guc
2004-05-22,05:15:50,-71.75,-31.2,27.3,2.9,ml,guc
2004-05-22,05:55:03,-107.68,-34.89,10.0,4.6,mb,us
2004-05-22,07:26:31,-69.89,-31.83,147.6,3.4,md,guc
2004-05-22,08:19:27,-69.01,-19.83,120.5,0.0,,us
2004-05-22,08:26:49,-71.71,-30.96,16.4,4.0,ml,guc
2004-05-22,08:33:49,-69.55,-24.46,76.3,4.1,mb,us
2004-05-22,11:05:29,-71.66,-30.95,31.0,3.0,ml,guc
2004-05-22,13:15:10,-75.52,-9.2,132.5,4.0,mb,us
2004-05-22,14:23:06,-70.35,-34.77,139.5,2.5,md,guc
2004-05-22,15:42:07,-71.31,-33.81,50.7,2.6,md,guc
2004-05-22,17:55:08,-70.26,-33.14,1.3,2.3,ml,guc
2004-05-22,20:14:00,-101.7,-35.91,10.0,4.8,mb,us
2004-05-22,20:14:48,-102.54,-35.74,10.0,5.4,mwc,hrv
2004-05-23,07:52:53,-68.47,-32.12,118.6,3.4,md,guc
2004-05-23,08:39:38,-71.32,-31.5,76.1,0.0,,us
2004-05-23,09:59:04,-69.41,-31.31,137.0,3.7,md,guc
2004-05-23,13:05:32,-71.74,-32.23,28.2,2.7,ml,guc
2004-05-23,16:45:59,-70.19,-33.21,8.5,1.9,ml,guc
2004-05-23,18:25:48,-71.18,-34.94,92.7,2.6,md,guc
2004-05-23,18:38:12,-75.38,-15.91,40.9,4.0,mb,us
2004-05-23,19:30:16,-74.29,-7.84,154.0,4.2,mb,us
2004-05-24,00:35:40,-71.47,-32.31,44.1,3.8,md,guc
2004-05-24,04:29:36,-70.51,-34.28,9.8,2.2,ml,guc
2004-05-24,05:41:41,-71.6,-32.93,41.6,4.1,md,guc
2004-05-24,09:26:02,-72.39,-33.34,35.3,3.7,md,guc
2004-05-24,09:35:45,-71.75,-34.93,56.1,3.0,md,guc
2004-05-24,10:21:10,-100.7,-36.09,10.0,4.2,mb,us
2004-05-24,10:48:52,-71.72,-32.55,22.2,3.4,ml,guc
2004-05-24,11:10:20,-53.91,-54.04,10.0,4.7,mb,us
2004-05-24,17:49:45,-70.27,-33.16,8.9,2.1,ml,guc
2004-05-24,20:02:07,-72.14,-41.03,126.4,4.5,mb,us
2004-05-25,00:24:03,-70.8,-34.68,104.6,3.5,md,guc
2004-05-25,01:10:52,-73.78,-37.71,29.2,4.3,ml,guc
2004-05-25,04:07:35,-69.76,-31.98,135.5,0.0,,us
2004-05-25,09:03:50,-71.73,-32.62,27.9,2.3,ml,guc
2004-05-25,10:04:20,-80.08,-4.49,60.9,4.9,mwc,hrv
2004-05-25,17:48:46,-69.21,-27.41,42.2,3.4,md,guc
2004-05-25,18:21:27,-70.19,-33.16,1.6,1.8,ml,guc
2004-05-25,18:52:20,-68.66,-33.51,20.3,3.5,ml,guc
2004-05-25,19:53:23,-70.76,-33.35,71.2,2.3,md,guc
2004-05-25,23:20:43,-71.76,-31.42,19.7,3.1,ml,guc
2004-05-26,00:27:37,-71.49,-30.79,75.0,2.8,md,guc
2004-05-26,03:53:00,-74.17,-8.29,155.5,5.2,mwc,hrv
2004-05-26,06:28:52,-70.24,-32.61,104.7,2.3,md,guc
2004-05-26,06:51:26,-68.35,-21.08,138.3,4.8,mb,us
2004-05-26,10:05:17,-70.28,-32.51,103.8,2.8,md,guc
2004-05-26,14:00:46,-70.78,-30.27,81.1,2.7,md,guc
2004-05-26,14:15:08,-71.44,-32.64,22.3,2.5,ml,guc
2004-05-26,16:37:17,-72.35,-34.55,35.3,3.6,md,guc
2004-05-26,17:43:48,-70.26,-33.16,6.8,2.2,ml,guc
2004-05-26,20:30:13,-71.35,-16.29,136.1,4.3,mb,us
2004-05-26,22:25:44,-72.42,-33.47,36.1,3.8,md,guc
2004-05-26,22:33:38,-72.26,-33.35,36.1,3.8,md,guc
2004-05-26,23:55:24,-70.07,-17.74,126.3,3.8,mb,us
2004-05-27,01:25:42,-70.44,-34.14,11.0,1.9,ml,guc
2004-05-27,03:29:02,-71.63,-33.55,41.5,2.7,md,guc
2004-05-27,06:15:55,-71.58,-30.37,25.4,2.8,ml,guc
2004-05-27,06:56:58,-70.88,-31.02,82.5,3.5,md,guc
2004-05-28,19:47:08,-68.68,-21.38,124.2,0.0,,us
2004-05-29,13:30:57,-68.89,-20.45,102.6,5.1,mwc,hrv
2004-05-30,10:01:03,-76.55,-14.03,55.1,4.0,mb,us
2004-05-30,16:43:58,-70.55,-17.24,108.9,5.5,mwc,hrv
2004-06-01,09:49:24,-69.92,-19.74,44.8,4.7,mb,us
2004-06-01,11:57:42,-66.62,-23.07,193.5,4.5,mb,us
2004-06-01,17:04:55,-68.03,-32.07,38.0,5.1,mwc,hrv
2004-06-02,10:24:55,-75.1,-15.99,42.2,0.0,,us
2004-06-03,15:53:37,-66.17,-22.5,248.4,4.3,mb,us
2004-06-03,16:36:23,-66.73,-19.52,251.3,4.2,mb,us
2004-06-04,01:47:21,-66.7,-31.7,122.6,0.0,,us
2004-06-04,17:26:56,-71.73,-30.91,19.3,4.5,ml,guc
2004-06-05,02:17:27,-107.23,-27.01,10.0,3.9,mb,us
2004-06-05,06:06:47,-71.12,-29.54,49.1,0.0,,us
2004-06-05,07:08:34,-68.68,-31.59,150.0,3.2,md,guc
2004-06-05,07:17:46,-69.84,-16.72,166.9,4.1,mb,us
2004-06-05,08:07:34,-71.52,-35.87,90.0,0.0,,us
2004-06-05,09:01:34,-74.23,-37.44,25.0,4.5,mb,us
2004-06-05,10:23:49,-71.72,-32.76,26.3,2.6,ml,guc
2004-06-05,16:27:27,-68.94,-21.27,111.6,4.4,mb,us
2004-06-05,17:00:45,-71.73,-30.71,16.2,3.0,ml,guc
2004-06-05,20:57:10,-72.28,-33.4,4.8,2.5,ml,guc
2004-06-05,21:09:02,-70.26,-33.15,2.2,2.6,ml,guc
2004-06-05,21:10:06,-70.25,-33.15,6.0,2.2,ml,guc
2004-06-05,21:20:06,-71.85,-32.23,21.8,3.5,ml,guc
2004-06-06,01:54:02,-70.07,-33.66,3.3,2.3,ml,guc
2004-06-06,09:03:12,-71.71,-31.38,15.5,2.7,ml,guc
2004-06-06,10:01:09,-71.16,-35.06,97.8,2.6,md,guc
2004-06-06,15:33:03,-69.81,-31.86,137.9,2.6,md,guc
2004-06-06,15:38:19,-71.23,-36.06,132.0,3.5,md,guc
2004-06-06,17:42:11,-71.58,-24.42,22.4,4.2,mb,us
2004-06-06,23:15:23,-66.71,-24.07,192.8,3.6,mb,us
2004-06-06,23:17:22,-68.48,-31.1,150.0,3.3,md,guc
2004-06-06,23:20:10,-70.04,-32.62,112.4,2.4,md,guc
2004-06-07,01:30:17,-67.27,-21.1,194.4,3.5,mb,us
2004-06-07,02:56:40,-69.84,-31.03,142.3,3.4,md,guc
2004-06-07,03:17:40,-72.65,-36.31,40.0,3.4,md,guc
2004-06-07,06:35:36,-71.46,-33.94,44.6,0.0,,us
2004-06-07,07:21:34,-68.42,-21.14,125.9,3.8,md,guc
2004-06-07,07:36:14,-75.6,-15.84,29.3,0.0,,us
2004-06-07,08:53:02,-66.75,-24.08,194.4,0.0,,us
2004-06-07,11:08:47,-66.83,-21.39,213.7,4.6,mb,us
2004-06-07,11:18:32,-71.76,-35.97,97.6,0.0,,us
2004-06-07,15:50:41,-71.48,-27.72,23.4,4.1,ml,guc
2004-06-07,18:43:02,-70.87,-31.88,85.8,3.0,md,guc
2004-06-07,22:19:01,-70.66,-25.0,46.1,4.1,mb,us
2004-06-08,00:57:45,-70.06,-34.15,6.4,1.6,ml,guc
2004-06-08,05:33:13,-71.21,-35.19,109.0,3.5,md,guc
2004-06-08,08:29:22,-71.34,-31.0,59.2,3.3,md,guc
2004-06-08,14:16:30,-68.36,-31.86,150.0,3.4,md,guc
2004-06-08,20:21:32,-71.78,-31.1,20.4,3.7,ml,guc
2004-06-08,21:13:11,-70.68,-34.09,97.9,2.2,md,guc
2004-06-08,21:18:11,-70.23,-33.16,8.2,2.1,ml,guc
2004-06-08,23:01:52,-73.3,-36.58,40.7,4.1,md,guc
2004-06-09,01:42:10,-69.04,-31.21,145.0,3.4,md,guc
2004-06-09,03:36:00,-71.68,-30.76,26.4,3.6,ml,guc
2004-06-09,04:02:38,-72.98,-36.31,38.5,4.1,md,guc
2004-06-09,08:49:48,-69.27,-31.22,150.0,0.0,,us
2004-06-09,18:36:17,-67.54,-20.89,198.6,4.1,mb,us
2004-06-09,20:59:15,-71.44,-32.54,60.7,2.0,md,guc
2004-06-09,21:12:33,-72.07,-31.75,30.6,2.9,ml,guc
2004-06-10,08:34:09,-69.21,-30.63,10.0,3.3,ml,guc
2004-06-10,13:06:29,-70.35,-33.71,105.3,2.2,md,guc
2004-06-10,13:49:35,-70.04,-32.65,123.7,2.6,md,guc
2004-06-11,04:53:23,-69.65,-28.0,124.4,0.0,,us
2004-06-11,05:49:52,-70.74,-33.46,76.3,2.2,md,guc
2004-06-11,07:09:22,-90.92,-27.97,10.0,5.0,mwc,hrv
2004-06-11,10:01:50,-68.31,-21.42,119.3,0.0,,us
2004-06-11,12:25:04,-106.42,-35.24,10.0,5.4,mwc,hrv
2004-06-11,20:45:38,-72.89,-33.32,26.4,3.0,ml,guc
2004-06-12,12:21:55,-71.3,-30.99,60.9,0.0,,us
2004-06-12,14:30:51,-72.43,-16.0,32.0,4.1,mb,us
2004-06-12,18:45:26,-71.85,-31.26,25.4,4.0,ml,guc
2004-06-12,19:33:36,-70.04,-34.1,5.2,2.8,ml,guc
2004-06-13,00:19:06,-70.33,-34.08,5.7,1.7,ml,guc
2004-06-13,00:30:19,-71.72,-32.5,28.3,3.2,ml,guc
2004-06-13,00:49:43,-76.12,-8.78,45.1,4.0,mb,us
2004-06-13,01:05:08,-71.99,-33.64,8.6,2.3,ml,guc
2004-06-13,01:23:50,-71.78,-32.92,17.0,2.4,ml,guc
2004-06-13,01:30:55,-70.33,-28.39,85.0,0.0,,us
2004-06-13,04:09:14,-70.82,-33.3,73.1,2.1,md,guc
2004-06-13,05:45:40,-71.89,-32.56,30.7,4.8,mb,us
2004-06-13,06:54:40,-66.16,-22.66,246.5,3.6,mb,us
2004-06-13,13:43:26,-70.53,-34.08,92.3,2.9,md,guc
2004-06-13,17:21:13,-76.57,-10.8,10.0,4.0,mb,us
2004-06-13,19:45:56,-71.3,-31.42,81.9,2.6,md,guc
2004-06-13,21:20:19,-70.57,-33.7,101.7,1.8,md,guc
2004-06-14,03:02:49,-67.53,-23.93,192.7,3.5,mb,us
2004-06-14,13:17:35,-69.66,-31.59,148.5,3.6,md,guc
2004-06-14,13:59:37,-69.12,-31.08,107.3,3.9,md,guc
2004-06-14,16:20:04,-71.09,-31.9,60.3,2.4,md,guc
2004-06-14,16:44:40,-69.67,-33.18,0.0,2.1,ml,guc
2004-06-14,18:03:49,-70.32,-33.17,9.5,2.0,ml,guc
2004-06-15,05:59:05,-70.6,-33.44,88.9,3.1,md,guc
2004-06-15,07:20:39,-70.24,-33.07,112.1,2.7,md,guc
2004-06-15,11:16:32,-73.16,-38.85,37.8,6.1,mwb,us
2004-06-15,15:16:49,-72.05,-33.97,35.8,3.3,md,guc
2004-06-15,15:51:05,-70.31,-33.75,103.4,2.2,md,guc
2004-06-15,17:45:40,-70.28,-33.14,7.4,2.1,ml,guc
2004-06-15,18:47:14,-72.03,-34.66,18.0,2.4,ml,guc
2004-06-16,03:43:30,-72.18,-30.37,34.4,3.7,ml,guc
2004-06-16,06:08:25,-68.3,-29.45,150.0,4.0,md,guc
2004-06-16,07:54:08,-71.63,-32.59,34.2,2.6,ml,guc
2004-06-16,08:11:42,-72.01,-34.01,7.9,0.0,,us
2004-06-16,10:56:41,-67.73,-21.29,154.2,0.0,,us
2004-06-16,11:23:20,-73.16,-38.66,26.2,3.7,ml,guc
2004-06-16,13:59:56,-71.49,-33.33,44.3,2.5,md,guc
2004-06-16,17:07:09,-66.14,-22.69,250.9,0.0,,us
2004-06-16,17:53:36,-71.33,-35.44,124.7,2.6,md,guc
2004-06-16,19:47:42,-72.0,-33.77,5.1,1.9,ml,guc
2004-06-16,22:16:00,-70.68,-33.78,101.3,2.4,md,guc
2004-06-16,22:54:33,-68.36,-31.15,146.0,3.6,md,guc
2004-06-16,22:56:14,-70.3,-33.58,13.9,2.5,ml,guc
2004-06-16,23:23:20,-70.45,-31.81,122.9,2.8,md,guc
2004-06-17,01:16:01,-68.37,-21.25,115.4,5.7,mwb,us
2004-06-17,03:15:51,-69.97,-31.77,121.2,4.8,mb,us
2004-06-17,07:43:41,-66.61,-23.92,202.9,4.3,mb,us
2004-06-17,09:39:28,-71.19,-31.94,64.5,3.1,md,guc
2004-06-17,15:57:16,-70.02,-34.25,3.5,3.1,ml,guc
2004-06-17,17:20:13,-71.88,-32.24,27.7,2.7,ml,guc
2004-06-17,23:58:26,-71.78,-32.61,10.4,2.4,ml,guc
2004-06-18,06:04:50,-71.88,-29.65,36.6,0.0,,us
2004-06-18,18:05:59,-70.28,-33.16,2.0,2.1,ml,guc
2004-06-18,21:02:34,-70.22,-33.18,7.3,2.1,ml,guc
2004-06-18,21:18:17,-71.64,-30.88,10.7,3.1,ml,guc
2004-06-18,21:59:10,-71.67,-32.22,15.1,2.9,ml,guc
2004-06-19,00:48:38,-67.84,-31.2,5.0,4.0,ml,guc
2004-06-19,07:27:34,-71.44,-32.15,43.9,3.5,md,guc
2004-06-19,09:04:07,-68.24,-32.0,145.0,3.5,md,guc
2004-06-19,09:56:32,-70.54,-35.02,126.5,2.4,md,guc
2004-06-19,12:12:01,-67.33,-21.99,189.7,4.8,mb,us
2004-06-19,15:53:28,-70.11,-31.61,131.7,2.9,md,guc
2004-06-20,09:35:30,-68.47,-28.68,98.1,0.0,,us
2004-06-20,09:42:36,-71.69,-31.3,21.5,4.0,ml,guc
2004-06-20,09:45:27,-70.99,-31.95,76.5,3.7,md,guc
2004-06-20,13:17:13,-71.99,-32.63,12.7,4.4,ml,guc
2004-06-20,15:36:56,-71.61,-15.4,148.9,4.0,mb,us
2004-06-20,21:23:45,-71.66,-31.38,8.8,2.4,ml,guc
2004-06-21,05:40:26,-70.84,-28.18,66.5,0.0,,us
2004-06-21,08:55:24,-69.99,-32.56,117.8,3.6,md,guc
2004-06-21,15:01:18,-70.69,-33.91,98.3,3.1,md,guc
2004-06-21,15:27:29,-73.96,-41.94,17.5,4.5,ml,guc
2004-06-21,18:05:40,-71.82,-32.82,27.2,2.0,ml,guc
2004-06-22,00:46:51,-70.1,-34.01,12.9,2.0,ml,guc
2004-06-22,07:54:59,-67.69,-31.02,140.0,0.0,,us
2004-06-22,08:18:45,-71.72,-32.24,28.0,2.6,ml,guc
2004-06-22,10:34:35,-70.09,-31.68,137.1,3.4,md,guc
2004-06-22,16:10:46,-70.25,-31.8,119.0,2.5,md,guc
2004-06-22,16:27:27,-71.4,-30.9,58.7,3.1,md,guc
2004-06-22,19:53:38,-67.04,-24.17,167.8,3.9,md,guc
2004-06-22,20:52:25,-68.57,-21.71,128.6,0.0,,us
2004-06-22,21:40:15,-71.42,-35.24,92.2,2.9,md,guc
2004-06-22,23:10:15,-71.74,-33.29,28.8,4.2,ml,guc
2004-06-23,08:48:28,-69.05,-19.47,108.6,5.2,mwc,hrv
2004-06-23,10:13:57,-69.22,-19.52,105.4,4.6,mb,us
2004-06-23,17:20:07,-68.4,-30.94,199.7,3.4,md,guc
2004-06-23,17:53:10,-70.26,-33.15,0.1,2.1,ml,guc
2004-06-23,17:53:56,-70.26,-33.15,1.8,2.0,ml,guc
2004-06-23,18:08:07,-70.59,-33.82,88.0,3.9,md,guc
2004-06-23,21:14:44,-69.09,-32.97,11.0,2.5,ml,guc
2004-06-23,23:27:05,-71.19,-18.36,56.8,4.4,mb,us
2004-06-24,00:56:22,-70.6,-33.61,25.2,2.1,ml,guc
2004-06-24,01:04:59,-70.78,-33.57,78.3,2.5,md,guc
2004-06-24,02:15:11,-72.01,-33.86,36.5,3.4,md,guc
2004-06-24,08:10:07,-111.76,-23.74,10.0,4.3,mb,us
2004-06-24,09:50:55,-85.5,-41.34,10.0,4.6,mb,us
2004-06-24,10:22:48,-71.03,-18.25,27.7,4.9,mb,us
2004-06-24,11:13:28,-113.02,-23.87,10.0,4.4,mb,us
2004-06-24,11:21:52,-70.37,-33.38,100.3,3.3,md,guc
2004-06-24,13:13:39,-70.32,-22.0,47.3,4.5,mb,us
2004-06-24,17:10:29,-71.82,-32.82,35.6,2.7,md,guc
2004-06-25,02:11:28,-71.34,-28.74,43.9,4.3,md,guc
2004-06-25,09:46:07,-71.74,-32.09,15.0,3.0,ml,guc
2004-06-25,19:20:37,-70.06,-32.2,126.7,2.6,md,guc
2004-06-25,21:32:31,-70.25,-33.14,1.0,2.4,ml,guc
2004-06-25,21:40:24,-70.73,-33.16,75.9,2.4,md,guc
2004-06-25,21:59:10,-67.48,-21.41,182.5,0.0,,us
2004-06-25,22:05:01,-71.59,-32.26,58.3,2.8,md,guc
2004-06-26,01:08:07,-71.6,-28.19,50.0,4.2,md,guc
2004-06-26,02:07:16,-69.6,-29.14,113.1,0.0,,us
2004-06-26,07:57:14,-68.65,-31.58,150.0,3.4,md,guc
2004-06-26,11:41:14,-71.84,-35.04,68.8,3.4,md,guc
2004-06-26,15:27:26,-71.36,-27.72,50.0,3.8,md,guc
2004-06-26,17:59:12,-70.27,-33.14,3.1,2.2,ml,guc
2004-06-26,18:22:00,-68.61,-21.3,116.2,3.5,mb,us
2004-06-26,19:28:12,-72.24,-34.05,10.0,0.0,,us
2004-06-26,19:40:53,-72.13,-34.13,4.0,2.4,ml,guc
2004-06-27,00:16:47,-71.85,-32.69,15.0,2.5,ml,guc
2004-06-27,03:56:22,-71.43,-32.34,43.4,4.4,mb,us
2004-06-27,04:09:22,-68.19,-21.8,109.4,0.0,,us
2004-06-27,09:18:21,-71.42,-32.32,44.1,4.1,md,guc
2004-06-27,12:11:36,-71.42,-30.79,39.7,4.0,md,guc
2004-06-27,13:39:35,-69.92,-30.94,145.3,3.3,md,guc
2004-06-27,16:52:08,-71.74,-32.57,14.6,2.4,ml,guc
2004-06-27,16:58:26,-69.73,-32.27,130.3,2.6,md,guc
2004-06-27,20:59:34,-72.28,-34.69,27.9,2.9,ml,guc
2004-06-27,21:17:52,-70.17,-31.15,124.3,2.9,md,guc
2004-06-28,05:42:40,-71.69,-30.83,33.7,3.2,ml,guc
2004-06-28,10:31:28,-71.01,-33.17,64.9,2.1,md,guc
2004-06-28,11:51:43,-70.04,-33.73,5.4,2.9,ml,guc
2004-06-28,18:08:46,-72.29,-34.0,28.3,4.8,mb,us
2004-06-28,18:56:41,-70.17,-33.46,0.0,2.0,ml,guc
2004-06-28,19:26:46,-71.13,-34.99,88.7,2.4,md,guc
2004-06-29,02:26:05,-71.86,-36.84,91.3,3.9,md,guc
2004-06-29,03:04:06,-69.36,-26.59,7.3,4.2,ml,guc
2004-06-29,03:22:16,-74.2,-37.51,38.9,0.0,,us
2004-06-29,06:17:15,-67.47,-29.23,130.0,4.1,mb,us
2004-06-29,06:39:58,-70.65,-34.4,11.9,2.0,ml,guc
2004-06-29,09:31:51,-70.5,-32.18,103.4,3.3,md,guc
2004-06-29,12:29:37,-68.41,-31.7,150.0,3.6,md,guc
2004-06-29,16:08:38,-71.53,-32.76,21.9,4.3,ml,guc
2004-06-29,21:31:44,-70.28,-33.16,5.6,2.3,ml,guc
2004-06-29,22:28:28,-70.26,-33.13,1.0,2.4,ml,guc
2004-06-29,22:59:03,-71.11,-32.22,59.2,3.5,md,guc
2004-06-30,05:34:35,-68.55,-20.14,101.1,3.7,mb,us
2004-06-30,06:08:40,-69.34,-15.6,259.4,4.0,mb,us
2004-06-30,06:17:23,-71.52,-32.63,28.0,2.3,ml,guc
2004-06-30,06:26:32,-71.48,-31.97,36.6,4.0,md,guc
2004-06-30,18:20:43,-71.23,-31.93,80.2,2.3,md,guc
2004-07-01,08:53:40,-72.07,-35.9,74.1,3.5,md,guc
2004-07-01,11:46:21,-69.49,-31.48,150.1,3.5,md,guc
2004-07-01,13:08:22,-71.58,-31.95,18.2,3.0,ml,guc
2004-07-01,15:36:17,-71.73,-32.52,25.4,2.5,ml,guc
2004-07-01,16:44:06,-71.11,-18.41,45.1,4.6,mb,us
2004-07-01,18:15:37,-71.47,-32.52,23.7,3.0,ml,guc
2004-07-02,02:10:24,-70.11,-28.3,85.0,3.5,md,guc
2004-07-02,06:29:58,-68.46,-32.89,95.0,3.6,md,guc
2004-07-02,07:54:23,-70.97,-32.1,92.0,3.0,md,guc
2004-07-02,12:10:31,-71.01,-28.16,40.1,4.5,mb,us
2004-07-02,16:21:47,-69.9,-31.84,152.0,3.1,md,guc
2004-07-02,18:04:12,-70.04,-32.61,109.7,2.9,md,guc
2004-07-02,19:11:46,-70.44,-31.8,116.9,2.5,md,guc
2004-07-02,19:14:15,-71.74,-33.17,15.0,2.9,md,guc
2004-07-03,01:38:44,-72.14,-33.08,10.4,3.1,ml,guc
2004-07-03,01:51:22,-72.18,-33.08,15.0,4.0,ml,guc
2004-07-03,02:26:44,-72.13,-33.07,9.9,2.9,ml,guc
2004-07-03,02:45:40,-72.14,-33.07,14.1,2.8,ml,guc
2004-07-03,03:02:05,-73.97,-11.14,114.2,3.9,mb,us
2004-07-03,03:36:41,-72.14,-33.08,12.7,2.7,ml,guc
2004-07-03,05:30:36,-71.22,-35.21,105.3,3.0,md,guc
2004-07-03,09:41:10,-71.04,-28.81,56.7,0.0,,us
2004-07-03,10:59:37,-66.69,-23.85,201.1,3.9,mb,us
2004-07-03,19:37:16,-69.74,-28.88,108.1,0.0,,us
2004-07-03,21:04:21,-72.12,-33.11,2.6,2.9,md,guc
2004-07-03,22:14:19,-70.77,-28.93,8.4,3.4,ml,guc
2004-07-03,23:41:24,-71.57,-32.39,46.9,3.2,md,guc
2004-07-04,00:15:46,-72.12,-33.06,15.0,3.4,ml,guc
2004-07-04,00:40:50,-69.98,-17.53,134.1,3.9,mb,us
2004-07-04,02:06:06,-70.72,-34.22,84.8,3.5,md,guc
2004-07-04,05:03:06,-73.7,-41.47,43.8,4.7,mb,us
2004-07-04,06:37:54,-71.76,-30.77,26.1,3.7,ml,guc
2004-07-04,09:44:30,-71.33,-30.3,39.9,3.3,md,guc
2004-07-04,10:56:57,-71.48,-32.74,23.9,2.5,ml,guc
2004-07-04,18:58:27,-67.62,-31.42,35.8,3.9,mb,us
2004-07-05,00:41:23,-71.78,-15.63,151.8,3.7,mb,us
2004-07-05,03:02:58,-70.48,-31.33,107.0,3.2,md,guc
2004-07-05,04:29:47,-68.99,-32.01,1.2,3.2,ml,guc
2004-07-05,05:48:28,-69.83,-31.87,138.9,3.5,md,guc
2004-07-05,06:18:45,-71.32,-32.53,49.1,3.6,md,guc
2004-07-05,07:50:06,-70.05,-32.77,104.6,2.7,md,guc
2004-07-05,11:53:36,-76.31,-7.84,143.5,0.0,,us
2004-07-05,15:23:41,-70.08,-33.06,107.4,3.4,md,guc
2004-07-05,15:28:43,-66.64,-20.95,230.7,3.9,mb,us
2004-07-05,20:07:38,-68.56,-31.31,98.7,4.4,mb,us
2004-07-06,02:29:59,-71.12,-32.68,63.0,3.0,md,guc
2004-07-06,05:49:05,-71.97,-31.68,28.6,3.2,ml,guc
2004-07-06,07:33:31,-71.16,-31.84,77.4,3.4,md,guc
2004-07-06,08:35:35,-69.64,-31.46,145.4,3.6,md,guc
2004-07-06,08:46:38,-69.96,-32.09,137.1,2.9,md,guc
2004-07-06,09:50:30,-66.97,-21.52,221.4,0.0,,us
2004-07-06,11:43:11,-69.24,-15.37,294.0,4.2,mb,us
2004-07-06,12:21:22,-66.39,-21.89,239.3,4.4,mb,us
2004-07-06,12:55:30,-71.65,-32.44,58.9,4.0,mb,us
2004-07-06,14:27:08,-68.75,-31.15,150.0,3.4,md,guc
2004-07-06,17:26:00,-69.36,-19.02,119.6,0.0,,us
2004-07-06,18:29:36,-71.09,-33.92,63.0,3.1,md,guc
2004-07-06,19:05:52,-73.29,-16.59,81.3,0.0,,us
2004-07-06,20:26:33,-65.85,-21.98,260.9,0.0,,us
2004-07-06,21:19:28,-71.09,-32.65,2.5,3.0,md,guc
2004-07-07,03:20:56,-69.46,-27.48,115.8,4.1,mb,us
2004-07-07,16:04:05,-71.64,-30.91,24.9,3.6,ml,guc
2004-07-07,16:13:45,-67.27,-21.11,194.7,0.0,,us
2004-07-07,16:31:00,-67.82,-23.02,246.3,0.0,,us
2004-07-07,17:25:53,-72.02,-34.12,37.6,3.1,md,guc
2004-07-07,21:45:15,-72.17,-33.12,37.0,2.8,md,guc
2004-07-07,21:47:40,-71.27,-29.5,47.1,3.3,md,guc
2004-07-07,22:25:07,-71.12,-34.15,65.7,3.0,md,guc
2004-07-08,04:15:50,-71.24,-31.68,60.7,3.0,md,guc
2004-07-08,07:19:27,-69.5,-31.84,158.0,3.0,md,guc
2004-07-08,09:48:02,-112.34,-19.18,10.0,4.7,mb,us
2004-07-08,17:22:56,-116.1,-24.81,10.0,4.7,mb,us
2004-07-08,17:33:39,-116.17,-25.08,10.0,5.7,mwb,us
2004-07-08,17:42:22,-66.84,-28.04,172.3,4.5,mb,us
2004-07-08,19:54:34,-115.96,-25.06,10.0,6.0,mwb,us
2004-07-08,20:20:56,-70.07,-27.26,82.1,4.9,mb,us
2004-07-08,21:06:02,-68.94,-33.54,10.0,2.7,ml,guc
2004-07-09,00:08:54,-71.08,-31.9,91.1,3.2,md,guc
2004-07-09,00:18:54,-71.39,-28.84,40.7,3.9,md,guc
2004-07-09,03:39:31,-113.69,-26.85,10.0,5.3,mwc,hrv
2004-07-09,04:17:47,-113.23,-27.14,10.0,0.0,,us
2004-07-09,04:34:45,-113.74,-26.7,10.0,4.7,mb,us
2004-07-09,04:39:00,-113.9,-27.38,10.0,4.5,mb,us
2004-07-09,04:42:06,-114.18,-27.34,10.0,0.0,,us
2004-07-09,06:31:45,-87.75,-41.19,10.0,4.5,mb,us
2004-07-09,14:07:56,-70.75,-13.32,40.6,0.0,,us
2004-07-09,18:50:57,-113.7,-26.84,10.0,5.2,mwc,hrv
2004-07-09,19:18:00,-72.36,-33.84,39.9,2.9,md,guc
2004-07-09,19:51:49,-113.58,-26.95,10.0,5.0,mwc,hrv
2004-07-09,21:01:54,-70.69,-28.73,45.0,0.0,,us
2004-07-09,22:16:42,-113.69,-26.89,10.0,5.3,mwc,hrv
2004-07-10,00:05:09,-111.56,-34.58,10.0,4.6,mb,us
2004-07-10,01:41:39,-113.79,-26.92,10.0,4.6,mb,us
2004-07-10,06:13:50,-116.23,-24.53,10.0,3.8,mb,us
2004-07-10,07:47:25,-71.93,-36.25,82.5,0.0,,us
2004-07-10,09:00:43,-71.66,-31.37,43.6,3.3,md,guc
2004-07-10,10:01:36,-70.86,-27.81,42.8,0.0,,us
2004-07-10,10:10:40,-113.76,-27.01,10.0,4.8,mb,us
2004-07-10,10:47:33,-114.13,-26.89,10.0,4.7,mb,us
2004-07-10,11:00:42,-93.68,-38.09,10.0,4.7,mb,us
2004-07-10,12:17:01,-93.68,-38.3,10.0,4.7,mb,us
2004-07-10,18:31:15,-93.55,-38.23,10.0,0.0,,us
2004-07-10,21:11:55,-70.24,-33.14,8.2,2.7,ml,guc
2004-07-10,21:21:27,-70.25,-33.15,5.1,2.5,ml,guc
2004-07-10,23:12:42,-69.32,-19.74,102.3,4.2,mb,us
2004-07-11,12:22:10,-71.22,-30.81,63.4,3.7,md,guc
2004-07-11,16:57:30,-116.29,-24.69,10.0,0.0,,us
2004-07-11,20:00:14,-68.68,-31.43,110.5,3.7,md,guc
2004-07-12,00:05:55,-76.82,-12.47,64.8,0.0,,us
2004-07-12,04:42:56,-70.68,-25.9,46.7,0.0,,us
2004-07-12,06:52:15,-69.34,-32.01,136.7,3.6,md,guc
2004-07-12,14:07:59,-69.77,-26.43,145.0,0.0,,us
2004-07-12,14:39:56,-70.3,-34.88,4.5,3.9,ml,guc
2004-07-12,19:26:51,-70.09,-30.89,114.4,4.1,md,guc
2004-07-12,19:37:12,-68.44,-20.24,138.5,4.0,mb,us
2004-07-12,22:09:12,-70.25,-33.17,4.3,2.7,ml,guc
2004-07-13,11:43:07,-71.54,-30.77,44.8,4.1,md,guc
2004-07-13,20:07:50,-97.04,-36.27,10.0,4.4,mb,us
2004-07-13,22:25:37,-66.28,-23.29,137.5,0.0,,us
2004-07-13,23:34:37,-69.89,-31.86,113.6,2.8,md,guc
2004-07-14,15:04:13,-69.92,-22.06,84.2,4.1,mb,us
2004-07-14,16:39:31,-71.69,-30.89,15.0,3.4,ml,guc
2004-07-14,17:34:24,-71.22,-30.88,57.4,0.0,,us
2004-07-15,04:13:02,-71.35,-30.02,53.2,3.8,md,guc
2004-07-15,06:47:25,-69.26,-31.44,10.0,0.0,,us
2004-07-15,07:28:04,-68.49,-21.32,111.0,4.5,mb,us
2004-07-15,12:05:54,-68.74,-31.35,150.0,3.9,md,sja
2004-07-15,14:04:34,-72.43,-32.71,40.6,4.0,md,guc
2004-07-15,14:26:43,-74.69,-15.87,36.9,4.4,mb,us
2004-07-15,19:44:19,-71.11,-34.95,90.9,3.3,md,guc
2004-07-15,20:27:54,-70.23,-31.96,119.4,2.9,md,guc
2004-07-15,22:14:21,-70.27,-33.14,7.5,2.5,ml,guc
2004-07-16,01:56:46,-71.58,-30.44,34.5,3.7,ml,guc
2004-07-16,08:37:43,-71.12,-34.93,99.2,2.6,md,guc
2004-07-16,09:28:25,-71.59,-30.44,33.9,4.2,ml,guc
2004-07-16,10:04:17,-67.0,-24.09,173.0,0.0,,us
2004-07-17,03:49:46,-67.34,-24.23,190.0,3.7,mb,us
2004-07-17,05:40:07,-70.76,-32.8,79.0,2.5,md,guc
2004-07-17,13:38:56,-70.96,-28.48,43.4,3.7,md,guc
2004-07-17,14:11:08,-71.7,-32.5,28.0,2.6,ml,guc
2004-07-17,18:17:05,-74.16,-8.43,163.5,4.0,mb,us
2004-07-17,19:43:09,-71.79,-27.17,25.0,4.8,mb,us
2004-07-17,21:42:40,-70.27,-33.14,5.1,2.6,ml,guc
2004-07-17,23:04:55,-70.95,-27.53,39.9,3.6,md,guc
2004-07-18,01:56:24,-72.02,-33.22,40.8,3.6,md,guc
2004-07-18,05:45:37,-70.41,-32.02,125.8,3.0,md,guc
2004-07-18,07:32:03,-69.05,-31.24,110.1,4.9,mb,us
2004-07-18,12:13:22,-69.03,-32.62,150.0,0.0,,us
2004-07-18,17:52:52,-70.26,-33.15,3.0,2.6,ml,guc
2004-07-18,22:39:10,-69.55,-21.16,98.5,4.0,mb,us
2004-07-19,00:05:38,-97.14,-36.35,10.0,4.5,mb,us
2004-07-19,02:44:38,-69.55,-28.26,105.0,3.6,md,guc
2004-07-19,02:51:42,-68.35,-31.84,115.0,3.7,md,guc
2004-07-19,02:57:30,-63.3,-17.81,17.0,4.7,mb,us
2004-07-19,03:31:51,-70.28,-34.43,123.6,2.7,md,guc
2004-07-19,05:35:00,-69.61,-31.72,135.6,3.4,md,guc
2004-07-19,07:29:19,-71.48,-35.88,89.8,3.3,md,guc
2004-07-19,09:08:32,-69.44,-32.2,120.0,3.1,md,guc
2004-07-19,11:51:38,-71.78,-32.67,6.4,0.0,,us
2004-07-19,21:40:23,-71.16,-32.46,57.9,3.2,md,guc
2004-07-20,04:48:09,-71.03,-34.43,72.8,2.6,md,guc
2004-07-20,05:46:54,-71.0,-32.27,81.6,2.5,md,guc
2004-07-20,06:43:45,-70.49,-32.17,95.8,3.5,md,guc
2004-07-20,07:04:18,-70.94,-34.41,98.6,2.5,md,guc
2004-07-20,07:11:53,-69.29,-31.78,44.4,4.7,mb,us
2004-07-20,09:44:42,-69.38,-26.33,125.0,4.2,mb,us
2004-07-20,13:34:27,-71.48,-32.18,47.7,4.6,mb,us
2004-07-20,21:23:17,-69.93,-32.01,135.9,3.2,md,guc
2004-07-20,22:40:35,-72.36,-34.6,28.9,2.9,ml,guc
2004-07-21,05:38:15,-71.47,-32.61,42.4,3.4,md,guc
2004-07-21,07:35:33,-70.6,-17.16,100.8,4.6,mb,us
2004-07-21,10:16:04,-71.81,-31.34,9.1,3.2,ml,guc
2004-07-21,11:38:08,-72.16,-32.93,9.8,3.6,ml,guc
2004-07-21,12:04:18,-71.65,-31.71,37.2,0.0,,us
2004-07-21,18:46:48,-71.21,-29.16,38.5,0.0,,us
2004-07-21,20:00:55,-68.37,-21.88,116.5,3.8,mb,us
2004-07-22,00:55:01,-71.55,-30.87,41.0,0.0,,us
2004-07-22,01:32:03,-71.82,-32.62,23.4,4.3,mb,us
2004-07-22,07:37:50,-70.98,-33.84,69.0,2.5,md,guc
2004-07-22,12:07:06,-71.0,-34.48,81.9,2.5,md,guc
2004-07-22,16:14:13,-69.64,-33.18,152.8,2.5,md,guc
2004-07-23,00:53:20,-71.48,-29.0,45.2,3.8,md,guc
2004-07-23,03:37:42,-73.98,-16.82,14.9,0.0,,us
2004-07-23,06:35:08,-69.77,-31.55,107.0,3.4,md,guc
2004-07-23,11:24:35,-72.06,-31.79,6.4,3.5,ml,guc
2004-07-23,11:30:14,-68.31,-21.66,108.5,3.9,mb,us
2004-07-23,12:13:26,-70.28,-18.28,114.0,4.6,mb,us
2004-07-23,15:10:16,-69.81,-31.81,134.2,2.7,md,guc
2004-07-23,22:11:36,-69.55,-31.51,142.7,2.8,md,guc
2004-07-24,04:07:07,-70.2,-31.73,127.9,3.5,md,guc
2004-07-24,05:17:13,-71.61,-32.48,51.6,3.9,md,guc
2004-07-24,12:10:16,-71.69,-32.61,27.9,2.7,ml,guc
2004-07-24,12:40:35,-68.4,-22.1,117.2,3.9,mb,us
2004-07-24,14:53:56,-70.88,-34.83,98.1,2.6,md,guc
2004-07-25,00:23:54,-70.5,-20.04,40.6,4.6,mb,us
2004-07-25,02:47:56,-69.03,-31.54,150.0,3.3,md,guc
2004-07-25,14:01:10,-69.11,-17.63,156.2,5.4,mwc,hrv
2004-07-25,17:54:07,-70.52,-20.11,51.2,4.3,mb,us
2004-07-25,22:01:00,-71.32,-30.67,56.7,0.0,,us
2004-07-25,23:36:32,-71.53,-35.83,103.4,2.9,md,guc
2004-07-26,00:28:16,-72.11,-33.98,28.3,3.5,md,guc
2004-07-26,02:28:24,-69.55,-27.42,120.0,0.0,,us
2004-07-26,06:16:13,-68.68,-22.24,110.7,0.0,,us
2004-07-26,08:56:04,-70.29,-31.96,110.8,3.6,md,guc
2004-07-26,09:57:58,-70.57,-28.56,59.8,3.4,md,guc
2004-07-26,12:44:32,-69.02,-31.19,150.0,3.8,md,guc
2004-07-26,16:24:30,-68.5,-32.01,95.0,0.0,,us
2004-07-26,18:07:50,-67.06,-24.36,165.0,4.7,mb,us
2004-07-26,20:49:09,-71.75,-34.77,42.4,3.3,md,guc
2004-07-27,02:20:38,-71.07,-34.51,70.3,2.5,md,guc
2004-07-27,12:14:06,-68.41,-31.86,150.0,3.7,md,guc
2004-07-27,13:09:13,-70.03,-31.59,131.0,3.9,md,guc
2004-07-27,14:24:46,-78.66,-5.42,65.3,4.6,mb,us
2004-07-27,18:34:20,-71.93,-31.61,47.0,4.0,md,guc
2004-07-27,22:00:58,-63.75,-22.0,546.2,0.0,,us
2004-07-28,06:01:43,-68.6,-22.28,101.2,3.7,mb,us
2004-07-28,08:06:45,-111.75,-13.45,10.0,5.2,mwc,hrv
2004-07-28,12:11:56,-71.07,-34.94,105.8,3.0,md,guc
2004-07-28,20:06:36,-71.08,-28.24,33.1,3.6,ml,guc
2004-07-28,21:42:52,-67.63,-28.48,107.2,4.5,mb,us
2004-07-29,07:23:15,-72.04,-32.96,17.0,2.6,ml,guc
2004-07-29,09:19:47,-66.97,-24.09,179.9,3.9,mb,us
2004-07-29,10:00:20,-78.22,-11.1,51.7,5.1,mwc,hrv
2004-07-29,15:34:51,-70.3,-31.7,125.8,3.6,md,guc
2004-07-29,19:22:13,-70.04,-32.05,119.5,2.6,md,guc
2004-07-29,19:44:29,-71.45,-30.8,46.2,4.8,mb,us
2004-07-30,07:42:27,-71.7,-32.53,25.4,2.5,ml,guc
2004-07-30,08:32:06,-67.59,-17.28,12.8,4.4,mb,us
2004-07-30,10:33:31,-76.61,-12.19,114.5,4.2,mb,us
2004-07-30,12:03:41,-90.24,-41.15,10.0,4.4,mb,us
2004-07-30,13:30:43,-90.62,-40.65,10.0,4.2,mb,us
2004-07-30,16:59:23,-71.64,-31.31,24.1,3.5,ml,guc
2004-07-30,21:59:01,-71.97,-34.22,38.8,3.6,md,guc
2004-07-31,03:47:21,-69.96,-32.18,122.2,3.1,md,guc
2004-07-31,05:38:01,-70.34,-34.06,7.2,2.5,ml,guc
2004-07-31,06:03:39,-70.81,-33.61,73.0,3.3,md,guc
2004-07-31,06:32:27,-68.1,-21.37,93.6,5.1,mwc,hrv
2004-07-31,14:14:12,-70.88,-32.79,73.5,3.0,md,guc
2004-07-31,21:56:03,-70.26,-33.15,0.7,2.5,ml,guc
2004-08-01,13:34:20,-69.7,-16.62,174.4,0.0,,us
2004-08-01,15:01:00,-71.21,-32.76,38.6,3.1,md,guc
2004-08-01,17:57:50,-69.77,-16.71,167.5,0.0,,us
2004-08-01,19:44:48,-112.21,-13.39,10.0,5.8,mwc,hrv
2004-08-01,23:55:50,-72.11,-33.42,40.5,4.1,md,guc
2004-08-02,00:02:53,-72.06,-33.44,39.0,3.9,md,guc
2004-08-02,04:22:01,-71.11,-32.96,54.3,2.8,md,guc
2004-08-02,04:32:51,-68.43,-21.62,118.6,0.0,,us
2004-08-02,09:42:31,-69.54,-26.3,1.2,4.2,mb,us
2004-08-02,14:32:42,-71.72,-32.71,26.2,3.0,ml,guc
2004-08-02,15:23:24,-86.17,-41.27,10.0,4.5,mb,us
2004-08-02,15:35:37,-86.01,-41.44,10.0,4.4,mb,us
2004-08-02,17:09:19,-68.58,-21.22,111.1,4.0,mb,us
2004-08-03,10:06:30,-69.8,-25.3,161.1,3.5,md,guc
2004-08-03,15:16:57,-67.74,-17.24,19.2,4.4,mb,us
2004-08-04,05:58:04,-71.1,-34.6,81.2,3.0,md,guc
2004-08-04,09:20:41,-70.68,-32.9,87.8,2.9,md,guc
2004-08-04,10:17:52,-71.03,-28.57,71.0,0.0,,us
2004-08-04,12:21:14,-70.43,-34.39,111.4,3.5,md,guc
2004-08-04,13:38:27,-71.74,-31.11,26.0,3.5,ml,guc
2004-08-04,17:37:45,-70.86,-35.3,140.9,2.5,md,guc
2004-08-04,21:31:58,-69.53,-18.67,125.9,4.0,mb,us
2004-08-04,22:12:09,-69.92,-26.79,87.2,4.0,md,guc
2004-08-05,00:14:10,-71.44,-28.81,38.9,3.6,md,guc
2004-08-05,00:59:13,-70.16,-33.86,106.2,2.5,md,guc
2004-08-05,01:19:24,-71.27,-30.43,60.1,2.8,md,guc
2004-08-05,04:31:47,-71.1,-33.78,58.0,2.5,md,guc
2004-08-05,09:05:37,-74.29,-38.66,88.0,3.6,mb,us
2004-08-05,09:17:03,-66.96,-24.31,159.8,4.4,mb,us
2004-08-05,13:23:22,-69.84,-18.27,27.9,4.3,mb,us
2004-08-05,14:08:42,-96.34,-37.06,10.0,4.7,mb,us
2004-08-05,16:59:52,-68.38,-22.28,120.0,4.3,mb,us
2004-08-05,18:03:19,-70.22,-33.21,3.9,2.5,ml,guc
2004-08-05,18:38:03,-66.82,-24.11,186.1,3.8,mb,us
2004-08-05,21:29:25,-70.2,-33.32,109.4,2.8,md,guc
2004-08-06,00:20:08,-70.07,-31.98,118.2,2.8,md,guc
2004-08-06,03:59:01,-68.53,-22.62,96.5,0.0,,us
2004-08-06,12:03:23,-71.39,-36.89,35.0,2.9,ml,guc
2004-08-06,13:08:30,-72.32,-31.54,36.7,4.0,md,guc
2004-08-06,16:06:56,-71.81,-30.71,15.1,3.1,ml,guc
2004-08-06,23:23:57,-70.95,-27.86,22.2,4.2,ml,guc
2004-08-07,12:13:32,-70.9,-33.88,77.5,2.5,md,guc
2004-08-07,13:50:09,-66.85,-24.24,177.1,4.6,mb,us
2004-08-07,15:04:02,-67.84,-17.38,3.4,4.2,mb,us
2004-08-07,15:51:29,-74.49,-15.53,68.7,4.5,mb,us
2004-08-07,19:12:09,-71.07,-34.4,70.1,2.8,md,guc
2004-08-08,01:34:49,-69.62,-32.35,150.0,2.9,md,guc
2004-08-08,03:15:17,-99.46,-36.16,10.0,4.5,mb,us
2004-08-08,09:42:39,-69.98,-31.75,126.8,3.0,md,guc
2004-08-08,10:10:02,-69.4,-32.03,114.8,3.3,md,guc
2004-08-08,13:44:41,-73.16,-33.02,26.1,3.3,ml,guc
2004-08-08,19:30:33,-71.88,-32.46,35.3,3.1,ml,guc
2004-08-08,19:52:32,-69.38,-17.82,136.6,4.4,mb,us
2004-08-08,22:32:32,-69.91,-17.91,121.5,3.9,mb,us
2004-08-08,23:14:40,-71.12,-32.16,65.8,3.1,md,guc
2004-08-09,01:12:32,-68.71,-23.57,97.2,4.0,mb,us
2004-08-09,11:39:49,-71.49,-32.01,36.3,2.9,ml,guc
2004-08-09,21:00:23,-70.27,-33.93,112.7,2.8,md,guc
2004-08-09,22:21:10,-72.34,-34.58,30.7,2.7,ml,guc
2004-08-10,01:17:47,-70.84,-27.98,161.2,3.3,md,guc
2004-08-10,03:14:17,-67.48,-24.34,219.6,4.0,md,guc
2004-08-10,04:15:08,-70.67,-27.65,37.6,3.9,md,guc
2004-08-10,04:17:42,-68.44,-31.09,150.0,4.4,mb,us
2004-08-10,08:29:04,-69.82,-18.69,86.2,4.5,mb,us
2004-08-10,12:05:26,-70.99,-31.91,87.9,2.8,md,guc
2004-08-10,15:12:45,-105.8,-35.27,10.0,4.7,mb,us
2004-08-10,17:38:28,-70.01,-32.19,151.3,3.1,md,guc
2004-08-10,19:55:40,-70.91,-32.01,76.6,2.8,md,guc
2004-08-10,19:58:54,-66.74,-18.16,279.9,4.7,mb,us
2004-08-10,21:35:58,-71.64,-30.88,48.4,3.3,md,guc
2004-08-11,03:25:14,-69.25,-18.02,101.8,4.6,mb,us
2004-08-11,05:40:43,-71.16,-32.8,53.9,2.9,md,guc
2004-08-11,07:55:08,-70.88,-19.74,45.5,4.1,mb,us
2004-08-11,11:10:32,-70.46,-34.47,120.5,3.3,md,guc
2004-08-11,15:18:52,-68.98,-20.61,105.2,3.9,mb,us
2004-08-11,16:06:51,-69.85,-33.7,6.4,2.6,ml,guc
2004-08-11,19:41:55,-71.82,-32.14,19.6,3.1,ml,guc
2004-08-11,20:38:25,-70.84,-34.63,112.6,2.6,md,guc
2004-08-11,21:24:28,-71.57,-30.96,25.1,3.2,ml,guc
2004-08-11,23:59:14,-71.32,-31.07,55.9,3.5,md,guc
2004-08-12,02:40:27,-69.54,-29.45,128.1,0.0,,us
2004-08-12,12:44:39,-71.27,-35.2,84.0,2.5,md,guc
2004-08-12,14:11:03,-73.58,-16.13,44.3,5.3,mwc,hrv
2004-08-12,15:12:32,-71.74,-31.12,17.1,3.3,ml,guc
2004-08-12,16:28:02,-70.34,-35.32,13.0,2.7,ml,guc
2004-08-12,16:34:30,-70.61,-34.56,111.8,2.8,md,guc
2004-08-12,23:53:22,-71.46,-32.14,71.0,4.3,mb,us
2004-08-13,05:09:38,-70.2,-31.96,124.2,2.9,md,guc
2004-08-13,13:05:46,-70.92,-35.21,117.3,2.7,md,guc
2004-08-13,23:14:53,-71.49,-30.82,40.6,3.2,md,guc
2004-08-14,00:10:43,-73.45,-36.92,42.7,3.0,md,guc
2004-08-14,00:31:52,-71.25,-34.67,85.9,2.6,md,guc
2004-08-14,02:22:00,-68.32,-31.25,71.0,3.3,md,guc
2004-08-14,04:35:41,-71.22,-32.2,74.8,3.0,md,guc
2004-08-14,08:20:36,-71.76,-32.66,7.2,2.7,ml,guc
2004-08-14,11:16:41,-68.3,-21.66,132.9,4.4,mb,us
2004-08-14,13:06:00,-70.29,-33.32,104.2,2.9,md,guc
2004-08-14,20:37:24,-70.24,-33.13,3.0,2.5,ml,guc
2004-08-15,00:59:46,-71.56,-32.59,15.1,2.7,ml,guc
2004-08-15,02:25:52,-71.56,-32.57,47.0,3.1,md,guc
2004-08-15,02:38:01,-70.49,-33.4,97.2,3.1,md,guc
2004-08-15,09:37:02,-71.62,-31.62,34.3,2.7,ml,guc
2004-08-15,09:59:33,-69.42,-31.82,120.0,2.8,md,guc
2004-08-15,14:37:46,-71.79,-32.5,22.5,3.0,ml,guc
2004-08-15,16:46:03,-71.77,-32.5,23.1,2.9,ml,guc
2004-08-15,17:47:07,-71.99,-36.14,60.0,3.5,md,guc
2004-08-15,21:24:00,-71.21,-33.81,58.8,2.6,md,guc
2004-08-15,23:21:02,-71.32,-30.94,59.2,3.5,md,guc
2004-08-16,06:06:17,-68.24,-20.9,138.5,4.8,mb,us
2004-08-16,08:48:53,-71.41,-29.65,63.8,2.7,md,guc
2004-08-16,19:44:00,-71.46,-33.26,45.0,0.0,,us
2004-08-17,04:46:20,-69.48,-28.26,100.0,3.9,mb,us
2004-08-17,16:08:56,-71.76,-32.69,17.0,2.7,ml,guc
2004-08-17,16:24:33,-79.55,-8.92,52.6,4.6,mb,us
2004-08-17,20:28:33,-71.63,-32.44,27.5,2.6,ml,guc
2004-08-17,21:23:18,-70.66,-27.4,45.2,4.3,mb,us
2004-08-17,21:38:00,-70.23,-33.16,7.4,2.7,ml,guc
2004-08-18,00:49:48,-71.14,-27.62,27.5,4.4,ml,guc
2004-08-18,02:36:28,-74.28,-8.11,152.6,4.2,mb,us
2004-08-18,02:53:52,-66.51,-23.95,198.7,4.2,mb,us
2004-08-18,04:24:15,-69.27,-17.53,162.1,3.7,mb,us
2004-08-18,05:58:03,-73.0,-36.36,29.6,3.4,ml,guc
2004-08-18,10:49:19,-71.19,-27.74,23.1,3.5,ml,guc
2004-08-18,13:20:40,-66.91,-24.2,169.9,4.1,mb,us
2004-08-18,18:47:49,-66.13,-22.66,235.8,4.1,mb,us
2004-08-18,18:52:54,-68.57,-21.94,114.1,4.0,mb,us
2004-08-19,01:22:21,-71.2,-35.34,114.0,0.0,,us
2004-08-19,01:59:59,-70.27,-28.27,69.3,3.8,md,guc
2004-08-19,03:00:51,-71.81,-29.48,43.1,3.9,md,guc
2004-08-19,03:25:46,-71.43,-32.56,19.9,2.9,ml,guc
2004-08-19,03:43:21,-69.37,-31.34,146.0,0.0,,us
2004-08-19,09:59:05,-69.45,-31.2,175.7,3.1,md,guc
2004-08-19,16:28:29,-70.36,-35.01,1.0,2.5,ml,guc
2004-08-19,18:14:21,-66.66,-21.4,207.1,4.4,mb,us
2004-08-19,19:22:36,-71.21,-32.2,75.6,3.2,md,guc
2004-08-20,02:58:16,-72.04,-34.62,15.0,3.8,ml,guc
2004-08-20,09:51:59,-71.61,-32.66,10.2,2.6,ml,guc
2004-08-20,12:57:39,-107.99,-9.0,10.0,4.3,mb,us
2004-08-20,13:08:40,-68.63,-36.06,80.7,4.2,md,guc
2004-08-20,13:17:32,-69.68,-31.5,16.7,2.7,ml,guc
2004-08-20,13:57:19,-71.3,-32.58,33.2,2.8,ml,guc
2004-08-20,23:06:58,-70.12,-33.13,104.6,3.5,md,guc
2004-08-21,11:08:26,-72.98,-32.98,24.8,3.4,ml,guc
2004-08-21,11:11:36,-71.58,-40.34,143.7,4.4,mb,us
2004-08-21,11:54:16,-71.64,-32.69,13.4,2.9,ml,guc
2004-08-21,14:36:44,-71.7,-35.58,63.9,2.7,md,guc
2004-08-22,00:43:47,-69.24,-31.22,149.6,3.7,md,guc
2004-08-22,01:08:39,-68.54,-20.42,121.4,4.0,mb,us
2004-08-22,01:28:17,-69.75,-31.52,154.1,0.0,,us
2004-08-22,06:01:56,-71.01,-32.39,111.1,2.7,md,guc
2004-08-22,14:52:01,-71.12,-40.23,178.5,3.9,mb,us
2004-08-22,17:45:18,-70.22,-33.15,9.0,2.6,ml,guc
2004-08-22,23:05:29,-69.63,-30.93,147.7,3.5,md,guc
2004-08-22,23:57:00,-71.88,-36.12,80.5,3.5,md,guc
2004-08-23,04:28:09,-72.33,-33.81,46.0,4.6,mb,us
2004-08-23,05:15:49,-71.47,-32.21,67.8,3.3,md,guc
2004-08-23,11:43:32,-70.79,-34.78,103.8,4.3,mb,us
2004-08-23,20:13:40,-71.85,-33.3,28.3,3.4,ml,guc
2004-08-23,21:26:13,-66.55,-21.51,214.1,3.9,mb,us
2004-08-23,23:38:24,-70.79,-34.04,95.0,3.2,md,guc
2004-08-24,04:48:00,-72.9,-33.34,35.5,3.6,ml,guc
2004-08-24,05:06:45,-72.34,-33.51,4.9,3.2,ml,guc
2004-08-24,10:29:30,-107.21,-26.78,10.0,4.5,mb,us
2004-08-25,03:10:01,-71.65,-36.02,12.3,3.0,ml,guc
2004-08-25,05:12:50,-68.93,-20.35,93.0,5.1,mwc,hrv
2004-08-25,13:10:34,-70.69,-33.78,89.3,2.9,md,guc
2004-08-25,13:38:31,-71.25,-36.15,144.7,3.0,md,guc
2004-08-25,14:20:36,-108.36,-34.65,10.0,4.5,mb,us
2004-08-25,15:31:02,-71.61,-30.43,12.3,3.9,ml,guc
2004-08-26,09:04:45,-72.33,-28.61,23.5,3.8,ml,guc
2004-08-26,12:18:22,-70.11,-28.35,95.5,0.0,,us
2004-08-26,13:54:55,-72.15,-31.79,16.0,3.5,ml,guc
2004-08-26,14:49:56,-68.67,-28.61,115.0,4.1,mb,us
2004-08-26,18:19:41,-71.04,-27.9,39.3,4.9,mb,us
2004-08-27,00:43:55,-70.81,-27.42,30.0,5.9,mwb,us
2004-08-27,00:50:42,-71.36,-26.82,43.7,4.7,mb,us
2004-08-27,01:37:40,-70.95,-27.45,46.7,4.1,md,guc
2004-08-27,03:24:59,-71.0,-27.58,34.7,4.0,md,guc
2004-08-27,09:04:17,-67.22,-21.33,181.5,4.1,mb,us
2004-08-28,03:00:22,-72.03,-34.16,40.9,3.1,md,guc
2004-08-28,05:59:36,-67.9,-20.78,166.1,0.0,,us
2004-08-28,09:40:35,-66.88,-22.5,198.1,3.9,mb,us
2004-08-28,10:52:56,-70.55,-35.06,1.3,3.1,ml,guc
2004-08-28,11:36:14,-72.96,-15.86,88.7,3.8,mb,us
2004-08-28,12:37:59,-66.45,-17.33,55.1,0.0,,us
2004-08-28,13:37:00,-69.1,-31.75,0.0,3.3,ml,guc
2004-08-28,13:41:26,-70.53,-35.17,5.0,6.5,mwb,us
2004-08-28,14:03:25,-70.56,-35.02,1.5,4.6,mb,us
2004-08-28,14:09:31,-70.5,-34.99,3.7,3.6,ml,guc
2004-08-28,14:11:37,-70.5,-35.02,1.7,3.8,ml,guc
2004-08-28,14:14:35,-70.77,-34.54,5.0,3.8,ml,guc
2004-08-28,14:18:17,-70.56,-34.99,5.3,3.8,ml,guc
2004-08-28,14:20:18,-69.87,-34.83,62.1,0.0,,us
2004-08-28,14:23:12,-70.58,-35.0,1.6,3.3,ml,guc
2004-08-28,14:24:18,-70.59,-34.95,2.5,3.6,ml,guc
2004-08-28,14:33:25,-70.56,-35.02,2.4,3.6,ml,guc
2004-08-28,14:42:48,-70.26,-35.14,15.1,3.7,ml,guc
2004-08-28,14:50:24,-70.57,-35.07,2.0,3.2,ml,guc
2004-08-28,14:52:20,-70.53,-34.99,3.3,3.8,ml,guc
2004-08-28,14:56:53,-70.63,-35.02,4.1,3.5,ml,guc
2004-08-28,15:08:41,-70.2,-35.01,10.0,2.9,ml,guc
2004-08-28,15:11:24,-70.4,-35.08,10.0,0.0,,us
2004-08-28,15:14:35,-70.47,-35.07,9.9,3.4,ml,guc
2004-08-28,16:54:28,-70.33,-34.99,10.0,4.6,mb,us
2004-08-28,18:05:30,-70.64,-35.12,3.0,2.8,ml,guc
2004-08-28,18:09:47,-70.5,-34.98,2.0,2.8,ml,guc
2004-08-28,18:15:43,-70.44,-34.94,4.9,2.9,ml,guc
2004-08-28,18:21:28,-70.48,-34.98,2.0,2.7,ml,guc
2004-08-28,18:28:18,-70.48,-34.95,4.0,2.6,ml,guc
2004-08-28,18:32:28,-70.51,-35.02,5.6,3.5,ml,guc
2004-08-28,18:36:14,-70.51,-35.02,4.0,2.8,ml,guc
2004-08-28,18:41:03,-70.52,-34.99,2.0,2.6,ml,guc
2004-08-28,18:44:31,-70.55,-34.96,1.2,2.9,ml,guc
2004-08-28,18:50:31,-70.54,-34.91,2.0,3.3,md,guc
2004-08-28,18:57:38,-70.52,-35.05,13.7,2.9,ml,guc
2004-08-28,18:58:13,-70.55,-35.02,15.0,0.0,,us
2004-08-28,18:58:53,-70.41,-34.97,14.9,3.5,ml,guc
2004-08-28,19:08:34,-70.27,-34.69,8.6,2.6,ml,guc
2004-08-28,19:09:43,-70.58,-35.04,3.5,0.0,,us
2004-08-28,19:14:04,-70.4,-34.91,10.0,4.7,mb,us
2004-08-28,19:18:05,-70.58,-35.01,5.0,3.1,ml,guc
2004-08-28,19:23:47,-70.53,-34.99,3.0,2.7,ml,guc
2004-08-28,19:29:30,-70.55,-34.91,5.0,2.8,ml,guc
2004-08-28,20:32:40,-70.58,-34.98,1.0,3.2,ml,guc
2004-08-28,20:39:59,-70.54,-34.96,1.0,2.5,ml,guc
2004-08-28,20:49:57,-70.48,-34.87,10.0,4.5,mb,us
2004-08-28,20:54:46,-70.62,-35.01,7.4,2.9,ml,guc
2004-08-28,21:00:01,-70.61,-35.0,5.7,3.0,ml,guc
2004-08-28,21:15:54,-70.44,-34.89,3.7,2.6,ml,guc
2004-08-28,21:17:16,-70.52,-34.97,3.0,2.7,ml,guc
2004-08-28,21:50:46,-70.62,-34.99,5.0,3.1,ml,guc
2004-08-28,22:01:50,-70.53,-35.0,4.0,2.7,ml,guc
2004-08-28,22:20:44,-70.52,-35.07,14.6,2.7,ml,guc
2004-08-29,00:19:39,-70.54,-35.05,1.6,2.9,ml,guc
2004-08-29,00:33:27,-70.6,-35.02,3.8,3.4,ml,guc
2004-08-29,01:18:32,-70.47,-35.08,3.0,3.4,ml,guc
2004-08-29,01:25:37,-70.52,-34.92,3.0,3.3,md,guc
2004-08-29,01:35:26,-70.61,-35.04,5.8,3.1,ml,guc
2004-08-29,01:39:16,-70.56,-34.98,4.7,3.1,ml,guc
2004-08-29,01:50:26,-70.58,-35.01,2.7,3.9,ml,guc
2004-08-29,02:11:11,-70.6,-35.0,1.9,4.5,mb,us
2004-08-29,02:25:35,-70.6,-35.0,3.0,2.7,ml,guc
2004-08-29,02:34:07,-70.41,-35.02,11.5,2.7,ml,guc
2004-08-29,03:09:09,-70.4,-35.02,10.9,3.3,ml,guc
2004-08-29,04:01:28,-70.55,-35.08,14.1,2.5,ml,guc
2004-08-29,15:28:49,-70.64,-35.02,1.3,4.2,ml,guc
2004-08-29,15:44:27,-70.55,-34.96,0.5,2.6,ml,guc
2004-08-29,16:44:05,-70.6,-35.07,0.9,3.4,ml,guc
2004-08-29,16:48:32,-70.56,-35.06,3.0,3.5,md,guc
2004-08-29,16:57:44,-70.56,-35.01,3.7,3.2,ml,guc
2004-08-29,18:08:07,-70.55,-35.01,3.0,2.6,ml,guc
2004-08-29,19:25:18,-70.51,-34.94,2.5,2.7,ml,guc
2004-08-29,19:30:45,-70.46,-35.13,22.9,2.9,ml,guc
2004-08-29,19:35:32,-70.32,-35.13,1.9,3.4,ml,guc
2004-08-29,20:23:28,-70.62,-35.05,7.5,2.8,ml,guc
2004-08-29,21:19:22,-70.23,-33.17,6.3,2.9,ml,guc
2004-08-29,21:31:18,-70.62,-35.0,5.1,2.8,ml,guc
2004-08-29,22:27:39,-70.6,-35.03,5.9,2.5,ml,guc
2004-08-29,22:54:54,-68.44,-28.12,98.1,0.0,,us
2004-08-29,23:07:56,-70.42,-35.0,3.4,2.6,ml,guc
2004-08-29,23:33:27,-70.64,-35.0,5.5,2.7,ml,guc
2004-08-29,23:38:27,-70.51,-35.1,12.5,3.6,ml,guc
2004-08-30,04:37:15,-70.93,-27.5,32.2,4.2,mb,us
2004-08-30,08:25:01,-66.88,-17.4,49.3,3.9,mb,us
2004-08-30,08:42:13,-70.29,-35.06,14.2,3.4,ml,guc
2004-08-30,11:35:43,-70.23,-34.7,0.1,4.7,mb,us
2004-08-30,13:17:17,-70.33,-35.16,14.4,3.6,ml,guc
2004-08-30,13:19:33,-70.53,-35.04,3.0,4.5,mb,us
2004-08-30,16:08:18,-72.14,-50.7,24.7,5.1,mwc,hrv
2004-08-30,18:55:53,-70.06,-35.1,2.4,4.5,mb,us
2004-08-30,21:05:56,-70.07,-21.12,74.0,4.1,mb,us
2004-08-31,01:40:06,-72.33,-50.63,19.2,4.7,mb,us
2004-08-31,05:54:54,-68.35,-21.81,118.5,4.1,mb,us
2004-08-31,08:01:52,-70.6,-35.01,6.6,4.4,mb,us
2004-08-31,16:38:57,-71.02,-27.42,55.1,4.7,mb,us
2004-08-31,20:35:06,-74.63,-9.56,125.3,4.9,mwc,hrv
2004-08-31,20:45:28,-70.57,-35.0,2.0,2.9,ml,guc
2004-09-01,00:41:54,-70.27,-34.69,2.6,2.8,ml,guc
2004-09-01,02:48:24,-72.26,-34.13,38.9,3.6,md,guc
2004-09-01,02:59:28,-70.47,-35.02,1.0,2.6,ml,guc
2004-09-01,05:04:33,-70.55,-35.01,5.0,3.0,ml,guc
2004-09-01,09:19:28,-70.56,-35.02,3.0,2.8,ml,guc
2004-09-01,16:18:03,-70.51,-35.03,3.0,2.7,ml,guc
2004-09-01,17:12:00,-68.94,-20.59,114.8,4.2,mb,us
2004-09-01,19:12:29,-70.47,-34.97,3.0,3.4,md,guc
2004-09-01,20:52:54,-71.3,-31.01,58.1,3.4,md,guc
2004-09-02,01:19:04,-70.49,-35.0,3.0,2.7,ml,guc
2004-09-02,02:36:07,-70.51,-34.98,3.0,2.7,ml,guc
2004-09-02,04:01:42,-70.54,-35.0,2.4,3.2,ml,guc
2004-09-02,04:23:29,-65.86,-22.15,254.7,4.0,mb,us
2004-09-02,04:26:44,-69.95,-30.57,120.6,3.5,md,guc
2004-09-02,07:12:59,-70.44,-34.9,2.4,2.6,ml,guc
2004-09-02,10:46:52,-70.48,-34.94,2.5,2.6,ml,guc
2004-09-02,16:03:08,-71.68,-30.93,28.4,4.0,ml,guc
2004-09-02,17:00:05,-67.68,-31.43,3.6,4.8,mb,us
2004-09-02,19:23:50,-70.52,-35.02,5.0,3.7,ml,guc
2004-09-03,00:01:58,-70.56,-35.01,1.6,2.6,ml,guc
2004-09-03,04:55:44,-70.51,-35.01,2.0,3.6,ml,guc
2004-09-03,08:19:01,-70.57,-34.96,0.0,2.6,ml,guc
2004-09-03,14:08:32,-70.34,-34.75,2.0,2.5,ml,guc
2004-09-03,16:23:13,-70.54,-34.97,4.0,2.5,ml,guc
2004-09-03,20:00:15,-73.94,-16.1,53.8,0.0,,us
2004-09-03,22:06:25,-70.6,-35.06,3.0,3.6,ml,guc
2004-09-03,23:37:04,-70.58,-35.04,1.3,2.5,ml,guc
2004-09-04,00:20:57,-70.46,-34.91,4.0,3.1,ml,guc
2004-09-04,06:58:39,-70.55,-35.02,3.0,2.9,ml,guc
2004-09-04,07:26:10,-70.51,-35.0,4.0,2.8,ml,guc
2004-09-04,07:37:25,-71.48,-35.98,111.4,2.7,md,guc
2004-09-04,09:44:14,-71.32,-34.95,72.5,3.1,md,guc
2004-09-04,10:58:05,-68.66,-22.31,107.0,4.2,mb,us
2004-09-04,11:41:16,-70.56,-35.02,3.0,2.8,ml,guc
2004-09-04,13:21:56,-70.55,-35.03,3.0,3.4,ml,guc
2004-09-04,14:14:03,-70.52,-34.97,2.0,3.5,md,guc
2004-09-04,15:23:36,-70.53,-34.97,4.0,3.5,ml,guc
2004-09-04,18:39:33,-71.43,-33.64,46.4,3.3,md,guc
2004-09-04,19:07:05,-70.49,-34.98,2.0,2.8,ml,guc
2004-09-04,23:26:32,-70.98,-35.3,105.7,2.9,md,guc
2004-09-05,01:48:40,-70.02,-19.22,72.5,4.3,mb,us
2004-09-05,02:57:16,-68.91,-31.4,109.7,4.5,mb,us
2004-09-05,04:49:23,-66.64,-23.92,201.9,3.8,mb,us
2004-09-05,07:18:34,-70.11,-28.42,80.0,0.0,,us
2004-09-05,07:57:46,-70.93,-27.5,50.0,0.0,,us
2004-09-05,08:48:35,-70.83,-33.5,73.5,2.6,md,guc
2004-09-05,09:14:08,-70.45,-34.88,3.0,2.8,ml,guc
2004-09-05,11:24:37,-71.22,-31.27,56.6,4.8,mb,us
2004-09-05,15:40:20,-70.56,-35.02,1.1,3.3,ml,guc
2004-09-05,21:08:49,-70.52,-35.01,3.0,3.5,ml,guc
2004-09-05,22:55:34,-70.2,-34.7,2.3,2.8,ml,guc
2004-09-06,01:41:58,-70.51,-34.96,0.0,2.5,ml,guc
2004-09-06,04:03:26,-69.08,-31.68,140.0,2.9,md,guc
2004-09-06,07:34:16,-71.42,-35.49,93.1,2.5,md,guc
2004-09-06,14:37:39,-72.04,-33.3,30.0,3.5,ml,guc
2004-09-07,06:42:35,-70.56,-35.04,0.0,2.6,ml,guc
2004-09-07,10:21:41,-71.87,-16.81,97.0,4.0,mb,us
2004-09-07,10:57:40,-72.42,-33.97,36.3,5.2,mwc,hrv
2004-09-07,11:53:06,-65.84,-28.57,22.3,6.4,mwb,us
2004-09-07,12:33:56,-72.19,-34.01,16.5,5.7,mwc,hrv
2004-09-07,12:56:41,-70.71,-28.05,78.7,4.2,mb,us
2004-09-07,13:33:25,-66.0,-28.57,26.9,3.4,mb,us
2004-09-07,14:53:40,-71.62,-30.05,25.6,3.4,ml,guc
2004-09-07,14:55:54,-72.39,-33.92,34.3,3.4,ml,guc
2004-09-07,15:01:42,-72.36,-33.98,32.8,3.8,ml,guc
2004-09-07,15:34:03,-72.4,-33.97,32.1,3.2,ml,guc
2004-09-07,15:39:13,-72.28,-33.96,1.9,3.3,ml,guc
2004-09-07,16:18:55,-72.24,-50.69,25.9,4.9,mwc,hrv
2004-09-07,16:31:35,-72.35,-33.97,36.8,3.6,md,guc
2004-09-07,16:53:55,-72.25,-34.07,36.8,3.9,md,guc
2004-09-07,17:14:32,-72.46,-34.02,34.7,3.0,ml,guc
2004-09-07,21:19:12,-70.26,-33.14,4.0,2.6,ml,guc
2004-09-07,23:56:33,-72.36,-34.07,35.0,2.9,ml,guc
2004-09-08,04:49:50,-70.02,-34.26,5.1,3.1,ml,guc
2004-09-08,04:52:34,-67.72,-22.46,156.4,4.2,mb,us
2004-09-08,06:51:40,-67.04,-24.14,184.9,4.2,mb,us
2004-09-08,07:43:23,-70.52,-35.01,3.1,4.3,mb,us
2004-09-08,08:06:01,-72.4,-34.0,33.5,4.6,mb,us
2004-09-08,08:16:01,-72.32,-33.99,31.9,5.1,mwc,hrv
2004-09-08,08:25:46,-72.26,-33.98,4.0,4.2,ml,guc
2004-09-08,08:39:45,-70.63,-34.98,10.8,3.3,ml,guc
2004-09-08,08:53:40,-70.62,-34.99,5.8,3.6,ml,guc
2004-09-08,09:18:32,-72.31,-34.01,35.1,4.4,ml,guc
2004-09-08,10:55:07,-72.3,-33.99,33.8,3.1,ml,guc
2004-09-08,13:35:47,-72.26,-34.0,7.5,3.3,ml,guc
2004-09-08,13:52:26,-72.24,-33.99,34.2,4.5,mb,us
2004-09-08,15:36:44,-70.51,-34.98,0.0,2.9,ml,guc
2004-09-08,16:11:46,-67.11,-24.01,180.0,4.1,mb,us
2004-09-09,00:50:28,-66.39,-23.58,211.0,4.2,mb,us
2004-09-09,02:04:50,-70.57,-35.0,2.0,2.8,ml,guc
2004-09-09,02:14:43,-72.35,-33.99,31.7,3.3,ml,guc
2004-09-09,02:18:50,-72.37,-33.98,30.9,2.8,ml,guc
2004-09-09,03:14:23,-70.02,-31.93,120.8,3.1,md,guc
2004-09-09,03:47:32,-72.1,-34.47,32.7,3.2,ml,guc
2004-09-09,08:47:53,-72.15,-33.91,24.6,4.8,mb,us
2004-09-09,11:18:52,-72.25,-34.0,34.8,3.9,ml,guc
2004-09-09,14:28:18,-72.16,-16.15,101.8,4.4,mb,us
2004-09-09,16:32:02,-72.32,-33.99,34.2,2.9,ml,guc
2004-09-09,17:11:38,-70.59,-35.0,3.0,3.6,ml,guc
2004-09-09,19:17:59,-70.59,-34.99,5.0,2.5,ml,guc
2004-09-09,20:33:21,-70.44,-34.87,1.2,2.7,ml,guc
2004-09-09,21:19:57,-72.32,-33.98,33.5,3.2,ml,guc
2004-09-09,22:31:30,-70.52,-35.04,2.0,3.9,ml,guc
2004-09-09,22:36:55,-72.27,-33.99,36.1,4.0,mb,us
2004-09-09,22:49:42,-69.04,-30.08,160.0,0.0,,us
2004-09-09,23:21:12,-72.35,-34.0,29.4,3.1,ml,guc
2004-09-10,00:33:20,-71.31,-35.3,86.3,3.5,md,guc
2004-09-10,07:22:27,-70.51,-34.92,2.0,2.7,ml,guc
2004-09-10,07:31:06,-66.7,-21.48,207.8,3.9,mb,us
2004-09-10,08:23:59,-69.84,-35.1,92.0,0.0,,us
2004-09-10,09:00:41,-71.65,-33.63,35.0,4.2,ml,guc
2004-09-10,10:44:17,-72.96,-37.93,44.5,5.3,mwc,hrv
2004-09-10,16:56:09,-70.37,-34.96,10.0,0.0,,us
2004-09-11,15:19:17,-70.53,-35.07,3.0,2.7,ml,guc
2004-09-11,16:02:07,-70.97,-35.35,104.6,3.4,md,guc
2004-09-11,20:07:30,-70.78,-33.47,81.0,2.7,md,guc
2004-09-11,21:52:03,-70.48,-35.03,3.0,2.7,ml,guc
2004-09-12,04:16:36,-71.37,-32.61,65.8,2.8,md,guc
2004-09-12,06:36:43,-70.53,-35.01,3.0,3.8,md,guc
2004-09-12,14:24:37,-70.02,-34.14,5.0,5.4,mwc,hrv
2004-09-12,18:19:43,-69.27,-19.47,91.8,4.4,mb,us
2004-09-12,18:35:32,-69.06,-32.44,16.1,0.0,,us
2004-09-12,19:01:28,-70.4,-34.93,2.4,2.6,ml,guc
2004-09-12,19:36:32,-70.06,-34.13,6.9,2.6,ml,guc
2004-09-13,02:41:16,-70.06,-34.12,7.1,2.9,ml,guc
2004-09-13,06:13:25,-70.48,-35.01,2.0,3.5,ml,guc
2004-09-13,06:19:03,-70.51,-34.98,2.0,2.8,ml,guc
2004-09-13,08:28:28,-70.47,-34.99,1.1,2.6,ml,guc
2004-09-13,10:54:03,-70.06,-34.12,5.3,3.0,ml,guc
2004-09-13,13:05:37,-68.41,-22.4,113.4,0.0,,us
2004-09-13,17:14:17,-70.98,-34.87,98.1,2.9,md,guc
2004-09-13,20:49:15,-71.76,-35.74,86.6,3.0,md,guc
2004-09-13,20:51:20,-70.55,-34.94,2.0,2.6,ml,guc
2004-09-14,00:17:05,-71.68,-32.49,34.0,3.2,ml,guc
2004-09-14,00:54:30,-70.98,-34.4,85.3,2.9,md,guc
2004-09-14,03:50:23,-70.49,-34.94,4.4,2.6,ml,guc
2004-09-14,05:16:54,-69.4,-31.16,147.7,3.7,md,guc
2004-09-14,08:14:55,-75.55,-8.72,48.2,4.5,mb,us
2004-09-14,09:18:11,-70.08,-34.12,7.7,2.6,ml,guc
2004-09-14,10:12:23,-71.28,-31.03,59.2,3.8,md,guc
2004-09-14,15:23:19,-70.4,-35.47,7.0,3.0,ml,guc
2004-09-14,19:28:44,-68.68,-20.39,112.7,4.4,mb,us
2004-09-14,21:51:03,-70.49,-35.05,5.0,3.7,ml,guc
2004-09-14,22:32:26,-71.94,-33.2,29.5,3.2,ml,guc
2004-09-15,01:20:35,-70.07,-34.2,3.8,3.1,ml,guc
2004-09-15,03:19:47,-71.11,-34.5,87.9,2.8,md,guc
2004-09-15,04:56:32,-75.37,-14.92,34.4,5.0,mwc,hrv
2004-09-15,07:24:51,-70.5,-34.99,2.0,2.7,ml,guc
2004-09-15,09:04:24,-70.08,-34.15,6.2,3.3,ml,guc
2004-09-15,13:04:54,-70.6,-35.01,4.5,2.9,md,guc
2004-09-15,17:22:04,-69.45,-31.85,145.0,3.1,md,guc
2004-09-15,22:47:54,-72.35,-34.01,33.1,3.3,ml,guc
2004-09-16,00:16:26,-70.52,-33.12,90.3,3.5,md,guc
2004-09-16,03:22:06,-70.09,-34.12,5.8,2.7,ml,guc
2004-09-16,09:27:13,-71.28,-33.91,48.6,4.4,mb,us
2004-09-16,09:58:04,-71.14,-33.85,64.6,2.7,md,guc
2004-09-16,10:14:20,-70.51,-34.93,0.0,2.6,ml,guc
2004-09-16,10:58:05,-70.39,-35.23,13.0,2.5,ml,guc
2004-09-16,14:48:52,-72.49,-17.28,28.3,5.4,mwb,us
2004-09-16,18:03:39,-70.18,-33.15,3.0,2.5,ml,guc
2004-09-16,18:38:34,-70.56,-34.98,3.0,2.6,ml,guc
2004-09-16,21:18:50,-68.5,-22.81,103.0,4.3,mb,us
2004-09-16,22:04:41,-68.95,-31.21,166.0,4.2,mb,us
2004-09-17,04:48:38,-69.19,-19.44,117.3,4.0,mb,us
2004-09-17,06:53:51,-71.27,-30.14,75.9,3.1,md,guc
2004-09-17,09:25:07,-70.28,-33.41,108.0,2.9,md,guc
2004-09-17,09:28:42,-70.13,-34.02,8.4,2.9,ml,guc
2004-09-17,09:45:20,-71.52,-35.54,101.0,3.2,md,guc
2004-09-17,10:20:31,-71.23,-31.92,72.0,3.0,md,guc
2004-09-17,18:15:05,-70.75,-33.99,80.9,2.8,md,guc
2004-09-18,01:42:12,-71.4,-32.2,60.0,3.0,md,guc
2004-09-18,03:04:46,-68.48,-31.84,145.0,3.6,md,guc
2004-09-18,04:49:16,-70.27,-32.48,107.0,2.9,md,guc
2004-09-18,11:48:46,-71.55,-30.45,38.5,4.2,md,guc
2004-09-18,16:02:38,-70.06,-34.11,6.8,2.5,ml,guc
2004-09-19,01:05:54,-69.15,-19.65,101.9,4.2,mb,us
2004-09-19,03:53:55,-70.36,-32.99,98.6,3.1,md,guc
2004-09-19,14:08:15,-70.25,-28.92,103.4,3.8,md,guc
2004-09-19,14:28:03,-82.3,-44.4,10.0,4.2,mb,us
2004-09-19,16:14:44,-70.5,-34.96,1.4,4.8,mb,us
2004-09-19,16:23:17,-70.52,-34.95,1.9,2.6,ml,guc
2004-09-19,19:01:16,-70.53,-34.95,3.0,3.8,ml,guc
2004-09-19,19:57:55,-70.58,-35.01,5.0,3.4,ml,guc
2004-09-19,21:37:15,-69.4,-31.5,105.4,4.4,mb,us
2004-09-20,08:59:32,-70.11,-34.1,5.8,2.7,ml,guc
2004-09-20,12:31:04,-70.06,-34.11,8.0,2.6,ml,guc
2004-09-20,13:58:10,-70.54,-34.95,2.0,3.0,ml,guc
2004-09-20,18:05:04,-70.52,-35.0,0.0,2.8,ml,guc
2004-09-20,21:07:09,-70.61,-35.01,1.2,3.3,md,guc
2004-09-21,01:07:34,-68.57,-22.72,104.5,4.2,mb,us
2004-09-21,11:06:42,-95.17,-37.18,10.0,5.4,mwc,hrv
2004-09-21,16:20:52,-66.69,-23.88,200.7,3.8,mb,us
2004-09-21,17:55:50,-101.48,-36.23,10.0,5.3,mwc,hrv
2004-09-21,22:53:28,-101.55,-36.09,10.0,4.5,mb,us
2004-09-22,03:26:31,-68.76,-33.84,5.4,3.0,ml,guc
2004-09-22,11:13:59,-71.43,-32.68,29.7,2.7,ml,guc
2004-09-22,11:17:12,-68.12,-21.52,125.5,3.8,mb,us
2004-09-22,19:21:56,-72.28,-34.06,33.7,3.6,ml,guc
2004-09-22,19:25:21,-71.59,-32.62,28.4,3.5,ml,guc
2004-09-22,23:08:51,-69.46,-19.07,103.0,4.2,mb,us
2004-09-23,12:53:05,-107.82,-8.71,10.0,4.6,mb,us
2004-09-23,14:03:20,-68.79,-31.32,97.3,4.5,mb,us
2004-09-23,16:35:03,-71.63,-33.59,45.0,3.5,md,guc
2004-09-23,18:52:15,-68.86,-25.06,107.2,5.0,mwc,hrv
2004-09-23,22:07:41,-70.53,-35.05,10.0,3.2,ml,guc
2004-09-23,22:17:15,-71.48,-32.44,46.6,3.2,md,guc
2004-09-23,22:23:56,-71.55,-30.39,36.9,4.5,mb,us
2004-09-23,23:57:38,-71.63,-32.7,22.4,3.2,ml,guc
2004-09-24,00:16:06,-70.8,-33.82,77.8,2.5,md,guc
2004-09-24,04:18:15,-70.51,-34.95,1.7,3.3,md,guc
2004-09-24,04:19:24,-70.52,-34.95,2.0,3.7,md,guc
2004-09-24,07:08:20,-107.24,-26.86,10.0,4.3,mb,us
2004-09-24,07:27:13,-71.46,-31.9,37.9,3.1,md,guc
2004-09-24,09:27:36,-65.72,-28.83,53.8,4.5,mb,us
2004-09-24,11:11:18,-70.04,-34.15,6.1,2.5,ml,guc
2004-09-24,14:54:25,-71.5,-34.13,45.1,3.3,md,guc
2004-09-25,01:37:50,-71.65,-32.72,15.1,4.4,mb,us
2004-09-25,03:58:19,-70.55,-35.09,3.0,2.6,ml,guc
2004-09-25,08:34:45,-68.07,-21.63,136.3,4.2,mb,us
2004-09-25,08:58:08,-71.66,-30.83,31.8,4.1,ml,guc
2004-09-25,11:51:38,-71.71,-14.84,124.3,4.5,mb,us
2004-09-25,12:04:21,-71.77,-34.75,38.4,4.0,md,guc
2004-09-25,14:10:50,-71.68,-30.7,17.3,3.7,ml,guc
2004-09-25,19:29:36,-68.49,-21.19,120.5,4.4,mb,us
2004-09-25,23:30:49,-70.53,-35.0,7.0,2.9,ml,guc
2004-09-26,01:55:02,-69.03,-33.96,17.0,3.3,ml,guc
2004-09-26,02:23:38,-70.09,-34.12,5.7,2.6,ml,guc
2004-09-26,07:12:00,-70.76,-31.69,111.6,3.1,md,guc
2004-09-26,18:13:22,-69.87,-31.85,141.4,3.3,md,guc
2004-09-26,21:13:36,-71.13,-29.07,61.3,3.8,md,guc
2004-09-26,21:40:51,-71.54,-31.6,37.7,3.9,md,guc
2004-09-27,08:32:55,-70.41,-35.06,5.0,2.5,ml,guc
2004-09-27,11:53:19,-68.22,-31.22,98.1,4.2,mb,us
2004-09-27,13:21:26,-71.17,-28.58,45.9,3.8,md,guc
2004-09-27,13:52:16,-72.52,-31.5,28.1,3.7,ml,guc
2004-09-27,14:43:12,-72.25,-36.83,60.6,4.0,mb,us
2004-09-27,16:23:20,-69.41,-19.03,109.8,4.0,mb,us
2004-09-27,18:35:17,-71.72,-32.67,30.1,4.3,mb,us
2004-09-27,20:06:02,-105.74,-35.26,10.0,4.6,mb,us
2004-09-27,22:58:25,-71.74,-32.69,32.9,5.5,mwc,hrv
2004-09-27,23:19:14,-71.78,-32.69,29.3,4.2,ml,guc
2004-09-27,23:30:24,-71.7,-32.68,31.5,2.9,ml,guc
2004-09-27,23:34:12,-71.74,-32.68,22.2,3.1,ml,guc
2004-09-27,23:39:26,-71.7,-32.68,24.7,3.3,ml,guc
2004-09-27,23:51:56,-71.7,-32.69,36.5,3.7,md,guc
2004-09-28,00:54:09,-71.75,-32.68,28.6,2.8,ml,guc
2004-09-28,00:57:50,-71.67,-32.73,33.5,3.1,ml,guc
2004-09-28,01:27:35,-71.73,-32.71,33.0,3.1,ml,guc
2004-09-28,01:33:42,-66.74,-23.99,181.4,4.5,mb,us
2004-09-28,01:43:02,-71.75,-32.7,15.0,3.4,ml,guc
2004-09-28,02:12:27,-71.79,-32.66,26.2,2.6,ml,guc
2004-09-28,03:44:09,-70.47,-19.97,48.6,4.2,mb,us
2004-09-28,04:19:27,-66.1,-28.5,33.0,4.4,mb,us
2004-09-28,10:09:13,-71.16,-27.52,42.7,4.6,mb,us
2004-09-28,10:17:13,-69.38,-32.14,116.9,3.1,md,guc
2004-09-28,12:57:15,-71.6,-30.33,28.4,3.9,ml,guc
2004-09-28,14:14:57,-68.53,-31.22,91.2,4.2,mb,us
2004-09-28,16:28:22,-70.56,-35.05,3.0,2.8,ml,guc
2004-09-28,21:32:19,-74.53,-15.69,27.1,5.8,mwc,hrv
2004-09-29,05:51:41,-71.75,-29.87,51.4,3.9,md,guc
2004-09-29,10:20:49,-66.73,-23.93,200.8,4.6,mb,us
2004-09-29,10:23:22,-70.32,-33.64,101.8,3.0,md,guc
2004-09-29,11:25:06,-70.19,-33.39,10.0,4.6,mb,us
2004-09-29,11:41:22,-70.15,-33.37,10.6,3.5,ml,guc
2004-09-29,14:50:32,-70.13,-33.38,9.1,4.5,mb,us
2004-09-29,16:51:35,-79.04,-9.35,68.6,4.4,mb,us
2004-09-29,18:38:11,-77.09,-5.6,27.0,5.2,mwc,hrv
2004-09-29,21:20:42,-70.88,-32.15,90.5,3.1,md,guc
2004-09-30,02:43:33,-71.66,-32.67,36.3,3.5,md,guc
2004-09-30,07:20:45,-71.75,-32.64,15.0,2.6,ml,guc
2004-09-30,10:40:34,-72.17,-30.54,37.3,3.9,md,guc
2004-09-30,12:48:37,-72.55,-35.2,0.0,3.3,ml,guc
2004-09-30,19:31:04,-70.08,-34.16,4.2,2.8,ml,guc
2004-10-01,07:11:14,-72.79,-32.73,23.1,2.9,ml,guc
2004-10-01,10:45:44,-66.58,-22.71,182.7,4.7,mb,us
2004-10-01,15:07:05,-70.12,-33.35,6.8,2.8,ml,guc
2004-10-01,23:28:58,-74.43,-13.75,82.1,4.5,mb,us
2004-10-02,03:01:25,-68.36,-20.03,147.0,5.4,mwc,hrv
2004-10-02,04:22:02,-70.61,-35.04,5.0,3.2,ml,guc
2004-10-02,09:34:37,-71.69,-32.65,15.0,2.5,ml,guc
2004-10-02,10:06:20,-71.71,-32.66,25.8,3.2,ml,guc
2004-10-02,22:30:39,-69.85,-20.73,105.8,0.0,,us
2004-10-03,01:34:00,-71.11,-30.69,70.7,3.9,md,guc
2004-10-03,03:30:10,-68.34,-22.29,108.2,5.0,mwc,hrv
2004-10-03,03:43:38,-70.07,-34.13,5.0,2.5,ml,guc
2004-10-03,13:08:50,-69.59,-29.74,136.9,3.2,md,guc
2004-10-03,13:42:06,-69.96,-15.19,211.7,0.0,,us
2004-10-03,13:43:10,-66.43,-28.04,161.9,3.5,mb,us
2004-10-03,15:14:10,-69.02,-33.09,5.0,2.6,ml,guc
2004-10-03,17:03:18,-69.85,-32.48,122.8,3.1,md,guc
2004-10-03,19:54:52,-71.72,-32.16,5.0,2.7,ml,guc
2004-10-03,20:34:41,-71.77,-32.16,13.3,2.8,ml,guc
2004-10-04,06:01:14,-67.84,-29.11,140.0,3.5,mb,us
2004-10-04,06:35:12,-69.4,-31.46,145.0,3.3,md,guc
2004-10-04,06:46:21,-71.64,-32.67,9.6,2.6,ml,guc
2004-10-04,06:51:50,-71.67,-32.7,25.8,3.5,ml,guc
2004-10-04,09:19:29,-68.45,-24.3,99.7,3.7,md,guc
2004-10-04,10:35:55,-88.26,-41.4,10.0,4.2,mb,us
2004-10-04,11:37:12,-69.78,-31.36,163.4,3.2,md,guc
2004-10-04,18:11:33,-68.81,-31.32,165.0,3.2,md,guc
2004-10-04,18:22:06,-71.3,-34.73,55.7,2.6,md,guc
2004-10-04,19:43:21,-71.92,-34.63,41.0,3.9,md,guc
2004-10-04,21:36:35,-70.44,-34.87,6.0,2.5,ml,guc
2004-10-04,23:36:12,-70.55,-33.68,90.6,2.5,md,guc
2004-10-05,06:58:22,-72.26,-34.01,35.1,3.3,ml,guc
2004-10-05,07:39:39,-71.14,-29.83,65.0,3.2,md,guc
2004-10-05,09:17:54,-68.48,-32.15,150.0,3.4,md,guc
2004-10-05,11:05:02,-70.53,-33.05,93.9,3.0,md,guc
2004-10-05,12:20:13,-70.54,-34.95,5.0,3.4,ml,guc
2004-10-05,12:24:21,-70.58,-35.01,4.2,2.9,ml,guc
2004-10-05,12:25:44,-72.3,-50.63,28.2,4.7,mb,us
2004-10-05,14:10:39,-75.03,-15.34,59.1,4.2,mb,us
2004-10-06,03:15:38,-70.08,-19.1,52.6,4.3,mb,us
2004-10-06,06:05:31,-70.62,-29.16,81.3,3.2,md,guc
2004-10-06,09:18:11,-66.22,-22.64,246.8,4.1,mb,us
2004-10-06,13:37:13,-67.4,-19.47,202.7,4.4,mb,us
2004-10-06,15:45:20,-71.68,-32.74,15.7,3.0,ml,guc
2004-10-06,17:52:06,-75.92,-8.86,44.0,4.0,mb,us
2004-10-06,21:03:11,-71.73,-32.67,26.6,3.1,ml,guc
2004-10-06,21:47:39,-71.6,-30.02,55.1,4.1,mb,us
2004-10-06,21:56:36,-70.13,-15.39,218.0,4.3,mb,us
2004-10-07,02:19:14,-71.62,-32.08,56.8,3.1,md,guc
2004-10-07,04:13:43,-68.57,-33.59,4.0,2.5,ml,guc
2004-10-07,10:36:28,-70.28,-29.89,103.4,3.4,md,guc
2004-10-07,11:15:58,-70.68,-33.86,80.4,2.9,md,guc
2004-10-08,00:55:12,-74.78,-9.78,130.9,4.3,mb,us
2004-10-08,03:50:37,-72.0,-30.64,11.7,4.4,mb,us
2004-10-08,03:56:03,-72.15,-35.08,34.9,4.0,mb,us
2004-10-08,08:13:37,-70.42,-31.93,119.7,2.7,md,guc
2004-10-08,08:28:07,-69.69,-32.09,129.0,0.0,,us
2004-10-08,08:29:03,-68.25,-31.07,76.0,4.3,md,guc
2004-10-08,14:01:59,-70.54,-24.45,65.8,3.9,mb,us
2004-10-08,14:42:54,-69.37,-31.45,158.6,3.7,md,guc
2004-10-08,18:41:49,-68.57,-30.27,41.6,4.1,md,guc
2004-10-08,19:48:29,-71.69,-32.71,27.4,3.0,ml,guc
2004-10-09,00:08:51,-70.49,-35.06,10.0,3.2,ml,guc
2004-10-09,01:53:54,-71.72,-32.69,30.7,3.7,ml,guc
2004-10-09,02:52:13,-71.39,-33.12,48.8,2.7,md,guc
2004-10-09,04:18:44,-71.8,-32.73,13.1,2.7,ml,guc
2004-10-09,14:27:58,-71.64,-32.75,10.0,0.0,,us
2004-10-09,22:01:54,-69.14,-27.57,98.8,4.7,mb,us
2004-10-11,00:12:24,-71.7,-32.64,33.5,3.1,md,guc
2004-10-11,02:19:27,-70.53,-35.12,15.2,2.7,ml,guc
2004-10-11,18:12:50,-68.7,-28.99,109.6,3.6,mb,us
2004-10-12,05:04:11,-71.64,-30.46,33.0,3.3,ml,guc
2004-10-12,07:13:34,-71.64,-30.47,29.3,4.1,ml,guc
2004-10-12,08:45:33,-71.55,-32.66,61.4,3.1,md,guc
2004-10-12,13:44:17,-70.27,-34.73,5.0,2.5,ml,guc
2004-10-12,15:31:35,-66.53,-29.8,39.3,4.3,mb,us
2004-10-12,18:11:19,-70.83,-32.71,61.1,3.0,md,guc
2004-10-12,19:03:21,-70.45,-34.95,5.0,3.2,md,guc
2004-10-12,19:52:43,-71.32,-32.37,43.7,4.4,mb,us
2004-10-12,20:44:08,-71.88,-32.29,15.2,2.8,ml,guc
2004-10-13,01:42:23,-71.08,-32.06,65.0,2.8,md,guc
2004-10-13,03:05:19,-70.51,-34.41,109.5,3.4,md,guc
2004-10-13,03:14:03,-71.63,-30.47,33.8,3.2,ml,guc
2004-10-13,05:05:11,-70.22,-31.8,135.0,2.9,md,guc
2004-10-13,05:21:29,-70.46,-35.01,1.1,2.5,ml,guc
2004-10-13,08:11:15,-71.49,-34.61,57.5,3.8,md,guc
2004-10-13,09:27:42,-71.04,-33.61,71.7,2.6,md,guc
2004-10-13,10:40:30,-68.79,-33.51,20.4,3.1,ml,guc
2004-10-13,11:22:45,-69.07,-31.32,135.9,3.1,md,guc
2004-10-13,12:50:37,-92.36,-38.46,10.0,4.1,mb,us
2004-10-14,01:35:47,-70.96,-34.38,85.8,3.1,md,guc
2004-10-14,02:42:17,-71.22,-31.83,77.6,3.0,md,guc
2004-10-14,10:46:18,-68.76,-31.27,148.4,3.9,md,guc
2004-10-14,19:24:22,-71.03,-32.4,73.0,3.3,md,guc
2004-10-15,04:57:35,-70.51,-35.09,1.0,4.5,mb,us
2004-10-15,12:26:31,-67.76,-29.16,127.3,4.1,mb,us
2004-10-15,13:08:32,-72.05,-33.76,4.9,3.1,ml,guc
2004-10-15,13:13:03,-72.04,-33.78,37.3,4.1,mb,us
2004-10-15,14:41:14,-66.78,-24.02,188.2,3.8,mb,us
2004-10-15,15:05:43,-67.1,-27.88,133.4,4.4,mb,us
2004-10-15,16:13:15,-72.36,-31.39,47.0,3.4,md,guc
2004-10-15,16:16:11,-71.98,-33.78,37.8,3.0,md,guc
2004-10-15,20:36:50,-72.03,-33.73,6.0,2.9,ml,guc
2004-10-15,22:26:16,-72.07,-33.76,36.3,3.9,md,guc
2004-10-15,23:25:27,-65.16,-26.9,65.0,4.3,mb,us
2004-10-15,23:25:38,-64.76,-26.82,65.0,0.0,,us
2004-10-16,08:54:25,-71.38,-30.6,41.5,3.3,md,guc
2004-10-16,09:11:48,-71.33,-30.59,35.4,3.3,ml,guc
2004-10-16,09:39:29,-70.55,-35.03,1.0,2.7,ml,guc
2004-10-16,11:14:42,-73.58,-16.06,63.5,4.5,mb,us
2004-10-16,16:52:46,-70.27,-33.13,0.0,2.7,ml,guc
2004-10-17,01:04:20,-70.29,-33.84,112.0,4.2,mb,us
2004-10-17,09:49:38,-72.41,-34.93,5.0,2.9,ml,guc
2004-10-17,17:29:42,-115.43,-22.89,10.0,4.5,mb,us
2004-10-17,17:35:14,-69.82,-32.47,122.2,2.8,md,guc
2004-10-18,01:22:58,-70.29,-32.34,105.1,4.1,md,guc
2004-10-18,02:17:50,-66.74,-24.02,186.6,3.4,mb,us
2004-10-18,06:33:36,-70.42,-35.12,15.0,3.6,md,guc
2004-10-18,10:03:08,-71.44,-31.9,37.8,3.5,md,guc
2004-10-18,15:04:16,-71.0,-32.46,73.0,3.6,md,guc
2004-10-18,23:09:50,-70.2,-34.75,1.0,2.7,md,guc
2004-10-18,23:36:36,-70.53,-35.06,10.0,2.7,ml,guc
2004-10-19,05:07:48,-72.04,-37.6,117.0,3.8,md,guc
2004-10-19,05:15:06,-72.23,-16.41,21.0,4.7,mb,us
2004-10-19,12:53:06,-70.0,-28.06,108.6,4.6,mb,us
2004-10-19,14:13:41,-71.7,-32.76,24.6,4.6,mb,us
2004-10-19,15:13:12,-72.13,-32.48,38.2,3.7,md,guc
2004-10-19,16:39:21,-69.88,-33.57,5.6,3.2,ml,guc
2004-10-19,19:11:43,-70.32,-33.42,105.5,3.7,md,guc
2004-10-19,21:12:08,-71.8,-32.63,24.4,3.5,ml,guc
2004-10-19,21:14:32,-70.25,-34.77,5.4,2.6,ml,guc
2004-10-19,21:41:25,-70.12,-34.15,5.1,3.0,md,guc
2004-10-20,05:17:20,-69.12,-26.0,103.0,4.0,md,guc
2004-10-20,05:40:37,-74.38,-41.12,20.0,4.4,ml,guc
2004-10-20,07:07:41,-68.56,-32.86,6.7,3.1,ml,guc
2004-10-20,10:52:57,-68.72,-21.38,103.7,4.2,mb,us
2004-10-20,17:27:43,-71.88,-29.6,76.7,4.4,mb,us
2004-10-20,17:32:42,-67.72,-23.34,137.7,4.2,mb,us
2004-10-20,18:55:50,-73.97,-15.61,75.6,5.4,mwc,hrv
2004-10-20,19:05:23,-69.9,-32.47,112.7,2.8,md,guc
2004-10-21,05:26:16,-67.29,-21.94,173.1,4.0,mb,us
2004-10-21,05:31:19,-70.44,-31.74,115.0,2.7,md,guc
2004-10-21,07:48:49,-68.4,-21.79,121.8,4.0,mb,us
2004-10-21,07:57:45,-68.91,-31.33,127.1,2.7,md,guc
2004-10-21,08:06:57,-73.39,-18.32,13.1,4.3,mb,us
2004-10-21,11:59:56,-70.13,-24.08,55.2,3.6,md,guc
2004-10-21,16:05:33,-68.87,-31.21,150.0,3.1,md,guc
2004-10-21,16:27:42,-73.14,-33.38,20.3,3.9,ml,guc
2004-10-21,16:50:01,-70.23,-33.14,2.5,2.6,ml,guc
2004-10-21,21:45:30,-71.62,-31.9,44.6,3.2,md,guc
2004-10-21,23:06:25,-70.39,-33.03,108.5,2.7,md,guc
2004-10-22,04:12:04,-72.11,-29.51,32.0,3.0,ml,guc
2004-10-22,13:44:23,-69.73,-28.59,89.7,4.3,mb,us
2004-10-22,16:45:51,-74.65,-15.24,55.6,4.9,mwc,hrv
2004-10-22,17:24:54,-71.31,-30.86,59.4,3.5,md,guc
2004-10-22,20:10:37,-71.49,-32.49,40.1,3.1,md,guc
2004-10-22,20:14:22,-71.3,-32.4,34.3,2.8,md,guc
2004-10-22,22:47:56,-68.51,-28.12,101.2,4.1,mb,us
2004-10-23,04:42:39,-68.79,-19.81,139.7,3.9,mb,us
2004-10-23,17:27:08,-71.71,-31.54,26.3,3.6,ml,guc
2004-10-23,19:12:54,-70.26,-31.74,139.3,2.7,md,guc
2004-10-23,23:16:14,-67.19,-29.23,132.9,4.9,mwc,hrv
2004-10-24,00:59:41,-70.9,-33.21,74.3,2.9,md,guc
2004-10-24,03:49:55,-74.89,-40.28,27.2,4.8,mwc,hrv
2004-10-24,07:52:24,-71.69,-32.57,29.3,2.9,ml,guc
2004-10-24,09:17:55,-71.74,-32.69,22.9,2.5,ml,guc
2004-10-24,10:17:50,-71.29,-32.68,39.6,3.3,md,guc
2004-10-24,11:48:45,-114.81,-26.64,10.0,4.5,mb,us
2004-10-24,13:19:32,-79.52,-9.45,40.2,4.2,mb,us
2004-10-24,18:00:18,-72.61,-31.42,46.9,3.5,md,guc
2004-10-24,21:08:02,-69.0,-32.6,152.3,3.5,md,guc
2004-10-24,23:32:39,-70.5,-34.95,2.0,2.9,ml,guc
2004-10-25,04:07:49,-71.6,-35.6,77.5,3.5,md,guc
2004-10-25,05:43:54,-100.3,-36.12,10.0,4.6,mb,us
2004-10-25,07:22:32,-71.73,-32.64,29.9,3.1,ml,guc
2004-10-25,08:24:44,-70.88,-33.53,70.6,2.5,md,guc
2004-10-25,12:12:05,-70.59,-34.55,116.3,2.7,md,guc
2004-10-25,13:49:13,-71.79,-31.19,22.0,3.1,ml,guc
2004-10-25,17:29:26,-71.92,-34.89,90.7,2.6,md,guc
2004-10-25,18:14:29,-69.95,-31.78,141.0,3.8,md,guc
2004-10-26,03:58:22,-68.04,-33.05,12.3,3.0,ml,guc
2004-10-26,04:29:41,-70.26,-34.02,115.0,3.1,md,guc
2004-10-26,05:28:40,-70.54,-35.13,14.0,2.8,ml,guc
2004-10-26,05:33:40,-70.59,-35.02,3.3,2.5,ml,guc
2004-10-26,05:55:23,-71.17,-35.25,104.2,3.2,md,guc
2004-10-26,13:35:14,-70.49,-34.99,0.4,3.8,ml,guc
2004-10-26,15:43:05,-69.15,-33.05,15.0,2.6,ml,guc
2004-10-26,17:17:03,-71.29,-34.14,61.8,0.0,,us
2004-10-26,22:22:43,-70.82,-34.82,107.8,2.8,md,guc
2004-10-27,01:35:12,-71.56,-32.33,43.6,3.5,md,guc
2004-10-27,09:03:17,-70.38,-29.25,70.5,3.2,md,guc
2004-10-27,10:03:48,-70.57,-35.01,0.8,2.5,ml,guc
2004-10-27,13:59:54,-70.42,-34.12,107.6,3.0,md,guc
2004-10-27,16:18:52,-70.51,-34.92,5.0,2.5,ml,guc
2004-10-27,20:12:36,-70.2,-32.67,117.5,3.0,md,guc
2004-10-27,20:53:43,-71.69,-32.68,26.3,2.8,ml,guc
2004-10-28,00:35:12,-70.61,-31.77,110.9,3.0,md,guc
2004-10-28,05:51:22,-71.37,-30.61,49.2,3.9,md,guc
2004-10-28,11:27:34,-72.25,-33.98,3.1,3.3,ml,guc
2004-10-28,12:45:29,-74.4,-37.06,10.0,4.3,ml,guc
2004-10-28,16:19:58,-71.83,-34.67,3.0,2.5,ml,guc
2004-10-28,20:02:59,-70.44,-34.91,0.0,2.7,ml,guc
2004-10-28,20:45:22,-80.25,-7.01,64.3,5.1,mwc,hrv
2004-10-29,00:00:40,-72.56,-33.92,29.0,4.3,mb,us
2004-10-29,00:03:48,-71.76,-32.48,28.0,4.2,ml,guc
2004-10-29,03:00:46,-67.91,-29.29,93.5,4.0,md,guc
2004-10-29,03:13:15,-112.05,-23.0,10.0,4.6,mb,us
2004-10-29,04:20:11,-69.15,-19.31,88.6,4.1,mb,us
2004-10-29,06:04:13,-70.57,-35.02,10.7,2.7,ml,guc
2004-10-29,07:13:21,-70.51,-34.98,3.4,2.7,ml,guc
2004-10-29,08:55:40,-67.23,-30.56,24.6,4.9,mwc,hrv
2004-10-29,21:05:11,-70.23,-33.2,7.7,2.7,ml,guc
2004-10-29,22:16:11,-71.59,-31.93,23.6,2.9,ml,guc
2004-10-30,07:25:14,-71.67,-32.68,28.7,2.8,ml,guc
2004-10-30,10:28:52,-71.71,-32.48,14.8,3.0,ml,guc
2004-10-30,15:28:54,-70.58,-35.16,15.1,2.8,ml,guc
2004-10-30,17:00:12,-70.24,-33.15,6.7,2.9,ml,guc
2004-10-30,17:20:05,-71.66,-33.63,40.6,3.0,md,guc
2004-10-30,20:00:28,-70.5,-34.94,0.0,2.7,ml,guc
2004-10-30,22:02:42,-70.26,-33.14,3.7,2.6,ml,guc
2004-10-31,00:47:24,-73.7,-37.04,40.7,4.1,mb,us
2004-10-31,02:34:50,-70.42,-31.47,142.7,3.4,md,guc
2004-10-31,06:39:07,-73.1,-33.37,27.3,3.1,ml,guc
2004-10-31,07:01:49,-66.65,-23.86,187.7,4.4,mb,us
2004-10-31,17:47:16,-66.79,-20.07,217.7,4.6,mb,us
2004-10-31,18:42:19,-70.31,-32.09,114.8,3.0,md,guc
2004-10-31,23:03:48,-71.93,-31.84,3.8,3.6,ml,guc
2004-11-01,01:31:03,-68.0,-31.39,10.0,3.8,md,guc
2004-11-01,03:04:30,-65.97,-22.4,263.0,4.8,mb,us
2004-11-01,16:46:30,-71.06,-34.63,75.8,3.0,md,guc
2004-11-01,19:08:30,-69.96,-32.42,116.5,3.8,md,guc
2004-11-01,19:28:22,-71.96,-33.55,9.2,2.5,ml,guc
2004-11-02,00:17:17,-71.67,-32.65,31.9,3.2,ml,guc
2004-11-02,03:50:15,-70.32,-18.38,42.7,5.0,mb,us
2004-11-02,10:55:09,-71.42,-27.82,50.4,4.0,md,guc
2004-11-02,20:39:11,-70.14,-33.23,112.0,3.5,md,guc
2004-11-02,20:52:29,-70.91,-34.83,106.6,0.0,,us
2004-11-03,02:43:53,-70.08,-34.12,5.5,2.8,ml,guc
2004-11-03,03:40:05,-66.77,-23.72,196.4,4.0,mb,us
2004-11-03,04:00:15,-71.38,-33.98,47.2,3.3,md,guc
2004-11-03,14:33:12,-71.64,-29.4,44.1,4.3,md,guc
2004-11-03,15:15:34,-70.59,-35.11,5.0,3.1,ml,guc
2004-11-03,20:05:15,-66.34,-22.8,236.1,4.3,mb,us
2004-11-03,20:10:25,-66.17,-22.62,240.1,4.5,mb,us
2004-11-04,05:31:40,-67.93,-31.45,111.1,4.7,mb,us
2004-11-04,08:10:18,-76.55,-45.92,25.0,5.0,mwc,hrv
2004-11-04,08:29:17,-76.44,-45.9,25.6,5.3,mwc,hrv
2004-11-04,09:37:58,-68.91,-22.36,85.6,4.7,mwc,hrv
2004-11-04,13:29:52,-71.73,-32.64,28.0,2.9,ml,guc
2004-11-04,14:26:16,-67.4,-24.1,217.6,4.3,mb,us
2004-11-04,19:42:08,-70.38,-34.92,4.6,3.8,md,guc
2004-11-04,20:26:31,-70.27,-33.15,5.5,2.7,ml,guc
2004-11-04,23:37:07,-104.92,-35.36,10.0,4.6,mb,us
2004-11-05,09:31:55,-70.3,-34.81,144.2,3.4,md,guc
2004-11-06,06:24:18,-71.57,-35.64,112.7,3.5,md,guc
2004-11-06,11:56:04,-69.01,-32.84,5.0,2.5,ml,guc
2004-11-06,12:18:12,-71.19,-36.8,117.8,4.4,mb,us
2004-11-06,14:38:23,-72.0,-33.24,32.6,2.7,ml,guc
2004-11-06,15:28:49,-85.56,-41.21,10.0,4.8,mb,us
2004-11-07,07:48:57,-72.94,-32.54,20.0,3.6,ml,guc
2004-11-07,08:27:51,-117.25,-55.33,10.0,0.0,,us
2004-11-07,09:02:09,-112.04,-22.99,10.0,3.9,mb,us
2004-11-07,19:24:35,-70.45,-34.6,121.9,3.0,md,guc
2004-11-07,20:06:56,-70.1,-31.86,137.5,3.3,md,guc
2004-11-08,03:49:26,-68.3,-21.95,100.7,4.3,mb,us
2004-11-08,04:44:29,-123.0,-55.79,10.0,4.8,mwc,hrv
2004-11-08,06:22:09,-123.01,-55.84,10.0,4.4,mb,us
2004-11-08,17:46:19,-66.89,-24.12,189.1,3.8,mb,us
2004-11-08,19:12:41,-72.47,-34.46,25.8,2.7,ml,guc
2004-11-09,00:40:04,-69.64,-29.0,120.0,0.0,,us
2004-11-09,00:57:00,-70.56,-34.97,3.4,2.7,ml,guc
2004-11-09,02:10:45,-67.71,-32.2,135.0,4.3,mb,us
2004-11-09,04:28:53,-69.79,-32.21,133.7,3.3,md,guc
2004-11-09,04:52:01,-71.87,-32.08,16.8,3.1,ml,guc
2004-11-09,05:01:08,-69.11,-18.86,130.6,3.6,mb,us
2004-11-09,10:11:38,-66.77,-23.02,209.4,3.9,mb,us
2004-11-09,14:14:19,-84.74,-41.47,10.0,4.1,mb,us
2004-11-09,15:20:32,-68.31,-21.74,114.7,4.0,mb,us
2004-11-09,18:00:54,-70.21,-17.53,81.5,4.6,mb,us
2004-11-09,18:49:46,-70.85,-27.41,30.0,4.0,ml,guc
2004-11-09,19:01:30,-70.23,-29.21,78.9,0.0,,us
2004-11-09,20:49:22,-72.12,-33.0,29.6,2.7,ml,guc
2004-11-10,01:06:37,-69.68,-32.77,113.5,2.9,md,guc
2004-11-10,01:10:50,-70.08,-31.75,142.2,3.3,md,guc
2004-11-10,03:06:49,-70.56,-34.98,1.9,2.5,ml,guc
2004-11-10,03:14:20,-70.46,-35.08,14.8,2.9,ml,guc
2004-11-10,05:59:49,-69.81,-32.84,102.4,2.7,md,guc
2004-11-10,06:50:01,-70.93,-35.2,114.1,3.2,md,guc
2004-11-10,08:18:17,-70.2,-32.02,116.5,3.5,md,guc
2004-11-10,12:34:32,-71.2,-32.43,53.0,3.5,md,guc
2004-11-10,12:40:23,-70.78,-32.43,84.1,3.4,md,guc
2004-11-10,19:11:38,-70.29,-28.4,89.0,0.0,,us
2004-11-10,20:43:11,-71.13,-33.49,60.1,2.7,md,guc
2004-11-10,21:13:55,-70.95,-32.37,71.4,2.7,md,guc
2004-11-11,03:23:58,-69.8,-22.9,71.2,5.1,mwc,hrv
2004-11-11,09:11:45,-69.58,-16.98,144.2,5.4,mwc,hrv
2004-11-11,14:35:18,-70.98,-32.01,63.9,2.6,md,guc
2004-11-11,15:59:40,-69.33,-24.84,75.4,4.0,mb,us
2004-11-11,16:40:24,-71.74,-32.16,9.8,2.7,ml,guc
2004-11-11,17:35:08,-69.85,-31.63,151.2,2.9,md,guc
2004-11-11,22:12:36,-69.51,-31.46,154.4,4.4,mb,us
2004-11-12,01:33:56,-70.19,-19.45,62.3,4.5,mb,us
2004-11-12,05:02:46,-70.61,-35.12,1.1,2.7,ml,guc
2004-11-12,05:04:42,-70.53,-31.84,112.0,3.1,md,guc
2004-11-12,05:33:46,-70.54,-35.07,1.5,2.6,ml,guc
2004-11-12,06:01:20,-94.38,-37.26,10.0,4.6,mb,us
2004-11-12,06:36:17,-63.32,-26.7,568.7,6.1,mwb,us
2004-11-12,11:34:21,-70.06,-34.13,5.3,3.5,ml,guc
2004-11-12,18:53:30,-71.74,-35.08,60.1,2.8,md,guc
2004-11-12,21:29:26,-72.85,-40.91,40.0,4.0,mb,us
2004-11-13,00:09:11,-70.31,-32.43,102.8,2.7,md,guc
2004-11-13,03:10:05,-71.21,-32.92,41.1,2.8,md,guc
2004-11-13,03:13:06,-68.54,-30.43,11.6,3.9,ml,guc
2004-11-13,04:29:54,-69.32,-22.27,86.5,4.0,md,guc
2004-11-13,05:36:59,-71.54,-32.04,41.5,3.1,md,guc
2004-11-13,05:50:01,-69.68,-31.6,144.5,3.3,md,guc
2004-11-13,07:33:18,-63.36,-26.75,573.1,5.8,mwc,hrv
2004-11-13,08:34:35,-70.04,-34.15,5.7,2.5,ml,guc
2004-11-13,13:17:04,-71.43,-33.83,53.5,4.0,md,guc
2004-11-13,19:29:25,-71.86,-29.86,4.2,4.9,mwc,hrv
2004-11-13,20:06:10,-66.57,-23.15,197.4,5.2,mwc,hrv
2004-11-13,23:23:13,-71.28,-35.51,111.0,3.0,md,guc
2004-11-14,00:39:30,-71.38,-32.04,56.8,2.5,md,guc
2004-11-14,00:49:38,-70.04,-32.96,109.1,2.7,md,guc
2004-11-14,04:12:38,-71.57,-35.09,68.9,2.7,md,guc
2004-11-14,07:54:00,-70.33,-32.41,106.8,3.2,md,guc
2004-11-14,08:58:51,-72.07,-29.85,31.4,4.5,ml,guc
2004-11-14,10:03:42,-70.05,-34.13,9.6,2.6,md,guc
2004-11-14,12:15:32,-72.02,-33.76,8.2,2.6,ml,guc
2004-11-14,12:22:07,-72.03,-33.76,37.7,3.6,md,guc
2004-11-14,12:37:13,-72.05,-33.78,33.6,3.4,ml,guc
2004-11-14,13:03:50,-72.03,-33.75,31.5,2.7,ml,guc
2004-11-14,18:38:07,-71.29,-30.12,48.3,4.7,mb,us
2004-11-14,19:07:45,-70.57,-35.14,13.5,3.5,ml,guc
2004-11-15,04:09:04,-70.05,-34.09,7.7,2.6,ml,guc
2004-11-15,06:44:52,-69.65,-32.32,132.4,3.4,md,guc
2004-11-15,13:55:26,-72.53,-32.95,16.2,2.8,ml,guc
2004-11-15,17:46:02,-72.12,-33.06,28.6,2.5,ml,guc
2004-11-15,18:10:32,-71.38,-32.07,30.0,3.0,ml,guc
2004-11-15,18:13:23,-72.13,-33.06,32.0,3.4,ml,guc
2004-11-15,20:20:38,-113.58,-22.92,10.0,4.4,mb,us
2004-11-16,02:08:39,-69.23,-31.78,5.0,3.6,ml,guc
2004-11-16,06:10:19,-73.01,-33.49,25.2,2.7,ml,guc
2004-11-16,09:56:28,-71.47,-33.89,50.2,3.4,md,guc
2004-11-16,15:54:23,-72.04,-33.77,37.0,4.0,md,guc
2004-11-16,16:53:25,-67.0,-24.19,176.0,4.2,mb,us
2004-11-16,23:50:10,-70.74,-32.9,75.7,2.9,md,guc
2004-11-17,04:04:03,-69.52,-32.94,131.8,3.0,md,guc
2004-11-17,04:15:38,-70.73,-31.37,94.1,3.0,md,guc
2004-11-17,05:36:52,-72.24,-34.27,5.0,2.8,ml,guc
2004-11-17,07:11:14,-70.04,-32.1,119.4,2.9,md,guc
2004-11-17,07:25:11,-69.24,-21.63,99.8,4.0,md,guc
2004-11-17,10:23:22,-69.14,-21.09,115.9,0.0,,us
2004-11-17,21:39:34,-68.47,-24.86,75.1,3.8,md,guc
2004-11-18,03:24:57,-69.93,-31.85,105.4,4.8,mb,us
2004-11-18,08:47:44,-70.78,-33.17,75.9,2.5,md,guc
2004-11-18,17:40:19,-70.97,-18.72,35.4,0.0,,us
2004-11-18,20:56:29,-71.67,-30.45,41.6,4.1,md,guc
2004-11-18,23:33:19,-71.85,-35.16,71.4,2.8,md,guc
2004-11-19,00:50:44,-71.33,-29.86,15.0,3.8,ml,guc
2004-11-19,03:15:20,-71.12,-29.89,13.7,3.7,ml,guc
2004-11-19,03:50:05,-70.94,-34.33,82.1,3.0,md,guc
2004-11-19,09:22:25,-70.25,-32.7,111.4,3.0,md,guc
2004-11-19,19:07:33,-71.42,-32.6,56.8,2.7,md,guc
2004-11-20,13:54:00,-78.59,-5.4,51.9,4.6,mb,us
2004-11-20,14:20:15,-71.81,-35.17,65.0,2.9,md,guc
2004-11-20,16:16:44,-70.14,-32.04,126.5,3.3,md,guc
2004-11-20,17:21:36,-70.33,-25.6,22.5,4.1,ml,guc
2004-11-20,19:47:09,-70.49,-31.83,123.5,3.2,md,guc
2004-11-20,22:21:16,-70.09,-33.19,117.0,3.5,md,guc
2004-11-21,01:41:58,-69.9,-33.1,113.8,3.8,md,guc
2004-11-21,07:32:33,-70.54,-35.08,5.0,2.8,ml,guc
2004-11-21,17:23:48,-71.47,-32.74,25.6,2.5,ml,guc
2004-11-21,23:58:24,-70.51,-34.24,111.9,3.2,md,guc
2004-11-22,08:51:36,-68.57,-31.85,150.5,3.7,md,guc
2004-11-22,17:18:54,-63.26,-27.47,569.6,4.0,mb,us
2004-11-22,17:22:39,-70.73,-32.56,87.6,2.9,md,guc
2004-11-23,01:27:37,-69.27,-22.24,86.0,0.0,,us
2004-11-23,08:57:46,-71.59,-32.53,26.6,2.6,ml,guc
2004-11-23,13:41:34,-68.58,-22.41,107.6,4.0,md,guc
2004-11-23,15:44:11,-69.74,-31.99,118.6,2.7,md,guc
2004-11-23,15:46:25,-69.13,-25.1,124.8,3.6,md,guc
2004-11-23,16:49:39,-68.32,-23.1,121.9,5.2,mwc,hrv
2004-11-23,20:36:54,-70.24,-33.14,7.3,2.7,ml,guc
2004-11-23,21:15:57,-71.61,-32.06,38.7,3.4,md,guc
2004-11-24,05:42:40,-70.79,-31.77,106.2,0.0,,us
2004-11-24,08:00:54,-70.97,-33.43,67.3,3.0,md,guc
2004-11-24,09:45:32,-70.41,-34.91,3.1,2.6,ml,guc
2004-11-24,10:17:46,-66.57,-23.78,189.8,4.6,mb,us
2004-11-24,13:10:45,-67.46,-24.17,201.8,3.9,mb,us
2004-11-24,15:30:25,-71.66,-32.24,38.0,3.8,md,guc
2004-11-24,16:25:40,-70.43,-33.35,105.5,3.0,md,guc
2004-11-24,16:46:58,-70.23,-33.14,0.0,2.5,ml,guc
2004-11-25,07:09:29,-70.08,-32.44,120.9,2.7,md,guc
2004-11-25,09:34:12,-70.62,-35.0,1.9,3.0,ml,guc
2004-11-25,13:33:12,-70.21,-31.65,129.8,2.6,md,guc
2004-11-25,15:07:07,-68.57,-20.78,103.6,4.6,mb,us
2004-11-26,01:54:15,-70.48,-35.12,15.0,2.5,ml,guc
2004-11-26,13:53:53,-74.72,-16.18,39.2,4.2,mb,us
2004-11-26,14:07:34,-70.68,-31.76,112.2,3.4,md,guc
2004-11-26,16:11:00,-70.06,-34.12,5.6,2.7,ml,guc
2004-11-27,03:29:22,-70.59,-31.65,105.0,2.7,md,guc
2004-11-27,05:14:34,-71.88,-32.46,27.0,4.0,ml,guc
2004-11-27,05:53:40,-71.77,-32.72,26.1,2.6,ml,guc
2004-11-27,13:57:05,-71.78,-31.3,11.2,3.2,ml,guc
2004-11-27,16:00:31,-72.96,-34.31,24.2,2.9,ml,guc
2004-11-27,21:57:55,-91.16,-40.96,10.0,4.8,mb,us
2004-11-28,01:35:52,-114.1,-26.69,10.0,4.4,mb,us
2004-11-28,02:06:18,-113.99,-27.26,10.0,4.2,mb,us
2004-11-28,02:35:13,-113.83,-26.52,10.0,6.6,mwc,hrv
2004-11-28,02:39:55,-113.87,-26.48,10.0,5.2,mb,us
2004-11-28,02:44:36,-113.64,-27.27,10.0,3.9,mb,us
2004-11-28,02:46:42,-113.82,-26.52,10.0,5.0,mb,us
2004-11-28,03:08:51,-114.46,-26.76,10.0,4.7,mb,us
2004-11-28,04:46:35,-70.55,-35.08,14.6,2.9,ml,guc
2004-11-28,05:23:40,-113.86,-26.84,10.0,4.3,mb,us
2004-11-28,06:01:54,-114.4,-26.47,10.0,4.9,mb,us
2004-11-28,06:15:09,-68.39,-21.82,107.8,4.0,mb,us
2004-11-28,08:47:50,-70.59,-29.7,47.0,3.7,md,guc
2004-11-28,15:40:40,-66.72,-21.35,214.8,3.9,mb,us
2004-11-28,22:07:34,-59.65,-54.58,10.0,4.7,mb,us
2004-11-28,23:26:08,-64.45,-23.56,10.0,4.8,mb,us
2004-11-29,01:15:36,-70.9,-32.53,80.8,2.5,md,guc
2004-11-29,01:48:49,-71.39,-32.92,61.6,2.7,md,guc
2004-11-29,05:21:16,-68.51,-21.04,93.9,4.4,mb,us
2004-11-29,06:01:09,-71.19,-28.88,43.1,0.0,,us
2004-11-29,06:32:51,-113.35,-26.86,10.0,5.0,mwc,hrv
2004-11-29,10:57:28,-70.49,-31.85,119.6,3.2,md,guc
2004-11-29,13:13:35,-70.36,-23.08,60.8,4.1,mb,us
2004-11-29,13:26:55,-70.2,-33.87,6.8,2.6,ml,guc
2004-11-29,16:48:38,-70.28,-33.13,4.6,2.9,ml,guc
2004-11-30,04:19:58,-70.37,-34.22,115.0,3.4,md,guc
2004-11-30,05:03:00,-71.34,-32.55,64.2,2.8,md,guc
2004-11-30,12:21:40,-71.84,-35.09,42.1,3.9,md,guc
2004-11-30,15:33:44,-68.0,-32.7,144.3,2.9,md,guc
2004-11-30,15:50:23,-71.75,-32.73,29.7,4.0,ml,guc
2004-11-30,16:47:26,-70.27,-33.13,4.5,2.7,ml,guc
2004-11-30,20:16:00,-70.58,-32.39,89.6,2.8,md,guc
2004-12-01,02:07:28,-71.4,-28.77,37.4,3.8,md,guc
2004-12-01,03:56:33,-66.71,-31.48,120.0,4.3,mb,us
2004-12-01,07:38:05,-74.94,-12.67,82.6,4.0,mb,us
2004-12-01,11:51:47,-71.49,-32.7,25.0,2.9,ml,guc
2004-12-01,12:07:12,-71.36,-33.96,53.0,3.9,md,guc
2004-12-01,14:28:07,-68.99,-31.26,150.0,3.5,md,guc
2004-12-01,23:58:44,-66.78,-23.64,197.5,4.0,mb,us
2004-12-02,00:18:55,-71.47,-32.06,68.6,3.2,md,guc
2004-12-02,02:31:03,-71.59,-32.4,43.1,4.1,md,guc
2004-12-02,08:34:17,-66.11,-22.84,244.2,4.1,mb,us
2004-12-02,10:07:43,-71.72,-35.67,92.1,3.5,md,guc
2004-12-02,14:48:16,-70.55,-34.99,1.9,3.0,ml,guc
2004-12-02,20:34:16,-72.42,-34.07,32.3,2.9,ml,guc
2004-12-02,21:44:53,-70.21,-33.87,107.9,3.3,md,guc
2004-12-03,02:53:51,-71.0,-33.85,69.6,3.8,md,guc
2004-12-03,08:47:58,-68.42,-32.02,141.3,3.8,md,guc
2004-12-03,11:10:04,-70.26,-32.83,106.4,2.8,md,guc
2004-12-03,13:29:06,-71.07,-32.78,61.1,2.9,md,guc
2004-12-03,14:17:15,-69.51,-29.59,112.8,4.8,mb,us
2004-12-03,15:38:43,-70.53,-35.09,10.0,2.6,ml,guc
2004-12-03,18:42:22,-71.3,-18.18,38.4,0.0,,us
2004-12-03,23:56:06,-71.44,-32.67,24.8,2.7,ml,guc
2004-12-04,05:15:34,-68.89,-20.99,130.0,3.9,md,guc
2004-12-04,09:19:57,-70.34,-32.93,103.5,2.6,md,guc
2004-12-04,16:37:05,-69.04,-31.75,154.0,3.0,md,guc
2004-12-04,20:02:37,-69.4,-34.65,186.0,2.8,md,guc
2004-12-04,23:13:17,-71.34,-32.6,18.3,3.2,ml,guc
2004-12-05,04:13:40,-69.2,-22.74,97.1,3.8,mb,us
2004-12-05,04:53:58,-77.79,-10.46,50.0,4.2,mb,us
2004-12-05,10:11:55,-70.2,-32.97,115.9,2.5,md,guc
2004-12-05,10:56:08,-71.54,-30.81,37.8,4.6,mb,us
2004-12-05,14:48:44,-68.23,-21.03,133.2,4.1,mb,us
2004-12-05,16:01:12,-71.01,-32.02,72.7,3.1,md,guc
2004-12-05,16:42:03,-70.33,-35.2,165.5,3.1,md,guc
2004-12-05,16:58:28,-70.24,-35.24,158.5,3.2,md,guc
2004-12-05,17:27:06,-69.91,-33.41,6.4,2.6,ml,guc
2004-12-05,18:41:49,-71.08,-29.58,30.4,4.1,ml,guc
2004-12-05,21:39:35,-107.85,-34.98,10.0,4.2,mb,us
2004-12-05,22:55:07,-71.26,-32.87,51.2,3.4,md,guc
2004-12-06,07:10:10,-71.38,-32.28,42.8,4.3,mb,us
2004-12-06,07:13:52,-71.62,-33.48,45.9,3.6,md,guc
2004-12-06,09:17:25,-114.5,-26.73,10.0,4.6,mb,us
2004-12-06,10:52:32,-68.97,-32.6,163.6,2.6,md,guc
2004-12-06,11:18:00,-71.38,-32.25,43.3,3.7,md,guc
2004-12-06,16:11:31,-71.49,-32.58,34.4,2.8,ml,guc
2004-12-06,21:10:16,-71.34,-32.6,18.2,3.4,ml,guc
2004-12-06,23:44:24,-76.66,-6.72,126.2,4.7,mb,us
2004-12-07,01:29:09,-71.2,-34.66,96.5,3.2,md,guc
2004-12-07,01:42:38,-68.75,-21.53,95.3,4.9,mwc,hrv
2004-12-07,10:22:11,-70.26,-35.06,15.0,2.6,ml,guc
2004-12-07,10:40:07,-70.29,-33.92,113.0,2.8,md,guc
2004-12-07,12:23:33,-70.29,-33.92,113.4,2.7,md,guc
2004-12-07,13:52:00,-71.32,-34.08,50.9,4.3,md,guc
2004-12-07,14:22:29,-71.0,-33.36,69.0,2.7,md,guc
2004-12-07,21:16:16,-70.31,-34.6,5.2,2.7,ml,guc
2004-12-08,04:02:34,-71.9,-32.13,22.8,3.8,ml,guc
2004-12-08,06:03:56,-71.22,-30.84,44.0,5.8,mwb,us
2004-12-08,07:03:15,-71.07,-25.52,22.1,4.0,ml,guc
2004-12-08,09:38:15,-70.89,-34.95,107.5,2.6,md,guc
2004-12-08,14:05:56,-71.06,-32.67,6.4,3.0,md,guc
2004-12-08,15:07:56,-69.65,-31.96,139.2,0.0,,us
2004-12-08,18:44:02,-70.08,-33.09,6.0,2.8,md,guc
2004-12-08,19:23:33,-69.54,-30.98,167.5,0.0,,us
2004-12-08,22:31:53,-70.28,-33.15,5.9,2.6,ml,guc
2004-12-08,23:39:14,-70.47,-31.67,122.5,3.4,md,guc
2004-12-08,23:55:13,-70.76,-37.5,142.9,4.7,mb,us
2004-12-09,06:26:47,-69.62,-32.01,141.0,3.5,md,guc
2004-12-09,07:03:22,-71.4,-32.25,62.7,3.6,md,guc
2004-12-09,09:49:35,-66.24,-32.57,33.0,4.4,ml,guc
2004-12-09,16:50:01,-70.25,-33.15,5.3,2.7,ml,guc
2004-12-09,17:31:42,-71.66,-32.07,0.2,2.5,ml,guc
2004-12-09,20:04:34,-69.5,-31.34,150.0,0.0,,us
2004-12-10,04:52:04,-72.08,-33.27,39.9,3.5,md,guc
2004-12-10,09:00:10,-71.86,-35.86,119.9,3.1,md,guc
2004-12-10,09:20:45,-72.25,-14.75,91.7,0.0,,us
2004-12-10,12:38:53,-70.04,-32.67,118.3,3.0,md,guc
2004-12-10,16:52:31,-71.61,-32.59,26.0,3.2,ml,guc
2004-12-10,17:53:37,-71.52,-31.95,24.4,2.9,ml,guc
2004-12-10,20:32:15,-71.74,-32.11,25.7,3.2,ml,guc
2004-12-11,00:24:14,-71.67,-31.6,30.5,2.7,ml,guc
2004-12-11,01:33:18,-77.9,-10.94,43.2,4.3,mb,us
2004-12-11,03:00:37,-68.66,-33.93,229.7,0.0,,us
2004-12-11,03:15:18,-71.82,-34.69,62.5,2.5,md,guc
2004-12-11,03:22:21,-66.26,-22.62,243.5,3.6,mb,us
2004-12-11,04:36:35,-71.8,-30.77,13.7,2.6,ml,guc
2004-12-11,09:34:44,-70.87,-32.96,77.1,4.6,mb,us
2004-12-11,10:07:02,-66.17,-22.61,251.7,3.6,mb,us
2004-12-11,16:29:12,-70.73,-31.86,82.6,3.1,md,guc
2004-12-11,17:33:12,-69.68,-31.26,8.0,2.9,ml,guc
2004-12-11,21:16:58,-67.34,-22.08,173.3,4.0,mb,us
2004-12-11,21:28:00,-69.27,-32.9,4.4,2.8,ml,guc
2004-12-12,02:57:39,-68.3,-21.67,122.8,3.8,mb,us
2004-12-12,03:11:09,-71.3,-30.87,63.1,3.1,md,guc
2004-12-12,04:56:46,-69.95,-31.66,133.3,3.7,md,guc
2004-12-12,06:35:26,-111.29,-35.21,10.0,4.6,mb,us
2004-12-12,13:21:24,-70.53,-35.08,0.8,2.8,ml,guc
2004-12-12,18:37:25,-71.77,-30.7,25.7,3.2,ml,guc
2004-12-12,19:15:28,-68.43,-31.17,145.0,3.6,md,guc
2004-12-12,19:36:57,-82.13,-44.33,10.0,5.4,mwc,hrv
2004-12-12,19:55:42,-63.29,-27.44,571.5,4.4,mb,us
2004-12-12,21:02:17,-69.56,-18.26,119.5,4.6,mb,us
2004-12-13,00:25:38,-71.72,-30.69,14.6,3.9,ml,guc
2004-12-13,04:29:54,-71.66,-34.35,47.5,3.3,md,guc
2004-12-13,10:59:55,-70.42,-34.35,115.9,3.4,md,guc
2004-12-13,13:02:00,-71.47,-32.7,24.3,2.5,ml,guc
2004-12-13,18:56:34,-68.33,-31.2,36.0,3.6,ml,guc
2004-12-13,20:16:25,-76.0,-6.46,35.0,4.2,mb,us
2004-12-13,22:01:41,-72.15,-34.52,32.1,2.7,ml,guc
2004-12-13,22:24:10,-71.78,-30.97,23.8,4.7,mb,us
2004-12-13,22:35:40,-69.82,-31.74,144.4,3.7,md,guc
2004-12-13,23:15:30,-71.74,-30.95,31.4,4.3,mb,us
2004-12-14,00:16:02,-71.75,-29.76,46.1,3.7,md,guc
2004-12-14,00:27:58,-71.69,-30.97,12.3,2.7,ml,guc
2004-12-14,01:22:34,-70.01,-32.42,133.1,2.8,md,guc
2004-12-14,04:46:18,-71.75,-30.98,12.3,2.8,ml,guc
2004-12-14,07:37:31,-70.29,-33.51,108.3,2.9,md,guc
2004-12-14,08:07:40,-71.05,-12.8,13.8,4.7,mb,us
2004-12-14,09:06:06,-70.83,-34.73,105.0,2.9,md,guc
2004-12-14,09:15:32,-71.4,-30.53,52.2,4.5,mb,us
2004-12-14,11:33:49,-71.09,-34.63,74.0,2.7,md,guc
2004-12-14,13:06:06,-70.59,-33.54,94.7,3.0,md,guc
2004-12-14,16:37:33,-70.54,-34.96,0.0,2.6,ml,guc
2004-12-14,17:08:53,-65.94,-21.9,261.7,3.9,mb,us
2004-12-14,17:55:14,-66.7,-24.0,194.6,4.0,mb,us
2004-12-15,01:53:32,-68.59,-21.44,121.8,0.0,,us
2004-12-15,10:44:22,-66.88,-24.29,174.8,4.2,mb,us
2004-12-15,12:46:42,-71.72,-32.26,12.7,2.5,ml,guc
2004-12-15,15:46:56,-69.57,-32.11,123.2,2.8,md,guc
2004-12-15,16:46:51,-70.25,-33.15,5.9,2.5,ml,guc
2004-12-15,17:20:25,-70.41,-31.28,134.5,3.0,md,guc
2004-12-15,23:48:31,-71.72,-30.96,25.1,3.9,ml,guc
2004-12-16,05:55:44,-68.22,-22.33,103.2,4.4,mb,us
2004-12-16,08:31:22,-71.8,-30.96,18.3,3.9,ml,guc
2004-12-16,09:36:54,-68.58,-31.92,150.0,3.3,md,guc
2004-12-16,14:19:42,-72.94,-16.86,45.7,0.0,,us
2004-12-16,16:24:55,-71.26,-35.26,84.7,3.2,md,guc
2004-12-16,17:09:51,-70.31,-33.32,102.5,2.7,md,guc
2004-12-16,19:35:20,-71.34,-30.83,47.7,4.0,md,guc
2004-12-16,23:38:36,-71.4,-31.0,57.5,3.8,md,guc
2004-12-17,01:44:37,-72.45,-34.67,27.4,2.9,ml,guc
2004-12-17,03:55:42,-68.93,-19.36,120.0,4.1,mb,us
2004-12-17,10:12:09,-70.19,-31.75,138.1,3.6,md,guc
2004-12-17,15:15:09,-71.32,-31.02,62.1,3.4,md,guc
2004-12-17,19:11:09,-68.78,-33.41,25.5,4.5,mb,us
2004-12-18,06:31:46,-70.58,-35.02,5.0,2.6,ml,guc
2004-12-18,06:41:01,-71.73,-32.68,26.6,2.8,ml,guc
2004-12-18,14:52:27,-71.81,-29.79,27.4,3.4,ml,guc
2004-12-18,15:34:03,-71.6,-32.6,55.0,3.0,md,guc
2004-12-18,16:55:17,-70.28,-33.14,2.7,2.5,ml,guc
2004-12-18,17:57:23,-73.92,-16.2,27.8,5.8,mwc,hrv
2004-12-18,18:46:34,-71.24,-28.65,45.0,4.0,md,guc
2004-12-19,07:43:37,-71.12,-32.07,63.5,3.6,md,guc
2004-12-19,08:01:03,-70.8,-32.49,81.4,3.6,md,guc
2004-12-19,11:43:44,-71.37,-30.81,43.1,3.2,md,guc
2004-12-19,12:10:12,-69.53,-31.47,150.7,3.2,md,guc
2004-12-19,17:19:36,-72.46,-34.85,26.9,2.9,ml,guc
2004-12-19,19:33:04,-71.38,-30.8,53.4,3.3,md,guc
2004-12-19,19:43:20,-70.96,-32.22,77.5,3.3,md,guc
2004-12-19,22:19:23,-66.89,-23.97,191.0,4.1,mb,us
2004-12-19,23:54:09,-71.11,-33.06,54.3,4.0,md,guc
2004-12-20,03:48:12,-75.37,-14.62,54.6,4.2,mb,us
2004-12-20,03:58:43,-75.17,-15.26,25.9,5.5,mwc,hrv
2004-12-20,04:52:59,-70.43,-31.88,120.5,3.4,md,guc
2004-12-20,05:25:28,-70.3,-34.29,110.3,3.0,md,guc
2004-12-20,08:49:00,-75.2,-15.3,25.4,4.1,mb,us
2004-12-20,09:13:12,-71.23,-33.07,57.1,2.8,md,guc
2004-12-20,10:00:40,-71.7,-30.97,33.9,2.8,ml,guc
2004-12-20,14:44:32,-67.64,-31.23,109.9,0.0,,us
2004-12-20,20:11:54,-71.74,-31.56,20.6,3.4,ml,guc
2004-12-20,20:40:42,-71.61,-32.32,37.1,3.5,md,guc
2004-12-20,22:03:54,-70.52,-27.4,66.7,3.8,md,guc
2004-12-21,03:24:55,-70.12,-31.89,137.1,2.7,md,guc
2004-12-21,07:25:12,-71.65,-32.68,25.5,3.0,ml,guc
2004-12-21,14:07:17,-71.82,-32.51,22.8,4.4,ml,guc
2004-12-22,06:05:35,-70.49,-34.37,113.8,2.5,md,guc
2004-12-22,06:56:59,-71.78,-33.29,37.1,2.6,md,guc
2004-12-22,07:52:38,-71.59,-29.98,28.9,4.4,ml,guc
2004-12-22,16:42:50,-70.27,-33.14,8.7,2.6,ml,guc
2004-12-22,21:03:39,-125.0,-55.94,10.0,6.1,mwc,hrv
2004-12-23,00:53:04,-67.77,-21.04,149.6,4.3,mb,us
2004-12-23,03:07:50,-69.54,-31.2,155.0,3.5,md,guc
2004-12-23,04:42:03,-69.27,-31.37,135.1,3.2,md,guc
2004-12-23,09:34:31,-70.05,-32.36,116.5,3.4,md,guc
2004-12-23,10:02:57,-69.82,-31.6,134.5,3.3,md,guc
2004-12-23,11:07:31,-71.41,-30.8,42.4,4.0,md,guc
2004-12-23,13:54:37,-70.29,-33.8,107.5,2.7,md,guc
2004-12-23,17:09:27,-71.07,-32.64,7.8,2.6,ml,guc
2004-12-23,17:55:41,-71.63,-30.78,36.4,4.7,mb,us
2004-12-23,19:53:43,-69.96,-31.72,128.6,2.6,md,guc
2004-12-23,20:27:18,-70.25,-33.12,1.5,3.1,ml,guc
2004-12-23,22:07:10,-71.69,-30.83,15.4,2.8,ml,guc
2004-12-23,22:09:59,-71.71,-30.87,33.9,3.0,ml,guc
2004-12-24,02:43:30,-80.93,-6.53,15.0,0.0,,us
2004-12-24,04:08:06,-71.71,-31.69,29.9,3.6,ml,guc
2004-12-24,09:36:18,-71.7,-30.86,14.2,3.3,ml,guc
2004-12-24,10:19:06,-71.7,-30.75,22.4,3.9,ml,guc
2004-12-24,14:53:42,-70.59,-34.01,102.5,3.3,md,guc
2004-12-24,16:52:40,-77.22,-12.39,45.0,0.0,,us
2004-12-24,17:01:30,-70.27,-33.13,4.2,2.6,ml,guc
2004-12-24,17:18:43,-70.41,-31.46,119.6,3.4,md,guc
2004-12-24,22:32:04,-71.13,-35.11,105.3,2.6,md,guc
2004-12-25,01:26:17,-70.34,-32.65,101.6,2.7,md,guc
2004-12-25,09:03:34,-70.5,-26.36,55.5,4.5,mb,us
2004-12-25,13:09:04,-71.18,-32.0,59.2,2.7,md,guc
2004-12-25,13:28:09,-71.34,-30.33,44.8,3.8,md,guc
2004-12-26,05:02:06,-69.51,-20.7,90.0,0.0,,us
2004-12-26,06:28:09,-68.94,-31.29,161.0,3.9,md,guc
2004-12-26,08:12:59,-72.62,-33.63,39.4,3.5,md,guc
2004-12-26,12:50:05,-71.74,-31.68,29.3,3.1,ml,guc
2004-12-27,06:10:33,-70.09,-33.16,118.8,3.7,md,guc
2004-12-27,06:35:11,-70.63,-33.82,95.0,2.7,md,guc
2004-12-27,08:37:59,-68.42,-21.55,111.8,0.0,,us
2004-12-27,10:07:18,-69.61,-29.32,125.0,3.7,md,guc
2004-12-27,10:58:09,-70.56,-35.33,7.2,3.2,ml,guc
2004-12-27,13:29:45,-70.48,-26.91,39.5,0.0,,us
2004-12-27,17:31:20,-70.54,-34.94,0.0,2.6,ml,guc
2004-12-27,21:04:36,-70.59,-35.17,0.0,3.3,ml,guc
2004-12-27,23:13:59,-67.1,-24.28,176.6,3.9,mb,us
2004-12-28,11:05:09,-71.45,-30.83,60.7,3.9,md,guc
2004-12-28,14:02:23,-71.58,-32.91,58.9,3.4,md,guc
2004-12-28,14:34:58,-71.07,-33.05,58.8,2.8,md,guc
2004-12-28,14:45:19,-78.9,-9.75,33.0,4.5,mb,us
2004-12-28,15:19:37,-72.26,-34.1,39.7,3.7,md,guc
2004-12-28,16:46:32,-70.96,-34.03,75.8,2.6,md,guc
2004-12-29,00:49:04,-74.04,-16.32,26.0,5.3,mwc,hrv
2004-12-29,03:03:07,-68.3,-28.98,92.1,4.7,mb,us
2004-12-29,04:11:26,-71.72,-32.68,27.2,2.5,ml,guc
2004-12-29,04:23:08,-72.07,-32.92,10.5,2.7,ml,guc
2004-12-29,11:13:27,-71.74,-35.23,65.6,2.8,md,guc
2004-12-29,12:01:10,-70.16,-32.13,114.2,3.6,md,guc
2004-12-29,16:33:20,-71.15,-31.75,87.7,3.4,md,guc
2004-12-29,16:44:26,-70.24,-33.15,5.6,3.4,ml,guc
2004-12-29,22:11:10,-71.83,-32.22,37.4,4.2,md,guc
2004-12-29,22:30:04,-70.04,-32.51,118.1,3.3,md,guc
2004-12-30,03:25:07,-70.49,-35.04,0.0,4.0,mb,us
2004-12-30,03:30:24,-70.54,-34.96,0.0,2.6,ml,guc
2004-12-30,03:32:43,-71.14,-29.57,62.0,0.0,,us
2004-12-30,07:27:36,-71.19,-32.76,53.8,3.7,md,guc
2004-12-30,12:54:14,-71.0,-32.2,91.3,3.1,md,guc
2004-12-30,15:15:21,-71.03,-34.53,85.7,3.7,md,guc
2004-12-30,21:09:20,-71.61,-32.78,56.8,3.3,md,guc
2004-12-30,22:21:59,-68.59,-33.4,4.7,4.3,ml,guc
2004-12-30,23:37:48,-71.4,-30.8,40.4,3.3,md,guc
2004-12-31,06:26:21,-73.54,-37.84,30.0,4.0,mb,us
2004-12-31,07:58:58,-70.0,-32.49,128.5,2.9,md,guc
2004-12-31,08:59:34,-71.27,-30.98,56.2,2.8,md,guc
2004-12-31,10:15:54,-71.36,-36.16,78.6,3.0,md,guc
2004-12-31,22:13:09,-70.19,-32.48,110.1,4.6,mb,us
2004-12-31,23:22:42,-68.92,-31.36,150.0,3.6,md,guc
2005-01-01,21:47:25,-72.6,-33.65,38.9,3.5,md,guc
2005-01-02,03:46:29,-71.95,-37.4,110.2,3.4,md,guc
2005-01-02,06:11:35,-70.18,-31.72,135.2,0.0,,us
2005-01-02,07:09:00,-71.13,-34.93,99.8,2.8,md,guc
2005-01-02,08:15:04,-71.7,-32.6,23.1,2.6,ml,guc
2005-01-02,10:27:09,-72.52,-34.98,15.0,2.8,ml,guc
2005-01-02,14:55:41,-71.53,-31.11,67.7,3.5,md,guc
2005-01-02,23:15:19,-71.63,-32.68,25.9,2.5,ml,guc
2005-01-03,00:54:14,-71.11,-32.69,61.5,2.9,md,guc
2005-01-03,06:53:40,-71.84,-32.31,11.2,2.5,ml,guc
2005-01-03,08:03:35,-71.92,-32.74,38.9,4.3,md,guc
2005-01-03,14:03:19,-70.65,-33.21,91.1,3.5,md,guc
2005-01-03,14:43:53,-70.94,-30.41,78.8,3.4,md,guc
2005-01-03,20:10:40,-70.88,-32.45,73.2,2.8,md,guc
2005-01-04,01:22:14,-70.41,-35.28,176.6,2.9,md,guc
2005-01-04,03:40:45,-71.26,-28.47,30.5,3.5,ml,guc
2005-01-04,06:03:15,-71.62,-32.09,59.7,3.5,md,guc
2005-01-04,11:22:05,-72.37,-35.89,18.3,4.4,ml,guc
2005-01-04,11:25:19,-72.71,-31.45,37.6,4.6,mb,us
2005-01-04,13:01:33,-72.36,-35.9,15.1,3.0,ml,guc
2005-01-04,18:20:22,-71.6,-31.75,37.7,3.9,md,guc
2005-01-04,20:55:44,-70.53,-35.05,3.0,3.2,ml,guc
2005-01-05,01:16:54,-71.74,-31.59,28.4,2.5,ml,guc
2005-01-05,06:59:43,-71.38,-29.61,68.6,3.4,md,guc
2005-01-05,13:27:32,-70.65,-33.34,80.0,3.2,md,guc
2005-01-05,16:32:04,-71.75,-31.34,22.6,4.3,mb,us
2005-01-05,17:44:28,-71.67,-31.55,33.2,2.8,ml,guc
2005-01-06,01:56:55,-72.0,-27.94,106.8,0.0,,us
2005-01-06,04:00:01,-68.62,-31.91,150.0,3.7,md,guc
2005-01-06,06:05:02,-71.38,-30.59,38.4,3.4,md,guc
2005-01-06,08:07:05,-70.64,-31.38,112.9,2.8,md,guc
2005-01-06,08:52:31,-70.56,-32.17,109.0,3.1,md,guc
2005-01-06,09:06:07,-71.79,-30.94,6.4,3.2,ml,guc
2005-01-06,13:35:16,-68.45,-21.85,125.2,5.4,mwc,hrv
2005-01-06,19:56:33,-70.03,-34.13,5.0,2.5,ml,guc
2005-01-07,05:27:22,-69.14,-31.51,145.0,3.3,md,guc
2005-01-07,06:22:32,-71.8,-32.55,17.0,3.7,ml,guc
2005-01-07,14:53:05,-66.96,-24.48,154.9,4.6,mb,us
2005-01-07,16:15:43,-66.68,-21.32,205.4,4.8,mb,us
2005-01-08,00:33:28,-70.54,-34.51,112.6,2.9,md,guc
2005-01-08,00:39:00,-69.59,-32.68,113.8,3.1,md,guc
2005-01-08,06:21:34,-88.96,-41.42,10.0,4.6,mb,us
2005-01-08,06:35:02,-67.38,-23.84,238.3,0.0,,us
2005-01-08,13:55:51,-70.49,-35.12,8.0,4.3,ml,guc
2005-01-08,16:08:18,-107.26,-26.85,10.0,5.1,mwc,hrv
2005-01-08,18:55:34,-70.85,-33.99,75.8,2.9,md,guc
2005-01-08,21:30:16,-70.6,-35.07,8.1,3.9,ml,guc
2005-01-09,09:20:05,-69.47,-18.6,118.1,0.0,,us
2005-01-09,14:59:05,-71.66,-32.66,28.0,2.5,ml,guc
2005-01-09,21:31:28,-71.83,-33.9,39.5,3.2,md,guc
2005-01-10,02:31:14,-70.59,-35.06,5.0,2.5,ml,guc
2005-01-10,08:19:26,-69.4,-31.66,147.0,3.3,md,guc
2005-01-10,10:04:51,-112.66,-22.73,10.0,4.6,mb,us
2005-01-10,11:14:53,-111.8,-28.63,10.0,4.6,mb,us
2005-01-10,11:20:57,-71.37,-30.82,63.4,4.0,md,guc
2005-01-10,12:52:30,-68.9,-31.32,106.3,4.4,mb,us
2005-01-10,17:45:33,-72.31,-34.79,34.8,3.7,md,guc
2005-01-10,19:41:43,-70.92,-34.34,90.8,2.7,md,guc
2005-01-10,19:56:40,-71.5,-32.63,31.3,2.7,ml,guc
2005-01-10,20:52:18,-71.26,-30.86,65.3,2.9,md,guc
2005-01-10,23:32:37,-75.88,-11.86,91.2,3.7,mb,us
2005-01-11,00:10:36,-66.71,-27.97,180.0,0.0,,us
2005-01-11,07:07:14,-71.27,-15.65,147.9,4.6,mb,us
2005-01-11,13:36:03,-68.92,-20.45,105.2,4.2,mb,us
2005-01-11,14:32:14,-63.61,-23.82,531.5,4.2,mb,us
2005-01-11,16:20:24,-70.92,-32.84,64.5,3.1,md,guc
2005-01-11,17:28:50,-67.06,-23.89,165.4,5.0,mwc,hrv
2005-01-11,21:33:23,-69.72,-31.63,115.7,2.8,md,guc
2005-01-12,00:25:27,-69.62,-32.12,149.3,3.8,md,guc
2005-01-12,04:00:55,-70.87,-32.92,73.7,2.5,md,guc
2005-01-12,06:59:24,-68.44,-21.87,115.2,3.8,mb,us
2005-01-12,07:14:11,-70.75,-33.0,73.4,3.0,md,guc
2005-01-12,16:31:07,-71.98,-32.94,22.1,3.5,ml,guc
2005-01-12,22:08:16,-71.27,-30.7,48.4,4.2,mb,us
2005-01-12,23:55:09,-70.49,-28.75,84.3,3.5,md,guc
2005-01-13,02:44:42,-71.61,-30.66,15.5,2.7,ml,guc
2005-01-13,14:51:12,-68.41,-31.66,150.0,3.9,md,guc
2005-01-13,20:32:00,-71.69,-34.8,41.2,3.4,md,guc
2005-01-13,22:51:12,-66.66,-21.58,213.4,4.3,mb,us
2005-01-13,23:09:33,-70.61,-35.03,5.0,3.2,ml,guc
2005-01-14,03:40:13,-104.49,-35.58,10.0,4.5,mb,us
2005-01-14,07:49:58,-69.0,-33.4,5.0,2.6,ml,guc
2005-01-14,10:18:19,-71.51,-30.64,40.0,3.8,md,guc
2005-01-14,11:04:31,-71.1,-18.56,40.2,4.3,mb,us
2005-01-14,14:35:56,-70.52,-21.16,59.7,0.0,,us
2005-01-15,00:28:07,-67.14,-24.13,184.2,0.0,,us
2005-01-15,01:09:46,-69.51,-32.3,103.3,3.2,md,guc
2005-01-15,01:47:10,-71.7,-30.86,15.0,3.2,ml,guc
2005-01-15,03:25:38,-71.55,-31.81,64.8,2.9,md,guc
2005-01-15,15:34:13,-71.63,-29.82,24.6,2.7,ml,guc
2005-01-15,20:07:03,-70.42,-33.0,97.5,2.8,md,guc
2005-01-15,20:10:19,-71.66,-31.99,48.9,3.6,md,guc
2005-01-15,20:45:35,-70.23,-33.18,7.8,2.5,ml,guc
2005-01-15,21:49:29,-71.26,-32.66,51.0,3.4,md,guc
2005-01-15,23:24:58,-70.56,-35.07,9.8,2.7,ml,guc
2005-01-16,00:27:06,-66.16,-22.55,254.1,0.0,,us
2005-01-16,04:58:08,-71.73,-32.13,12.0,3.1,ml,guc
2005-01-16,09:40:42,-71.27,-31.03,63.0,0.0,,us
2005-01-16,12:49:15,-67.93,-23.99,122.6,4.6,mb,us
2005-01-17,00:54:11,-71.39,-31.96,42.8,3.7,md,guc
2005-01-17,00:58:42,-71.65,-31.36,29.9,2.8,ml,guc
2005-01-17,02:46:36,-72.03,-33.82,10.6,3.4,ml,guc
2005-01-17,04:18:50,-67.85,-31.27,150.0,0.0,,us
2005-01-17,04:30:39,-72.04,-33.81,8.7,2.8,ml,guc
2005-01-17,05:43:15,-66.75,-23.35,196.9,4.1,mb,us
2005-01-17,09:44:33,-72.02,-33.82,10.3,3.0,ml,guc
2005-01-17,19:33:03,-70.23,-33.16,7.6,2.5,ml,guc
2005-01-18,02:57:53,-68.88,-31.17,147.1,0.0,,us
2005-01-18,04:09:54,-71.32,-32.15,65.0,3.2,md,guc
2005-01-18,04:34:44,-66.56,-31.81,133.3,4.2,mb,us
2005-01-18,09:04:48,-71.94,-29.94,36.3,3.0,ml,guc
2005-01-18,10:43:38,-69.03,-31.44,150.9,3.4,md,guc
2005-01-18,11:19:14,-66.75,-24.05,196.6,0.0,,us
2005-01-18,12:42:02,-71.6,-32.66,35.6,3.5,md,guc
2005-01-18,16:23:44,-71.5,-30.92,70.5,3.6,md,guc
2005-01-18,21:36:05,-71.58,-32.58,58.2,3.2,md,guc
2005-01-19,01:22:46,-71.92,-31.69,18.2,3.5,ml,guc
2005-01-19,06:20:58,-71.9,-31.67,30.5,4.8,ml,guc
2005-01-19,06:30:59,-71.9,-31.67,26.5,3.6,ml,guc
2005-01-19,06:35:32,-71.58,-32.1,52.7,3.9,md,guc
2005-01-19,07:46:15,-70.46,-33.49,93.5,3.4,md,guc
2005-01-19,10:59:35,-71.5,-32.39,53.6,3.6,md,guc
2005-01-19,11:21:38,-112.89,-13.59,10.0,4.8,mb,us
2005-01-19,18:21:12,-66.98,-23.85,201.6,4.2,mb,us
2005-01-19,21:03:07,-69.97,-31.64,145.9,3.1,md,guc
2005-01-19,23:45:38,-72.23,-32.93,26.9,2.7,ml,guc
2005-01-20,03:58:18,-71.71,-32.7,28.4,2.6,ml,guc
2005-01-20,04:25:32,-71.84,-34.69,35.7,2.9,ml,guc
2005-01-20,05:50:40,-72.08,-33.61,41.3,3.3,md,guc
2005-01-20,12:53:59,-70.59,-35.08,3.0,2.6,ml,guc
2005-01-20,14:23:14,-69.6,-21.0,97.0,4.4,mb,us
2005-01-20,15:11:31,-74.29,-42.67,24.3,4.4,mb,us
2005-01-20,19:20:38,-70.23,-31.85,118.0,3.1,md,guc
2005-01-20,20:06:44,-91.76,-41.42,10.0,4.8,mb,us
2005-01-20,22:18:39,-68.73,-22.14,102.1,5.1,mwc,hrv
2005-01-21,09:47:35,-72.02,-33.33,39.8,3.3,md,guc
2005-01-21,14:18:19,-71.77,-32.34,21.8,2.5,ml,guc
2005-01-21,20:55:42,-71.4,-33.8,43.0,2.8,md,guc
2005-01-21,23:58:01,-71.18,-35.0,98.7,3.0,md,guc
2005-01-22,02:57:07,-63.65,-22.27,526.8,5.3,mwc,hrv
2005-01-22,04:04:02,-71.4,-33.8,42.3,3.4,md,guc
2005-01-22,04:31:20,-71.39,-33.81,40.7,3.5,md,guc
2005-01-22,06:25:30,-72.05,-31.94,36.8,3.7,md,guc
2005-01-22,14:48:16,-71.86,-32.57,23.2,3.1,ml,guc
2005-01-22,15:59:53,-70.44,-34.35,118.2,3.9,md,guc
2005-01-22,18:27:41,-72.21,-31.83,28.0,4.6,mb,us
2005-01-22,20:29:40,-72.96,-33.01,36.4,3.2,md,guc
2005-01-22,22:00:41,-70.27,-33.04,99.8,2.6,md,guc
2005-01-23,01:19:22,-72.18,-31.82,29.7,3.6,ml,guc
2005-01-23,03:27:48,-66.51,-27.88,171.9,3.7,mb,us
2005-01-23,07:06:41,-69.52,-17.88,143.9,3.5,mb,us
2005-01-23,08:30:44,-71.19,-28.85,44.9,3.1,md,guc
2005-01-23,09:41:52,-71.53,-32.03,30.0,2.6,ml,guc
2005-01-23,09:56:36,-71.86,-31.6,25.3,3.4,ml,guc
2005-01-23,23:15:53,-82.68,-42.72,10.0,5.3,mwc,hrv
2005-01-23,23:17:40,-73.88,-15.61,66.8,3.9,mb,us
2005-01-23,23:43:53,-72.12,-31.77,25.9,3.1,ml,guc
2005-01-24,01:13:30,-72.09,-33.99,44.3,3.0,md,guc
2005-01-24,02:58:23,-71.54,-31.99,15.0,2.6,ml,guc
2005-01-24,03:48:46,-71.43,-15.51,153.3,4.1,mb,us
2005-01-24,05:49:45,-70.63,-28.35,57.9,3.5,md,guc
2005-01-24,06:17:17,-69.37,-31.98,156.8,3.6,md,guc
2005-01-24,07:24:27,-71.92,-32.02,29.1,4.4,mb,us
2005-01-24,10:55:08,-72.28,-31.53,37.8,3.5,md,guc
2005-01-24,17:03:20,-71.75,-32.7,24.1,2.6,ml,guc
2005-01-24,18:10:15,-71.68,-32.72,24.1,2.5,ml,guc
2005-01-24,19:07:16,-71.72,-29.4,42.6,5.1,mwc,hrv
2005-01-24,19:37:58,-74.19,-8.45,155.8,0.0,,us
2005-01-24,20:05:51,-70.24,-33.12,0.5,2.5,ml,guc
2005-01-24,23:26:24,-70.52,-30.72,106.8,3.1,md,guc
2005-01-25,01:52:30,-71.32,-31.07,62.9,3.9,md,guc
2005-01-25,02:35:46,-70.39,-33.18,95.9,2.6,md,guc
2005-01-25,06:00:18,-71.75,-32.66,27.1,2.7,ml,guc
2005-01-25,09:52:56,-67.16,-18.23,272.4,3.9,mb,us
2005-01-25,11:38:15,-70.53,-35.06,8.2,2.5,ml,guc
2005-01-25,12:03:57,-71.41,-32.35,49.5,2.9,md,guc
2005-01-25,13:21:31,-72.02,-31.84,0.0,2.8,ml,guc
2005-01-25,16:45:57,-69.72,-31.44,149.5,0.0,,us
2005-01-26,01:36:16,-72.15,-31.79,19.0,3.6,ml,guc
2005-01-26,01:42:30,-72.1,-31.81,26.9,3.6,ml,guc
2005-01-26,03:35:11,-71.59,-30.96,18.5,2.9,ml,guc
2005-01-26,07:14:12,-68.4,-31.36,150.0,3.7,md,guc
2005-01-26,15:08:44,-72.06,-31.76,26.5,4.1,ml,guc
2005-01-26,15:37:44,-71.83,-34.7,40.1,4.3,md,guc
2005-01-26,16:51:26,-70.27,-33.15,2.1,2.6,ml,guc
2005-01-26,19:30:53,-70.23,-19.94,48.2,4.0,mb,us
2005-01-26,21:00:15,-69.62,-16.83,172.9,4.3,mb,us
2005-01-26,23:14:15,-74.05,-16.32,28.0,4.4,mb,us
2005-01-27,03:50:36,-70.52,-34.09,101.3,2.5,md,guc
2005-01-27,06:19:07,-71.62,-32.7,27.8,2.5,ml,guc
2005-01-27,10:21:06,-69.6,-26.31,5.0,4.2,ml,guc
2005-01-28,06:25:05,-70.08,-33.98,5.0,3.4,ml,guc
2005-01-28,19:58:40,-71.62,-31.57,31.8,3.1,ml,guc
2005-01-28,22:42:23,-72.57,-32.37,40.0,3.1,md,guc
2005-01-29,08:35:12,-72.34,-33.31,5.3,2.5,ml,guc
2005-01-29,09:34:37,-75.01,-8.26,135.8,4.7,mb,us
2005-01-29,09:35:20,-71.92,-6.72,320.8,4.1,mb,us
2005-01-29,11:18:36,-72.1,-33.01,15.2,3.1,ml,guc
2005-01-29,12:26:53,-71.76,-32.37,22.1,3.8,ml,guc
2005-01-29,13:27:00,-71.77,-32.37,22.6,3.6,ml,guc
2005-01-30,03:52:27,-71.73,-32.65,24.7,2.5,ml,guc
2005-01-30,14:48:42,-71.15,-32.84,54.5,3.4,md,guc
2005-01-30,14:59:19,-70.58,-20.03,10.0,4.6,ml,guc
2005-01-30,15:52:15,-71.34,-29.99,44.2,3.8,md,guc
2005-01-30,20:11:44,-68.06,-31.39,83.4,0.0,,us
2005-01-30,20:59:23,-71.09,-27.41,29.9,4.9,ml,guc
2005-01-31,04:03:29,-70.26,-32.69,108.0,4.1,md,guc
2005-01-31,07:15:19,-70.02,-32.9,107.1,2.9,md,guc
2005-01-31,07:21:01,-70.56,-34.99,5.0,2.6,ml,guc
2005-01-31,12:01:31,-69.36,-31.62,124.8,3.9,md,guc
2005-01-31,16:30:24,-72.05,-34.39,15.0,2.5,ml,guc
2005-02-01,02:57:43,-66.69,-23.49,188.8,4.7,mb,us
2005-02-01,03:03:56,-70.49,-15.46,191.3,4.5,mb,us
2005-02-01,14:07:03,-70.56,-34.95,0.9,3.4,ml,guc
2005-02-01,17:12:01,-70.73,-36.03,0.6,3.7,ml,guc
2005-02-01,18:18:37,-70.12,-32.95,101.6,2.5,md,guc
2005-02-01,19:05:54,-70.65,-36.06,11.8,3.7,ml,guc
2005-02-02,08:58:09,-68.71,-31.33,97.6,3.4,md,guc
2005-02-02,09:09:31,-71.54,-32.03,28.9,3.2,ml,guc
2005-02-02,09:41:29,-69.33,-31.04,149.3,3.8,md,guc
2005-02-02,10:40:52,-69.55,-27.02,118.9,0.0,,us
2005-02-02,11:17:04,-71.74,-32.16,27.0,3.0,ml,guc
2005-02-02,11:22:54,-71.74,-32.16,24.3,2.8,ml,guc
2005-02-02,17:33:58,-71.12,-32.4,77.6,3.2,md,guc
2005-02-02,20:37:48,-68.95,-31.5,150.0,3.1,md,guc
2005-02-03,08:48:38,-69.12,-19.31,110.1,4.7,mb,us
2005-02-03,09:41:31,-70.82,-32.62,81.4,3.4,md,guc
2005-02-03,10:52:53,-72.74,-35.36,1.0,3.1,ml,guc
2005-02-03,23:36:03,-68.72,-31.25,149.6,3.8,md,guc
2005-02-04,04:59:38,-69.63,-31.62,93.6,3.4,md,guc
2005-02-04,05:06:53,-71.31,-30.72,31.4,3.6,ml,guc
2005-02-04,09:15:36,-73.78,-37.86,22.8,4.9,mwc,hrv
2005-02-04,20:16:58,-74.36,-38.32,10.0,4.2,md,guc
2005-02-05,03:44:00,-68.94,-31.4,167.6,3.5,md,guc
2005-02-05,22:20:51,-72.23,-34.79,5.0,2.6,ml,guc
2005-02-05,22:32:33,-71.71,-30.76,20.1,3.9,ml,guc
2005-02-05,22:39:57,-71.06,-32.24,65.1,2.8,md,guc
2005-02-06,04:03:44,-69.12,-23.78,9.1,4.4,ml,guc
2005-02-06,08:22:25,-66.63,-21.54,202.1,4.8,mb,us
2005-02-06,10:15:40,-67.03,-24.41,149.6,4.3,mb,us
2005-02-06,13:26:12,-69.7,-34.83,158.4,3.4,md,guc
2005-02-06,23:58:07,-69.54,-33.91,159.6,2.6,md,guc
2005-02-07,06:38:40,-71.73,-32.16,25.7,3.3,ml,guc
2005-02-07,07:36:18,-70.63,-34.42,109.9,2.9,md,guc
2005-02-07,12:53:46,-73.61,-10.06,39.5,4.7,mb,us
2005-02-07,18:36:46,-69.62,-34.24,0.0,3.2,ml,guc
2005-02-07,18:47:49,-71.06,-34.46,69.1,3.5,md,guc
2005-02-07,19:04:14,-69.58,-34.21,2.3,2.6,ml,guc
2005-02-08,04:47:52,-66.6,-33.08,38.4,4.3,mb,us
2005-02-08,06:36:22,-70.46,-33.55,93.8,2.5,md,guc
2005-02-08,11:20:16,-71.76,-30.85,22.6,3.2,ml,guc
2005-02-08,12:24:31,-71.67,-30.78,33.4,3.5,ml,guc
2005-02-08,19:03:50,-69.18,-31.35,151.9,3.6,md,guc
2005-02-08,21:18:41,-73.71,-36.81,24.4,3.5,ml,guc
2005-02-09,01:12:57,-70.06,-32.13,123.6,3.1,md,guc
2005-02-09,03:36:50,-68.88,-31.22,150.0,4.0,md,guc
2005-02-09,04:14:12,-71.37,-32.5,69.1,3.3,md,guc
2005-02-09,06:22:27,-111.92,-23.64,10.0,5.0,mb,us
2005-02-09,06:26:46,-111.85,-23.73,10.0,4.9,mb,us
2005-02-09,08:41:31,-70.24,-15.52,205.4,4.2,mb,us
2005-02-09,09:45:44,-70.41,-29.35,91.9,0.0,,us
2005-02-09,10:20:49,-73.65,-16.14,49.2,4.7,mb,us
2005-02-09,13:18:40,-70.35,-31.63,125.9,4.0,md,guc
2005-02-09,15:18:42,-70.56,-13.81,71.0,3.9,mb,us
2005-02-09,18:01:43,-111.91,-23.62,10.0,4.9,mb,us
2005-02-10,03:39:11,-66.64,-23.99,198.9,4.3,mb,us
2005-02-10,04:42:00,-103.92,-35.77,10.0,5.0,mwc,hrv
2005-02-10,06:54:13,-70.12,-33.49,5.2,2.8,ml,guc
2005-02-10,15:37:27,-70.01,-25.72,79.7,0.0,,us
2005-02-10,17:59:46,-75.78,-45.72,35.0,4.5,mb,us
2005-02-11,05:30:52,-70.67,-34.25,101.7,3.0,md,guc
2005-02-11,13:58:45,-70.22,-22.43,70.3,3.9,md,guc
2005-02-11,18:43:45,-72.37,-16.29,115.6,4.5,mb,us
2005-02-11,19:55:25,-68.34,-31.12,102.8,3.7,md,guc
2005-02-11,20:59:25,-70.89,-34.78,108.0,2.9,md,guc
2005-02-12,00:26:46,-72.61,-11.68,22.0,4.3,mb,us
2005-02-12,05:50:57,-73.2,-16.69,67.6,3.5,mb,us
2005-02-12,06:53:50,-70.22,-33.88,3.9,2.7,ml,guc
2005-02-12,08:12:09,-66.11,-22.63,247.3,4.1,mb,us
2005-02-12,18:35:28,-69.64,-20.85,89.9,4.3,mb,us
2005-02-12,21:56:45,-71.44,-31.94,36.4,3.1,md,guc
2005-02-13,02:07:39,-66.1,-22.58,241.8,4.5,mb,us
2005-02-13,08:54:12,-72.37,-34.69,20.0,2.7,ml,guc
2005-02-13,14:28:02,-69.92,-32.48,134.0,2.7,md,guc
2005-02-13,20:08:39,-72.41,-34.7,15.0,2.7,ml,guc
2005-02-13,21:44:30,-72.58,-29.11,10.0,4.7,mb,us
2005-02-13,22:56:27,-66.39,-23.06,223.9,4.0,mb,us
2005-02-13,23:39:45,-71.83,-32.88,34.8,4.1,ml,guc
2005-02-14,00:35:36,-71.81,-32.88,31.7,2.6,ml,guc
2005-02-14,04:58:28,-71.51,-32.09,62.7,2.8,md,guc
2005-02-14,10:51:46,-71.24,-32.0,54.8,4.0,md,guc
2005-02-14,15:19:00,-70.5,-34.92,0.0,2.8,ml,guc
2005-02-14,17:53:07,-72.24,-33.49,4.2,2.6,ml,guc
2005-02-14,22:11:17,-112.25,-29.89,10.0,4.8,mb,us
2005-02-15,02:18:42,-74.18,-38.26,35.3,4.1,ml,guc
2005-02-15,03:01:11,-70.53,-26.5,50.0,3.9,md,guc
2005-02-15,03:32:55,-71.02,-32.48,63.4,2.9,md,guc
2005-02-15,10:33:16,-69.51,-17.38,145.3,0.0,,us
2005-02-15,11:38:35,-67.24,-22.09,175.2,4.0,mb,us
2005-02-15,15:49:16,-70.61,-33.38,94.0,3.0,md,guc
2005-02-15,18:14:18,-72.03,-33.17,38.9,3.0,md,guc
2005-02-15,18:21:08,-70.95,-33.52,85.0,3.7,md,guc
2005-02-15,19:47:34,-72.27,-33.85,44.6,2.9,md,guc
2005-02-16,05:48:25,-66.62,-23.96,215.7,4.2,mb,us
2005-02-16,05:58:23,-70.63,-23.51,43.9,4.2,md,guc
2005-02-16,08:13:20,-70.17,-31.87,127.2,3.4,md,guc
2005-02-16,09:03:15,-69.08,-31.14,140.0,3.5,md,guc
2005-02-16,09:11:24,-66.34,-22.82,239.4,4.2,mb,us
2005-02-16,10:52:59,-71.4,-31.01,55.4,3.7,md,guc
2005-02-16,11:44:27,-115.03,-23.21,10.0,5.2,mwc,hrv
2005-02-16,16:37:43,-69.93,-31.69,147.2,3.4,md,guc
2005-02-16,17:19:54,-71.42,-35.3,93.9,2.6,md,guc
2005-02-16,22:03:15,-68.37,-31.78,0.1,3.6,ml,guc
2005-02-17,00:40:01,-70.36,-13.54,44.3,4.4,mb,us
2005-02-17,03:12:47,-76.1,-10.93,126.2,5.4,mwb,us
2005-02-17,05:43:36,-71.65,-32.5,41.1,3.8,md,guc
2005-02-17,07:15:01,-70.6,-35.02,3.9,2.7,ml,guc
2005-02-17,07:44:16,-70.79,-31.69,78.1,3.6,md,guc
2005-02-17,07:54:55,-67.4,-21.09,179.4,4.9,mb,us
2005-02-17,16:17:46,-67.04,-24.24,166.5,4.3,mb,us
2005-02-17,19:11:30,-71.26,-30.26,46.3,3.8,md,guc
2005-02-17,19:28:07,-72.02,-33.31,38.4,3.1,md,guc
2005-02-17,22:40:42,-71.6,-32.27,48.4,3.1,md,guc
2005-02-18,00:33:38,-71.36,-30.21,33.8,3.7,ml,guc
2005-02-18,01:01:02,-70.61,-34.98,5.9,3.7,ml,guc
2005-02-18,04:22:50,-66.82,-23.86,201.7,3.3,mb,us
2005-02-18,05:07:15,-70.98,-34.08,69.4,2.5,md,guc
2005-02-18,05:59:13,-70.61,-35.01,3.3,2.9,ml,guc
2005-02-18,06:23:44,-70.57,-35.0,2.8,3.3,ml,guc
2005-02-18,06:28:52,-70.57,-34.99,4.0,2.9,ml,guc
2005-02-18,07:12:06,-70.57,-34.99,3.9,4.1,mb,us
2005-02-18,10:32:22,-69.81,-34.65,1.2,3.3,ml,guc
2005-02-18,14:05:02,-71.41,-32.29,49.8,4.0,md,guc
2005-02-18,19:07:17,-69.46,-31.47,120.7,3.2,md,guc
2005-02-19,02:26:12,-73.04,-33.42,25.2,3.3,ml,guc
2005-02-19,05:14:19,-68.43,-21.18,123.7,3.8,mb,us
2005-02-19,08:26:09,-66.56,-23.76,196.9,4.0,mb,us
2005-02-19,08:51:06,-71.53,-32.62,24.1,3.5,ml,guc
2005-02-19,09:23:49,-65.95,-22.42,259.3,3.9,mb,us
2005-02-19,19:44:12,-71.86,-36.09,113.7,0.0,,us
2005-02-19,20:56:00,-71.38,-35.82,118.7,2.7,md,guc
2005-02-19,22:19:53,-69.59,-35.48,212.9,2.9,md,guc
2005-02-19,23:24:01,-68.44,-21.7,110.9,4.5,mb,us
2005-02-20,11:41:26,-69.58,-32.9,146.0,2.9,md,guc
2005-02-20,13:08:27,-85.58,-41.36,10.0,4.1,mb,us
2005-02-20,14:37:45,-68.79,-31.38,150.0,3.7,md,guc
2005-02-20,15:37:07,-71.49,-32.59,27.8,2.8,ml,guc
2005-02-20,19:41:34,-71.09,-31.54,87.1,3.3,md,guc
2005-02-20,20:21:55,-104.14,-35.81,10.0,4.6,mb,us
2005-02-20,22:17:42,-71.3,-30.82,60.4,4.3,md,guc
2005-02-20,23:43:30,-70.56,-35.02,10.7,2.5,ml,guc
2005-02-21,06:18:47,-72.04,-32.97,20.2,3.1,ml,guc
2005-02-21,06:58:24,-70.97,-39.28,125.1,0.0,,us
2005-02-21,12:15:32,-70.56,-34.32,111.9,3.3,md,guc
2005-02-21,16:02:33,-68.76,-31.25,99.0,3.7,md,guc
2005-02-21,16:56:04,-71.66,-30.78,18.2,3.4,ml,guc
2005-02-22,01:25:55,-72.37,-34.71,26.3,2.8,ml,guc
2005-02-22,02:32:10,-70.54,-34.91,1.3,2.5,ml,guc
2005-02-22,03:20:29,-91.23,-40.8,10.0,4.5,mb,us
2005-02-22,09:09:45,-71.29,-34.47,64.3,3.1,md,guc
2005-02-22,12:45:06,-68.89,-20.96,105.8,4.2,mb,us
2005-02-23,00:29:17,-66.63,-24.22,102.5,4.3,mb,us
2005-02-23,03:22:22,-70.61,-35.07,5.0,2.8,ml,guc
2005-02-23,04:14:04,-70.43,-33.92,96.0,3.3,md,guc
2005-02-23,05:02:28,-70.56,-34.98,4.7,2.8,ml,guc
2005-02-23,05:05:56,-70.46,-33.48,97.8,2.9,md,guc
2005-02-23,06:13:13,-70.39,-34.48,126.8,3.6,md,guc
2005-02-23,08:33:32,-69.49,-19.05,107.1,4.1,mb,us
2005-02-23,08:51:37,-68.5,-21.14,114.2,4.0,mb,us
2005-02-23,14:32:20,-71.86,-32.8,34.7,2.9,ml,guc
2005-02-23,21:12:38,-76.19,-14.63,44.0,4.9,mb,us
2005-02-24,01:23:24,-76.97,-4.76,116.3,4.5,mb,us
2005-02-24,03:56:56,-70.54,-34.39,112.2,3.5,md,guc
2005-02-24,04:55:51,-113.68,-20.88,10.0,5.7,mwb,us
2005-02-24,07:04:43,-82.71,-43.01,10.0,5.2,mwc,hrv
2005-02-24,11:15:43,-72.22,-34.56,28.1,2.9,ml,guc
2005-02-24,12:39:33,-70.76,-31.83,94.1,3.2,md,guc
2005-02-24,12:46:23,-70.81,-31.53,94.5,3.3,md,guc
2005-02-24,18:11:32,-67.86,-21.25,157.0,4.2,mb,us
2005-02-25,03:30:52,-71.36,-28.9,36.7,4.3,md,guc
2005-02-25,04:02:28,-70.63,-34.51,123.3,2.8,md,guc
2005-02-25,11:11:48,-66.71,-23.05,222.5,3.6,mb,us
2005-02-25,16:31:40,-71.18,-31.94,82.0,3.2,md,guc
2005-02-25,23:40:36,-71.43,-32.02,39.1,3.3,md,guc
2005-02-26,00:41:29,-71.49,-35.55,120.7,3.0,md,guc
2005-02-26,02:32:28,-71.43,-32.02,43.0,3.0,md,guc
2005-02-26,07:47:08,-70.01,-19.19,73.5,4.4,mb,us
2005-02-27,06:29:53,-73.06,-32.82,18.2,3.3,ml,guc
2005-02-27,06:51:58,-70.17,-33.28,110.3,2.7,md,guc
2005-02-27,07:46:41,-74.68,-8.74,126.2,3.8,mb,us
2005-02-27,10:20:10,-71.47,-32.52,33.2,2.7,ml,guc
2005-02-27,15:01:23,-69.47,-16.45,207.2,4.0,mb,us
2005-02-27,19:53:11,-83.46,-42.76,10.0,5.1,mwc,hrv
2005-02-27,20:55:03,-66.34,-22.81,249.0,4.7,mb,us
2005-02-27,23:49:04,-79.84,-8.66,34.8,4.1,mb,us
2005-02-28,00:30:06,-71.31,-32.97,52.4,3.7,md,guc
2005-02-28,01:24:55,-107.86,-34.92,10.0,5.9,mwc,hrv
2005-02-28,07:31:43,-63.58,-29.57,29.8,4.3,mb,us
2005-02-28,09:39:23,-107.85,-34.99,10.0,5.2,mwc,hrv
2005-02-28,10:04:45,-68.65,-23.32,88.2,4.5,mb,us
2005-02-28,14:36:11,-71.76,-32.3,34.7,2.7,ml,guc
2005-02-28,16:50:19,-69.36,-18.71,118.9,3.9,mb,us
2005-02-28,16:50:27,-70.59,-35.05,5.0,2.5,ml,guc
2005-03-01,03:25:36,-69.61,-32.1,138.8,3.4,md,guc
2005-03-01,03:34:35,-112.17,-25.08,10.0,4.8,mb,us
2005-03-01,06:31:40,-66.54,-24.04,189.0,5.3,mwc,hrv
2005-03-01,07:24:06,-71.69,-31.43,25.2,5.4,mwc,hrv
2005-03-01,08:29:48,-69.44,-32.68,134.9,3.3,md,guc
2005-03-01,10:15:23,-70.56,-35.16,10.0,2.6,ml,guc
2005-03-01,10:34:30,-69.64,-31.89,136.7,0.0,,us
2005-03-01,13:38:43,-69.6,-31.58,146.7,2.9,md,guc
2005-03-01,13:40:48,-70.29,-33.14,5.3,2.5,ml,guc
2005-03-01,14:56:02,-66.54,-23.35,214.1,4.0,mb,us
2005-03-01,21:53:22,-70.22,-32.27,115.0,2.8,md,guc
2005-03-01,23:02:17,-112.05,-24.76,10.0,4.7,mb,us
2005-03-01,23:10:01,-69.14,-19.37,123.6,4.4,mb,us
2005-03-01,23:57:02,-112.12,-24.96,10.0,5.6,mwb,us
2005-03-02,00:15:24,-111.92,-25.0,10.0,4.5,mb,us
2005-03-02,00:27:43,-112.39,-25.01,10.0,5.1,mwc,hrv
2005-03-02,02:31:29,-70.27,-31.97,115.4,3.0,md,guc
2005-03-02,05:41:45,-70.09,-36.32,228.2,4.0,mb,us
2005-03-02,11:20:06,-71.52,-30.87,38.8,4.1,md,guc
2005-03-02,11:26:11,-71.56,-30.92,38.9,3.8,md,guc
2005-03-02,12:01:05,-69.15,-31.59,145.0,3.4,md,guc
2005-03-02,13:48:34,-75.9,-11.63,121.5,4.9,mb,us
2005-03-02,14:45:13,-66.16,-22.3,260.0,4.6,mb,us
2005-03-02,15:23:52,-70.27,-33.88,114.0,2.8,md,guc
2005-03-03,04:09:32,-70.27,-31.3,132.0,4.4,mb,us
2005-03-03,10:16:45,-75.16,-9.05,95.2,4.4,mb,us
2005-03-03,13:54:52,-69.04,-21.21,84.8,4.7,mb,us
2005-03-03,23:38:11,-71.67,-32.67,19.9,2.8,ml,guc
2005-03-04,01:36:23,-112.09,-24.9,10.0,4.3,mb,us
2005-03-04,02:07:40,-70.6,-33.06,92.5,2.7,md,guc
2005-03-04,07:28:34,-68.9,-23.28,83.0,0.0,,us
2005-03-04,10:39:08,-70.54,-32.62,88.8,2.8,md,guc
2005-03-04,10:45:39,-72.23,-35.24,37.9,3.9,md,guc
2005-03-04,13:24:32,-71.86,-29.48,27.1,3.2,ml,guc
2005-03-04,14:53:26,-68.47,-17.48,206.0,0.0,,us
2005-03-04,17:49:21,-71.38,-28.73,14.1,2.9,ml,guc
2005-03-04,18:20:57,-72.93,-32.6,17.9,3.4,ml,guc
2005-03-04,21:05:23,-70.15,-32.6,102.5,2.5,md,guc
2005-03-04,22:08:03,-66.09,-22.46,238.2,4.5,mb,us
2005-03-05,03:53:07,-71.28,-34.11,60.4,3.0,md,guc
2005-03-05,03:59:34,-72.98,-32.64,20.2,3.4,ml,guc
2005-03-05,04:44:26,-68.4,-22.0,112.8,4.8,mwc,hrv
2005-03-05,06:51:40,-70.93,-34.71,99.7,3.1,md,guc
2005-03-05,07:02:54,-68.65,-21.11,128.1,3.8,mb,us
2005-03-05,10:41:12,-71.75,-27.74,40.0,0.0,,us
2005-03-05,11:09:57,-67.06,-18.77,264.8,4.1,mb,us
2005-03-05,20:27:18,-68.81,-31.64,2.0,4.3,mb,us
2005-03-05,20:45:01,-67.42,-28.3,113.4,4.3,mb,us
2005-03-06,01:36:35,-70.61,-34.98,1.9,3.1,ml,guc
2005-03-06,07:28:39,-66.75,-20.03,238.6,4.0,mb,us
2005-03-06,21:06:29,-70.21,-32.65,116.8,3.0,md,guc
2005-03-06,22:34:58,-69.6,-18.18,116.9,4.5,mb,us
2005-03-07,00:19:14,-70.55,-33.11,90.4,2.6,md,guc
2005-03-07,01:26:39,-70.21,-33.73,106.2,2.9,md,guc
2005-03-07,02:57:14,-69.4,-17.35,169.9,4.2,mb,us
2005-03-07,10:57:31,-70.51,-35.09,5.0,3.0,ml,guc
2005-03-07,11:12:55,-70.75,-33.33,76.0,3.4,md,guc
2005-03-07,16:21:17,-69.26,-20.46,115.1,4.0,mb,us
2005-03-07,20:36:19,-71.38,-33.98,59.6,3.0,md,guc
2005-03-07,22:59:05,-71.44,-32.47,38.4,3.2,md,guc
2005-03-08,07:18:16,-73.06,-33.57,25.8,3.7,md,guc
2005-03-08,09:26:42,-70.88,-35.05,127.3,3.0,md,guc
2005-03-08,21:25:32,-71.36,-32.34,45.7,3.3,md,guc
2005-03-09,00:53:55,-75.82,-6.23,36.4,4.7,mb,us
2005-03-09,00:58:39,-68.76,-21.99,124.5,0.0,,us
2005-03-09,09:51:25,-71.44,-30.54,12.2,4.6,mb,us
2005-03-09,11:15:03,-71.4,-30.57,15.5,3.2,ml,guc
2005-03-09,14:48:53,-71.4,-30.56,16.0,3.5,ml,guc
2005-03-09,15:59:16,-70.22,-32.94,101.9,2.7,md,guc
2005-03-09,19:06:53,-70.9,-18.56,45.3,0.0,,us
2005-03-09,22:46:06,-71.79,-32.68,27.7,4.2,mb,us
2005-03-10,06:11:41,-72.1,-33.0,15.0,2.9,ml,guc
2005-03-10,09:05:48,-70.46,-33.02,93.8,2.8,md,guc
2005-03-10,13:46:48,-67.44,-31.66,145.0,3.4,md,guc
2005-03-10,15:25:12,-73.96,-15.43,150.0,4.4,mb,us
2005-03-10,20:10:52,-70.13,-33.19,101.3,2.5,md,guc
2005-03-11,01:27:32,-72.99,-32.66,22.2,2.9,ml,guc
2005-03-11,15:41:19,-66.14,-20.93,254.9,4.7,mb,us
2005-03-11,20:05:52,-71.53,-30.92,51.6,3.8,md,guc
2005-03-11,21:49:26,-69.76,-31.88,133.6,3.0,md,guc
2005-03-12,00:13:35,-71.01,-34.02,71.8,2.8,md,guc
2005-03-12,05:09:44,-70.68,-34.2,103.7,3.2,md,guc
2005-03-12,10:07:01,-79.9,-44.87,10.0,4.6,mb,us
2005-03-12,12:30:57,-70.61,-29.09,72.4,0.0,,us
2005-03-12,12:32:38,-71.1,-35.29,107.2,3.2,md,guc
2005-03-12,12:39:07,-71.74,-32.61,20.3,2.9,ml,guc
2005-03-12,18:28:23,-71.64,-32.71,26.5,3.3,ml,guc
2005-03-13,01:49:53,-69.16,-19.33,108.1,4.5,mb,us
2005-03-13,20:39:00,-71.68,-32.59,25.7,5.2,mwc,hrv
2005-03-13,21:07:26,-71.75,-32.7,27.6,2.7,ml,guc
2005-03-13,21:16:23,-71.69,-32.78,3.4,2.9,ml,guc
2005-03-13,21:17:40,-71.74,-32.66,27.0,3.1,ml,guc
2005-03-13,21:25:23,-71.7,-32.71,25.0,2.5,ml,guc
2005-03-13,22:01:03,-71.82,-32.66,25.9,3.2,ml,guc
2005-03-13,23:47:45,-71.69,-32.61,32.1,2.8,ml,guc
2005-03-14,00:00:19,-71.75,-32.7,25.5,2.8,ml,guc
2005-03-14,10:13:35,-68.32,-22.22,116.1,3.9,mb,us
2005-03-14,12:21:05,-72.14,-34.02,35.4,2.9,ml,guc
2005-03-14,12:43:44,-66.0,-28.56,23.4,5.1,mwc,hrv
2005-03-14,15:30:20,-71.62,-31.91,55.0,3.3,md,guc
2005-03-14,21:59:20,-70.61,-33.28,91.7,3.1,md,guc
2005-03-15,01:12:26,-51.26,-53.55,10.0,4.8,mb,us
2005-03-15,01:54:04,-74.36,-10.59,38.7,4.2,mb,us
2005-03-15,06:53:08,-71.86,-36.24,65.0,3.9,md,guc
2005-03-15,08:15:55,-71.31,-34.14,73.8,3.2,md,guc
2005-03-15,08:25:09,-106.09,-8.97,10.0,4.8,mwc,hrv
2005-03-15,09:06:14,-71.26,-28.95,46.8,3.8,md,guc
2005-03-15,16:56:47,-68.16,-21.72,138.1,4.1,mb,us
2005-03-15,18:05:57,-69.64,-31.27,147.2,4.0,md,guc
2005-03-15,20:07:01,-66.74,-24.11,170.3,5.2,mwc,hrv
2005-03-15,23:08:35,-75.94,-8.32,51.3,4.2,mb,us
2005-03-16,02:21:24,-69.24,-31.46,125.3,3.5,md,guc
2005-03-16,04:26:04,-71.59,-32.94,37.9,3.6,md,guc
2005-03-16,22:01:36,-71.75,-32.66,26.5,3.3,ml,guc
2005-03-17,01:16:32,-71.62,-32.69,30.7,2.5,ml,guc
2005-03-17,05:13:18,-71.35,-32.43,45.2,3.8,md,guc
2005-03-17,06:08:33,-68.64,-31.18,17.6,3.3,ml,guc
2005-03-17,12:12:49,-70.46,-35.09,0.8,2.7,ml,guc
2005-03-17,21:09:24,-75.68,-8.39,88.1,4.2,mb,us
2005-03-18,01:10:27,-66.9,-24.1,187.1,3.9,mb,us
2005-03-18,02:11:00,-71.45,-27.9,55.0,3.7,mb,us
2005-03-18,07:41:55,-71.4,-27.92,43.1,3.8,mb,us
2005-03-18,11:23:00,-71.2,-31.62,61.2,3.0,md,guc
2005-03-18,13:30:22,-71.58,-31.92,36.0,3.7,md,guc
2005-03-18,16:57:36,-71.53,-33.06,35.7,3.1,md,guc
2005-03-18,17:46:45,-70.8,-32.01,98.0,2.8,md,guc
2005-03-19,01:35:59,-68.63,-20.42,109.2,5.3,mwc,hrv
2005-03-19,05:41:42,-66.3,-22.72,241.7,4.1,mb,us
2005-03-19,10:27:30,-70.97,-34.85,96.5,2.6,md,guc
2005-03-19,11:42:11,-70.76,-33.43,75.7,3.6,md,guc
2005-03-19,12:27:16,-71.48,-27.87,48.0,0.0,,us
2005-03-19,14:23:30,-71.26,-27.86,24.7,4.9,mwc,hrv
2005-03-19,18:20:50,-71.03,-31.89,64.0,2.8,md,guc
2005-03-19,19:02:02,-71.82,-32.35,24.2,2.6,ml,guc
2005-03-20,04:18:03,-70.22,-32.18,117.4,2.9,md,guc
2005-03-20,05:15:33,-71.38,-35.05,103.4,2.5,md,guc
2005-03-20,07:32:56,-70.57,-33.04,87.3,3.6,md,guc
2005-03-20,18:02:08,-67.12,-24.12,183.5,3.9,mb,us
2005-03-20,23:50:20,-70.63,-33.77,91.1,2.7,md,guc
2005-03-21,00:52:50,-68.24,-31.8,114.1,0.0,,us
2005-03-21,02:51:10,-71.39,-28.87,5.0,3.1,ml,guc
2005-03-21,03:04:08,-69.66,-28.98,110.0,0.0,,us
2005-03-21,04:04:56,-66.93,-24.03,192.6,4.8,mb,us
2005-03-21,06:13:37,-70.85,-35.0,116.0,3.7,md,guc
2005-03-21,07:53:40,-66.81,-23.04,213.4,0.0,,us
2005-03-21,12:23:54,-63.47,-24.98,579.1,6.9,mwb,us
2005-03-21,12:43:12,-63.51,-24.72,570.1,6.4,mwc,hrv
2005-03-21,12:57:07,-69.78,-30.63,148.6,0.0,,us
2005-03-21,16:51:30,-71.42,-27.93,36.5,5.3,mwc,hrv
2005-03-21,17:02:17,-71.37,-27.96,43.7,0.0,,us
2005-03-21,17:07:35,-71.44,-27.95,26.1,2.9,ml,guc
2005-03-21,19:29:57,-67.02,-24.25,187.5,4.4,mb,us
2005-03-21,20:04:31,-76.33,-14.98,18.9,4.6,mb,us
2005-03-21,20:47:34,-76.35,-14.71,35.0,3.9,mb,us
2005-03-21,21:00:09,-76.54,-14.77,19.0,4.0,mb,us
2005-03-21,21:40:45,-76.23,-14.7,43.0,4.4,mb,us
2005-03-22,00:28:28,-76.08,-14.65,41.0,4.6,mb,us
2005-03-22,06:04:54,-68.42,-19.86,134.4,3.9,mb,us
2005-03-22,09:23:07,-71.01,-35.36,108.8,2.8,md,guc
2005-03-22,11:25:20,-74.57,-15.96,10.0,4.3,mb,us
2005-03-22,11:41:48,-68.81,-20.05,121.6,4.1,mb,us
2005-03-22,13:45:51,-72.13,-30.76,27.1,4.4,mb,us
2005-03-22,13:56:11,-72.3,-35.04,21.1,3.0,ml,guc
2005-03-22,16:04:10,-72.29,-33.22,34.2,4.3,ml,guc
2005-03-23,06:22:46,-69.97,-32.45,120.5,2.7,md,guc
2005-03-23,07:45:28,-66.66,-23.23,193.4,4.3,mb,us
2005-03-23,11:00:59,-71.73,-33.71,39.5,0.0,,us
2005-03-23,11:13:38,-71.45,-15.1,144.5,4.0,mb,us
2005-03-23,11:32:07,-76.16,-14.73,22.5,4.7,mb,us
2005-03-23,11:44:03,-76.18,-14.75,32.6,4.2,mb,us
2005-03-23,14:32:26,-71.68,-32.63,29.0,3.0,ml,guc
2005-03-23,21:12:01,-56.83,-11.64,10.0,5.0,mb,us
2005-03-24,01:17:58,-69.79,-31.72,130.8,2.7,md,guc
2005-03-24,05:58:38,-67.86,-21.51,232.9,3.8,md,guc
2005-03-24,06:25:50,-68.83,-21.96,124.1,3.9,md,guc
2005-03-24,08:08:38,-71.26,-27.86,38.0,4.3,mb,us
2005-03-24,11:22:25,-71.39,-27.8,35.3,3.9,ml,guc
2005-03-24,14:17:18,-71.21,-35.08,80.8,3.4,md,guc
2005-03-24,14:25:48,-71.27,-31.83,44.2,3.6,md,guc
2005-03-25,00:07:19,-70.44,-20.01,38.9,4.8,mb,us
2005-03-25,01:59:00,-71.95,-35.56,74.6,2.8,md,guc
2005-03-25,02:19:48,-71.65,-31.7,28.5,3.6,ml,guc
2005-03-25,03:11:36,-71.64,-34.78,44.9,3.5,md,guc
2005-03-25,03:54:27,-68.94,-20.29,96.1,5.1,mwc,hrv
2005-03-25,05:13:27,-71.35,-30.7,57.9,0.0,,us
2005-03-25,06:43:06,-75.78,-14.49,73.9,4.6,mb,us
2005-03-25,06:48:07,-76.28,-15.12,66.3,4.3,mb,us
2005-03-25,10:58:24,-70.32,-33.05,99.7,2.5,md,guc
2005-03-25,12:22:37,-71.01,-34.88,103.1,2.7,md,guc
2005-03-25,15:56:00,-68.47,-20.24,136.0,4.1,mb,us
2005-03-25,18:42:34,-72.17,-33.75,7.0,4.3,ml,guc
2005-03-25,19:53:36,-71.6,-32.13,54.9,3.3,md,guc
2005-03-25,21:51:57,-70.83,-35.64,131.9,2.8,md,guc
2005-03-26,01:04:57,-66.06,-28.61,35.2,3.9,mb,us
2005-03-26,06:35:15,-71.38,-33.56,40.2,2.5,md,guc
2005-03-26,11:52:13,-86.38,-40.85,10.0,4.2,mb,us
2005-03-26,22:56:42,-71.81,-32.15,21.1,2.9,ml,guc
2005-03-26,23:04:16,-71.69,-32.18,6.4,2.5,ml,guc
2005-03-26,23:12:36,-70.06,-31.86,135.3,3.5,md,guc
2005-03-26,23:14:48,-71.78,-32.16,21.9,3.6,ml,guc
2005-03-27,03:40:41,-70.26,-35.12,166.8,2.9,md,guc
2005-03-27,04:57:38,-66.98,-24.3,165.4,4.6,mb,us
2005-03-27,05:38:48,-104.24,-35.78,10.0,4.1,mb,us
2005-03-27,07:29:14,-70.23,-34.02,128.3,2.5,md,guc
2005-03-28,11:08:31,-71.68,-32.67,28.0,3.3,ml,guc
2005-03-28,22:24:58,-70.0,-31.76,112.2,2.9,md,guc
2005-03-29,00:20:24,-90.68,-41.26,10.0,4.5,mb,us
2005-03-29,03:49:46,-69.41,-17.48,162.7,4.6,mb,us
2005-03-29,06:22:54,-70.27,-34.38,113.8,2.7,md,guc
2005-03-29,10:26:24,-71.97,-35.9,58.5,3.1,md,guc
2005-03-29,14:43:11,-68.75,-32.8,5.0,3.1,ml,guc
2005-03-29,16:10:46,-72.15,-33.75,5.0,4.1,mb,us
2005-03-29,16:16:54,-72.21,-33.72,26.1,3.0,ml,guc
2005-03-29,16:28:27,-72.33,-34.69,25.9,2.9,ml,guc
2005-03-29,16:38:20,-72.28,-33.71,34.0,5.3,mwc,hrv
2005-03-29,17:19:39,-72.12,-33.7,48.3,3.5,md,guc
2005-03-29,17:56:42,-72.23,-33.72,38.2,4.2,md,guc
2005-03-29,19:53:58,-71.78,-32.75,52.0,3.3,md,guc
2005-03-29,22:11:08,-75.1,-38.87,28.6,4.4,mb,us
2005-03-30,05:38:42,-70.08,-34.15,4.9,2.7,ml,guc
2005-03-30,07:55:25,-76.73,-45.63,25.0,4.7,mb,us
2005-03-30,08:24:55,-68.62,-33.92,13.8,2.7,ml,guc
2005-03-30,11:51:31,-71.44,-30.54,15.2,4.5,ml,guc
2005-03-30,16:56:46,-70.47,-20.12,59.5,4.5,mb,us
2005-03-30,17:26:00,-69.73,-32.3,129.9,2.6,md,guc
2005-03-30,22:41:37,-71.31,-35.23,91.4,4.7,mb,us
2005-03-30,23:31:23,-71.04,-35.3,89.9,4.9,mwc,hrv
2005-03-31,00:07:38,-70.14,-32.04,107.5,3.1,md,guc
2005-03-31,04:01:05,-70.72,-34.51,96.8,2.6,md,guc
2005-03-31,05:26:32,-66.1,-22.98,220.9,4.2,mb,us
2005-03-31,10:32:16,-69.07,-20.51,80.8,4.2,mb,us
2005-03-31,15:11:19,-72.13,-33.17,21.6,2.7,ml,guc
2005-03-31,16:33:35,-64.53,-23.55,1.7,5.1,mwc,hrv
2005-03-31,18:54:20,-114.73,-23.18,10.0,4.4,mb,us
2005-03-31,19:05:19,-70.35,-34.93,0.6,2.8,ml,guc
2005-03-31,21:50:52,-64.61,-23.57,10.0,4.9,mb,us
2005-03-31,21:52:31,-64.51,-23.56,1.0,5.1,mwc,hrv
2005-03-31,22:01:25,-70.26,-31.2,136.0,3.2,md,guc
2005-03-31,22:22:09,-64.63,-23.65,10.0,4.7,mb,us
2005-04-01,03:57:00,-67.04,-24.2,164.6,3.7,md,guc
2005-04-01,04:48:28,-71.56,-32.25,39.3,2.5,md,guc
2005-04-01,17:25:22,-109.87,-9.48,10.0,4.5,mb,us
2005-04-02,06:22:16,-69.16,-25.3,117.8,0.0,,us
2005-04-02,13:01:12,-70.75,-25.22,16.1,5.2,mb,us
2005-04-02,21:34:43,-71.08,-37.43,154.7,3.4,md,guc
2005-04-03,04:25:12,-68.56,-33.74,11.7,2.7,ml,guc
2005-04-03,07:05:36,-71.62,-29.34,41.5,0.0,,us
2005-04-03,09:43:41,-68.22,-21.26,123.2,0.0,,us
2005-04-03,09:48:43,-71.5,-30.96,47.3,3.4,md,guc
2005-04-03,11:49:27,-64.61,-23.69,33.7,4.0,mb,us
2005-04-03,15:51:29,-68.8,-22.05,117.1,3.8,mb,us
2005-04-03,16:41:42,-70.82,-26.53,55.0,0.0,,us
2005-04-03,17:21:44,-69.04,-17.89,146.2,4.1,mb,us
2005-04-03,19:19:35,-71.39,-36.11,128.8,3.2,md,guc
2005-04-03,22:42:36,-70.3,-35.36,184.4,3.1,md,guc
2005-04-04,00:25:25,-67.86,-29.12,105.4,4.0,mb,us
2005-04-04,09:47:13,-71.3,-32.76,54.6,3.5,md,guc
2005-04-04,21:03:06,-68.67,-20.9,113.7,3.2,mb,us
2005-04-04,23:03:20,-71.64,-33.66,49.3,3.2,md,guc
2005-04-05,01:05:09,-69.49,-31.69,168.9,2.7,md,guc
2005-04-05,01:27:40,-66.87,-24.12,173.4,4.5,mb,us
2005-04-05,01:42:33,-70.32,-34.92,0.0,2.6,ml,guc
2005-04-05,02:50:30,-70.54,-35.78,3.0,3.1,ml,guc
2005-04-05,12:36:39,-68.67,-31.12,150.0,2.9,md,guc
2005-04-05,15:23:24,-68.93,-24.37,101.8,4.1,mb,us
2005-04-05,16:01:42,-70.95,-10.47,612.4,4.7,mb,us
2005-04-05,17:12:36,-71.73,-30.92,15.0,3.4,ml,guc
2005-04-05,17:49:14,-70.73,-34.31,90.8,2.8,md,guc
2005-04-05,23:41:26,-68.78,-22.29,116.8,4.2,mb,us
2005-04-06,06:40:48,-70.47,-25.5,74.3,4.4,md,guc
2005-04-06,08:21:36,-74.52,-10.79,110.9,4.7,mb,us
2005-04-06,10:46:04,-70.95,-35.35,117.6,2.9,md,guc
2005-04-06,11:43:02,-70.2,-35.25,157.7,3.1,md,guc
2005-04-06,14:52:27,-71.22,-14.2,35.5,4.7,mb,us
2005-04-07,05:33:56,-83.3,-41.93,10.0,5.3,mwc,hrv
2005-04-07,07:54:22,-72.51,-28.7,35.0,0.0,,us
2005-04-07,15:47:08,-71.78,-32.67,29.7,3.3,ml,guc
2005-04-07,22:03:42,-71.97,-34.67,31.5,3.4,ml,guc
2005-04-08,00:46:36,-71.89,-32.45,24.6,3.0,ml,guc
2005-04-08,01:20:26,-63.43,-24.8,561.4,4.6,mb,us
2005-04-08,08:22:11,-71.45,-31.99,37.0,3.1,md,guc
2005-04-08,16:07:54,-70.96,-28.64,56.2,2.6,md,guc
2005-04-08,16:52:18,-71.47,-36.09,137.0,2.8,md,guc
2005-04-08,20:36:38,-69.77,-31.6,139.3,3.1,md,guc
2005-04-08,20:55:06,-70.42,-34.97,5.0,2.5,ml,guc
2005-04-08,21:20:07,-115.02,-26.9,10.0,5.1,mwc,hrv
2005-04-08,23:42:00,-71.88,-32.48,11.7,2.5,ml,guc
2005-04-09,00:54:03,-70.21,-34.02,0.8,3.7,ml,guc
2005-04-09,02:34:45,-71.39,-30.56,15.0,3.2,ml,guc
2005-04-09,08:21:02,-72.57,-36.22,69.0,0.0,,us
2005-04-09,09:48:19,-66.47,-31.7,131.7,4.4,mb,us
2005-04-09,12:30:19,-66.76,-23.93,198.1,3.7,mb,us
2005-04-09,13:32:21,-80.42,-4.29,68.7,4.8,mb,us
2005-04-09,14:42:26,-70.55,-35.01,3.0,2.8,ml,guc
2005-04-09,20:20:19,-70.62,-34.97,2.4,2.8,ml,guc
2005-04-10,03:53:29,-80.32,-4.13,38.8,4.2,mb,us
2005-04-10,07:27:14,-71.54,-32.02,29.3,2.5,ml,guc
2005-04-10,07:34:25,-70.3,-32.04,116.7,3.3,md,guc
2005-04-10,10:54:56,-71.74,-32.43,28.0,3.5,ml,guc
2005-04-10,17:34:26,-68.93,-33.0,9.0,3.0,ml,guc
2005-04-10,17:41:40,-76.3,-7.57,134.5,5.3,mwc,hrv
2005-04-10,18:28:44,-71.28,-27.89,28.7,3.4,ml,guc
2005-04-10,23:58:10,-70.21,-32.85,103.9,3.0,md,guc
2005-04-11,06:10:48,-68.48,-21.19,133.2,0.0,,us
2005-04-11,07:19:50,-72.03,-34.1,38.9,3.0,md,guc
2005-04-11,09:59:34,-71.42,-31.93,64.8,2.7,md,guc
2005-04-11,14:54:07,-77.89,-7.29,129.9,6.0,mwc,hrv
2005-04-11,17:31:46,-70.65,-31.96,101.6,3.0,md,guc
2005-04-12,02:34:33,-71.37,-35.61,110.1,2.8,md,guc
2005-04-12,02:47:48,-70.0,-28.69,81.9,3.1,md,guc
2005-04-12,03:57:05,-70.38,-33.98,107.5,3.9,mb,us
2005-04-12,05:31:23,-68.53,-21.74,147.8,4.1,mb,us
2005-04-12,07:18:43,-70.61,-34.28,9.7,3.4,ml,guc
2005-04-12,07:51:32,-66.38,-31.01,13.0,4.4,mb,us
2005-04-12,11:08:46,-71.21,-35.1,107.3,2.9,md,guc
2005-04-12,12:39:44,-72.25,-36.81,72.5,3.5,md,guc
2005-04-12,13:13:28,-70.41,-33.97,108.2,2.9,md,guc
2005-04-12,19:01:13,-71.42,-28.84,29.5,4.9,mb,us
2005-04-12,19:33:36,-71.47,-28.88,37.5,3.2,md,guc
2005-04-13,00:11:23,-70.49,-32.83,71.5,0.0,,us
2005-04-13,07:05:02,-70.62,-33.24,90.5,3.8,md,guc
2005-04-13,09:25:28,-72.85,-33.14,30.0,5.4,mwc,hrv
2005-04-13,13:32:48,-71.03,-31.95,67.5,0.0,,us
2005-04-13,19:35:30,-70.36,-33.7,104.6,3.0,md,guc
2005-04-13,19:41:06,-70.15,-33.51,6.2,2.9,ml,guc
2005-04-13,20:46:26,-70.14,-32.61,118.3,2.6,md,guc
2005-04-14,00:53:29,-70.2,-32.77,107.9,3.0,md,guc
2005-04-14,01:44:35,-71.74,-35.36,56.1,3.6,md,guc
2005-04-14,04:42:11,-66.62,-21.42,224.9,3.8,mb,us
2005-04-14,18:18:36,-71.61,-31.86,40.3,2.8,md,guc
2005-04-14,23:56:17,-69.57,-31.59,156.1,4.5,mb,us
2005-04-15,03:08:54,-106.88,-35.18,10.0,0.0,,us
2005-04-15,03:20:47,-72.65,-34.86,18.1,3.2,ml,guc
2005-04-15,12:41:27,-71.45,-28.88,41.1,3.8,md,guc
2005-04-15,14:49:42,-65.81,-22.07,256.4,3.7,mb,us
2005-04-15,17:01:48,-70.44,-15.43,188.8,3.8,mb,us
2005-04-15,18:29:26,-66.84,-24.03,190.2,4.6,mb,us
2005-04-16,00:05:02,-70.59,-33.61,25.3,2.5,ml,guc
2005-04-16,02:05:52,-68.38,-21.59,109.5,4.3,mb,us
2005-04-16,03:09:29,-71.82,-32.42,28.2,3.7,ml,guc
2005-04-16,03:23:47,-70.38,-35.13,3.0,4.6,mb,us
2005-04-16,03:27:31,-70.44,-35.14,10.0,3.2,ml,guc
2005-04-16,03:37:50,-70.45,-35.1,2.5,3.6,ml,guc
2005-04-16,03:50:39,-70.4,-35.1,10.0,3.1,ml,guc
2005-04-16,07:31:38,-70.29,-33.98,118.0,2.7,md,guc
2005-04-16,08:23:58,-70.26,-33.93,113.8,2.5,md,guc
2005-04-16,10:54:57,-70.45,-33.55,96.3,2.5,md,guc
2005-04-16,16:46:14,-71.55,-31.0,47.1,4.0,md,guc
2005-04-16,22:41:16,-69.66,-17.65,118.7,5.8,mwc,hrv
2005-04-17,00:16:52,-71.21,-34.94,82.0,2.5,md,guc
2005-04-17,10:15:04,-68.36,-21.14,125.6,3.4,mb,us
2005-04-17,12:05:16,-70.81,-32.52,94.2,2.6,md,guc
2005-04-17,15:36:44,-69.29,-31.37,168.3,3.7,md,guc
2005-04-17,18:29:09,-69.84,-33.35,3.0,4.2,mb,us
2005-04-17,23:24:02,-71.45,-28.91,9.7,3.1,ml,guc
2005-04-18,04:08:35,-68.36,-21.24,115.8,3.2,mb,us
2005-04-18,13:56:48,-70.44,-35.08,3.0,3.3,ml,guc
2005-04-18,21:00:35,-70.44,-35.08,1.4,4.6,mb,us
2005-04-18,21:46:25,-71.17,-36.86,160.0,3.1,md,guc
2005-04-19,00:05:21,-70.41,-32.69,102.3,3.0,md,guc
2005-04-19,11:20:48,-71.62,-33.21,36.9,3.0,md,guc
2005-04-20,00:34:49,-68.64,-32.26,143.0,3.2,md,guc
2005-04-20,05:00:26,-70.41,-31.58,115.7,3.2,md,guc
2005-04-20,06:46:58,-68.76,-23.37,105.0,0.0,,us
2005-04-20,06:57:50,-69.78,-32.04,138.1,3.6,md,guc
2005-04-20,10:40:47,-71.35,-17.58,28.1,4.9,mwc,hrv
2005-04-20,10:57:25,-70.15,-32.92,110.7,2.9,md,guc
2005-04-20,15:21:37,-69.09,-20.27,107.4,4.1,mb,us
2005-04-20,15:47:57,-67.05,-31.65,125.2,4.5,mb,us
2005-04-20,16:21:12,-71.03,-32.28,65.0,3.0,md,guc
2005-04-20,19:56:41,-72.0,-31.07,5.0,3.3,ml,guc
2005-04-20,21:35:59,-70.14,-32.8,106.8,3.3,md,guc
2005-04-20,22:23:41,-72.93,-32.98,20.9,2.8,ml,guc
2005-04-20,23:37:39,-67.35,-22.22,173.4,4.0,mb,us
2005-04-21,01:37:22,-68.94,-32.28,171.7,2.8,md,guc
2005-04-21,14:22:58,-72.84,-34.73,21.1,3.3,ml,guc
2005-04-21,15:23:16,-69.06,-31.18,150.0,2.7,md,guc
2005-04-21,15:39:53,-72.22,-30.6,4.6,3.6,ml,guc
2005-04-21,19:56:10,-71.83,-30.82,6.8,0.0,,us
2005-04-21,23:12:28,-69.19,-27.23,102.5,4.4,mb,us
2005-04-22,00:20:06,-79.58,-8.52,50.9,4.1,mb,us
2005-04-22,01:41:14,-71.48,-34.0,49.1,3.3,md,guc
2005-04-22,05:16:18,-70.27,-33.23,117.3,3.1,md,guc
2005-04-22,08:10:41,-71.74,-32.22,27.6,2.7,ml,guc
2005-04-22,11:27:30,-70.06,-31.79,126.1,3.1,md,guc
2005-04-22,12:33:07,-69.45,-19.62,107.5,4.1,mb,us
2005-04-22,20:32:20,-69.01,-20.59,106.9,3.4,mb,us
2005-04-22,22:57:12,-66.88,-24.1,193.2,3.8,mb,us
2005-04-23,00:09:44,-69.21,-31.47,161.9,2.7,md,guc
2005-04-23,06:58:57,-72.4,-34.57,27.1,2.8,ml,guc
2005-04-23,09:13:23,-72.92,-33.13,26.2,2.6,ml,guc
2005-04-23,09:57:50,-71.26,-28.06,21.9,2.9,ml,guc
2005-04-23,11:07:55,-71.71,-32.04,50.5,3.7,md,guc
2005-04-23,14:44:38,-70.91,-10.22,631.3,4.4,mb,us
2005-04-23,19:26:46,-71.68,-33.43,40.0,2.7,md,guc
2005-04-23,20:35:59,-68.24,-32.98,155.3,4.7,mb,us
2005-04-24,06:35:28,-70.88,-32.23,92.1,2.9,md,guc
2005-04-24,10:34:28,-70.61,-24.37,34.4,4.0,mb,us
2005-04-25,07:30:09,-69.46,-18.69,113.7,3.9,mb,us
2005-04-25,12:56:46,-71.41,-32.56,66.1,2.5,md,guc
2005-04-25,16:06:19,-107.54,-43.64,10.0,4.6,mb,us
2005-04-25,17:44:47,-70.5,-32.44,91.8,2.9,md,guc
2005-04-25,21:07:45,-67.65,-31.2,106.8,4.1,md,guc
2005-04-26,01:53:37,-67.18,-24.21,189.7,3.8,mb,us
2005-04-26,04:46:23,-69.67,-31.63,149.4,3.5,md,guc
2005-04-26,05:56:55,-69.29,-34.23,12.0,2.9,ml,guc
2005-04-26,07:48:56,-66.01,-22.46,250.2,4.1,mb,us
2005-04-26,18:39:02,-68.89,-31.78,1.8,3.5,ml,guc
2005-04-26,20:46:05,-71.27,-35.44,126.4,2.7,md,guc
2005-04-27,00:32:41,-71.47,-31.96,29.0,2.7,ml,guc
2005-04-27,01:00:25,-71.49,-32.37,43.7,3.5,md,guc
2005-04-27,01:29:09,-69.97,-32.64,121.5,3.2,md,guc
2005-04-27,08:28:40,-71.34,-34.05,53.8,3.7,md,guc
2005-04-27,10:01:31,-70.59,-35.03,6.9,2.8,ml,guc
2005-04-27,11:18:47,-70.1,-27.79,91.7,2.9,md,guc
2005-04-27,13:58:25,-70.59,-35.06,2.4,3.6,md,guc
2005-04-28,01:29:02,-71.6,-32.02,30.9,2.5,ml,guc
2005-04-28,04:20:27,-69.61,-31.49,134.2,3.5,md,guc
2005-04-28,05:44:32,-66.81,-24.09,200.0,4.2,mb,us
2005-04-28,13:47:41,-68.84,-20.4,96.1,4.9,mb,us
2005-04-28,21:58:38,-67.5,-27.68,150.0,4.1,mb,us
2005-04-29,08:29:31,-67.03,-23.84,192.6,4.2,mb,us
2005-04-29,10:21:48,-77.24,-5.9,124.1,4.2,mb,us
2005-04-29,11:33:44,-69.19,-26.14,90.9,3.7,md,guc
2005-04-29,14:03:09,-66.54,-23.48,201.3,4.2,mb,us
2005-04-29,18:38:53,-69.4,-15.68,265.9,0.0,,us
2005-04-30,06:38:02,-72.1,-33.91,7.7,3.0,ml,guc
2005-04-30,06:56:42,-72.08,-33.9,35.5,3.5,md,guc
2005-04-30,08:46:15,-70.19,-28.39,107.4,0.0,,us
2005-04-30,08:57:36,-73.39,-35.57,39.9,4.1,md,guc
2005-04-30,09:26:42,-73.62,-35.54,14.0,4.2,ml,guc
2005-04-30,13:18:30,-71.76,-32.71,24.0,2.9,ml,guc
2005-04-30,17:52:47,-67.61,-31.09,150.0,3.7,md,guc
2005-04-30,22:46:12,-67.7,-31.22,150.0,4.2,mb,us
2005-05-01,05:06:55,-66.13,-22.93,243.4,4.6,mb,us
2005-05-01,07:07:34,-69.18,-33.0,1.7,2.9,ml,guc
2005-05-01,09:44:32,-71.39,-33.12,54.9,2.8,md,guc
2005-05-01,13:35:33,-71.34,-31.12,59.4,4.5,mb,us
2005-05-01,14:08:46,-69.31,-31.44,119.5,4.6,mb,us
2005-05-01,17:20:49,-66.11,-22.94,232.5,4.0,mb,us
2005-05-01,18:17:14,-71.13,-32.03,68.3,3.4,md,guc
2005-05-01,19:31:40,-70.19,-32.77,107.3,2.5,md,guc
2005-05-02,04:54:16,-70.82,-28.7,56.4,0.0,,us
2005-05-02,06:04:47,-71.32,-9.14,596.3,5.1,mwc,hrv
2005-05-02,07:33:02,-70.22,-32.26,125.1,2.9,md,guc
2005-05-02,08:56:03,-66.77,-24.21,190.3,4.1,mb,us
2005-05-02,12:39:13,-70.78,-33.45,82.7,2.6,md,guc
2005-05-02,17:28:01,-69.74,-28.51,103.7,4.1,mb,us
2005-05-02,17:56:52,-66.86,-24.26,171.7,4.2,mb,us
2005-05-02,20:11:35,-71.72,-32.49,29.5,4.0,ml,guc
2005-05-02,20:19:26,-71.7,-32.51,4.9,2.8,ml,guc
2005-05-02,22:49:41,-71.24,-19.46,10.0,4.3,mb,us
2005-05-02,23:11:03,-71.72,-32.47,39.4,2.9,md,guc
2005-05-03,01:08:45,-70.57,-34.08,101.1,2.7,md,guc
2005-05-03,04:40:29,-74.72,-8.68,138.3,4.8,mb,us
2005-05-03,11:51:17,-67.17,-24.46,1.6,3.7,ml,guc
2005-05-03,19:11:40,-74.62,-14.92,31.4,5.9,mwb,us
2005-05-03,19:54:41,-67.22,-20.72,188.0,4.3,mb,us
2005-05-04,02:02:31,-71.99,-33.9,5.6,2.9,md,guc
2005-05-04,05:00:47,-66.91,-24.26,195.3,0.0,,us
2005-05-04,06:11:14,-69.77,-29.63,10.8,3.5,ml,guc
2005-05-05,01:59:07,-71.05,-16.8,97.1,4.2,mb,us
2005-05-05,05:34:48,-69.86,-28.46,38.8,3.6,md,guc
2005-05-05,13:17:21,-69.52,-30.44,4.3,3.7,ml,guc
2005-05-05,13:24:56,-75.9,-14.6,22.1,4.8,mb,us
2005-05-05,16:22:45,-72.22,-33.01,15.0,2.6,ml,guc
2005-05-05,21:49:51,-71.05,-31.81,43.3,3.1,md,guc
2005-05-06,00:50:56,-71.78,-35.02,44.3,3.3,md,guc
2005-05-06,01:56:21,-68.25,-33.21,10.0,2.5,ml,guc
2005-05-06,04:29:55,-69.19,-32.1,132.1,3.2,md,guc
2005-05-06,06:43:06,-66.77,-24.02,187.7,3.9,mb,us
2005-05-06,06:57:48,-71.72,-30.73,31.5,4.5,mb,us
2005-05-06,08:23:16,-72.42,-33.14,26.5,3.0,ml,guc
2005-05-06,09:09:18,-70.16,-32.61,108.4,3.1,md,guc
2005-05-06,11:37:18,-70.14,-33.07,118.1,2.7,md,guc
2005-05-06,13:50:43,-68.71,-32.6,10.0,3.0,ml,guc
2005-05-07,08:33:15,-67.47,-24.0,197.0,0.0,,us
2005-05-07,15:16:33,-71.55,-32.41,46.9,3.6,md,guc
2005-05-07,19:23:36,-71.11,-33.09,60.6,2.5,md,ath
2005-05-07,21:24:05,-70.67,-34.34,108.4,2.8,md,guc
2005-05-08,03:30:16,-78.55,-9.72,51.7,4.6,mb,us
2005-05-08,03:48:22,-66.7,-20.39,230.9,4.3,mb,us
2005-05-08,04:12:35,-71.85,-32.12,26.7,3.1,ml,guc
2005-05-08,13:08:16,-71.54,-31.85,63.1,3.4,md,guc
2005-05-08,14:53:07,-74.25,-16.65,51.9,0.0,,us
2005-05-09,00:41:52,-100.16,-36.28,10.0,4.4,mb,us
2005-05-09,01:21:51,-69.11,-33.39,5.0,2.6,ml,guc
2005-05-09,03:42:26,-71.35,-30.99,55.7,3.7,md,guc
2005-05-09,05:29:39,-74.95,-9.83,67.7,4.2,mb,us
2005-05-09,14:51:59,-73.0,-17.29,40.4,4.1,mb,us
2005-05-09,18:00:43,-68.4,-22.18,128.8,4.3,mb,us
2005-05-10,00:58:09,-70.6,-32.31,107.5,3.0,md,guc
2005-05-10,03:26:18,-72.41,-33.37,7.7,2.5,ml,guc
2005-05-10,05:56:59,-66.71,-21.37,223.5,4.1,mb,us
2005-05-10,12:22:41,-70.97,-31.2,65.9,3.4,md,guc
2005-05-10,16:01:26,-70.1,-22.37,22.0,3.5,ml,guc
2005-05-10,22:12:11,-71.57,-30.96,31.3,3.1,ml,guc
2005-05-10,22:50:12,-70.28,-33.76,106.9,2.5,md,guc
2005-05-10,23:25:17,-67.75,-23.44,126.2,4.1,mb,us
2005-05-11,04:14:23,-69.85,-32.5,120.9,2.5,md,guc
2005-05-11,14:52:49,-70.19,-33.98,120.4,2.5,md,guc
2005-05-11,15:46:01,-68.89,-19.59,108.9,4.0,mb,us
2005-05-11,17:37:19,-70.26,-33.14,5.1,2.5,ml,guc
2005-05-11,23:11:00,-70.11,-33.0,6.8,2.7,ml,guc
2005-05-12,03:37:03,-70.16,-32.6,112.7,3.0,md,guc
2005-05-12,06:16:04,-71.68,-31.65,27.6,3.0,ml,guc
2005-05-12,07:44:45,-71.5,-32.16,41.3,3.8,md,guc
2005-05-12,07:48:10,-71.84,-36.08,98.2,3.1,md,guc
2005-05-12,08:13:40,-70.03,-32.04,124.0,3.5,md,guc
2005-05-12,12:57:46,-88.63,-41.41,10.0,5.4,mwc,hrv
2005-05-12,13:21:49,-70.95,-35.32,107.5,3.1,md,guc
2005-05-12,15:20:23,-69.08,-18.31,132.0,4.1,mb,us
2005-05-13,08:00:33,-65.88,-33.23,7.1,0.0,,us
2005-05-13,20:02:32,-71.9,-32.29,29.4,3.0,md,guc
2005-05-13,20:02:32,-68.99,-19.43,119.0,4.0,mb,us
2005-05-14,05:55:00,-71.86,-32.17,15.0,2.8,ml,guc
2005-05-14,08:43:02,-67.76,-21.26,159.5,0.0,,us
2005-05-14,10:53:37,-69.82,-33.32,2.5,2.5,ml,guc
2005-05-14,17:08:21,-70.48,-32.58,84.7,4.7,mb,us
2005-05-15,05:06:25,-107.72,-35.04,10.0,4.5,mb,us
2005-05-15,06:18:29,-69.39,-23.42,84.2,3.7,md,guc
2005-05-15,10:06:56,-67.13,-27.79,120.0,4.1,mb,us
2005-05-15,12:40:34,-68.76,-33.64,11.6,2.6,ml,guc
2005-05-15,13:20:16,-71.96,-32.6,25.8,2.7,ml,guc
2005-05-15,17:00:27,-66.46,-27.93,153.7,3.6,mb,us
2005-05-15,19:07:04,-67.07,-21.96,180.2,3.7,mb,us
2005-05-15,19:30:04,-70.64,-19.66,45.1,3.8,mb,us
2005-05-16,02:33:28,-103.09,-35.76,10.0,4.3,mb,us
2005-05-16,03:03:24,-69.96,-32.33,140.8,2.5,md,guc
2005-05-16,07:52:26,-68.34,-21.06,128.4,3.5,mb,us
2005-05-16,09:57:20,-72.48,-34.57,15.0,2.8,ml,guc
2005-05-16,10:08:24,-70.61,-31.78,119.1,3.0,md,guc
2005-05-16,16:25:43,-70.48,-34.92,0.0,3.1,md,guc
2005-05-16,19:25:46,-69.19,-31.27,158.7,3.5,md,guc
2005-05-17,00:06:20,-68.52,-32.05,0.0,3.1,ml,guc
2005-05-17,06:18:45,-71.4,-32.13,59.3,3.4,md,guc
2005-05-17,08:23:58,-71.44,-31.59,36.4,3.9,md,guc
2005-05-17,17:27:21,-72.28,-33.5,1.9,3.3,ml,guc
2005-05-17,18:37:54,-119.15,-54.54,10.0,4.8,mb,us
2005-05-17,21:48:18,-68.95,-27.81,33.6,3.6,ml,guc
2005-05-18,04:53:20,-71.78,-35.83,78.6,3.5,md,guc
2005-05-18,04:53:37,-114.21,-26.8,10.0,4.8,mb,us
2005-05-18,09:16:21,-69.88,-31.5,163.7,3.8,md,guc
2005-05-18,14:32:57,-71.66,-32.14,23.7,2.8,ml,guc
2005-05-19,06:28:13,-66.67,-24.0,196.6,4.0,mb,us
2005-05-19,08:55:23,-69.25,-31.57,152.8,3.5,md,guc
2005-05-19,12:20:45,-69.86,-32.74,104.9,4.7,mb,us
2005-05-19,15:56:38,-69.43,-31.54,117.0,4.9,mwc,hrv
2005-05-20,02:44:52,-70.89,-36.85,150.0,3.4,md,guc
2005-05-20,03:21:42,-111.35,-34.94,10.0,4.6,mb,us
2005-05-20,06:50:24,-75.91,-14.32,54.5,3.7,mb,us
2005-05-20,10:30:08,-69.95,-32.39,122.0,2.5,md,guc
2005-05-20,18:27:48,-71.89,-32.49,20.0,3.5,ml,guc
2005-05-20,21:32:59,-66.67,-21.35,204.0,4.6,mb,us
2005-05-21,01:46:23,-71.11,-33.1,61.9,4.0,md,guc
2005-05-21,03:49:10,-71.69,-32.48,26.0,2.7,ml,guc
2005-05-21,09:34:51,-68.74,-31.35,150.0,3.3,md,guc
2005-05-21,23:50:34,-68.78,-31.24,150.0,3.1,md,guc
2005-05-22,01:05:55,-68.32,-19.51,150.8,5.1,mwc,hrv
2005-05-22,02:56:24,-71.66,-30.86,16.0,3.6,ml,guc
2005-05-22,03:25:19,-69.43,-29.44,112.0,0.0,,us
2005-05-22,11:39:15,-74.35,-7.76,157.9,4.1,mb,us
2005-05-22,13:01:53,-68.78,-31.71,175.3,0.0,,us
2005-05-22,16:47:26,-66.22,-22.54,240.4,3.7,mb,us
2005-05-22,18:04:46,-67.3,-20.4,200.2,3.7,mb,us
2005-05-22,18:08:30,-80.44,-4.26,73.3,4.2,mb,us
2005-05-22,21:14:26,-69.85,-31.52,151.6,3.1,md,guc
2005-05-22,23:15:56,-66.73,-23.87,210.7,3.3,mb,us
2005-05-23,03:16:54,-66.93,-24.18,180.5,4.0,mb,us
2005-05-23,05:56:48,-112.0,-35.04,10.0,4.5,ms,us
2005-05-23,06:53:33,-70.15,-32.71,109.1,3.1,md,guc
2005-05-23,19:45:36,-70.67,-31.94,95.2,3.5,md,guc
2005-05-23,22:10:26,-70.16,-32.0,130.5,3.4,md,guc
2005-05-23,23:19:32,-70.26,-27.87,26.7,3.5,ml,guc
2005-05-24,03:34:54,-71.91,-34.67,15.0,3.0,ml,guc
2005-05-24,06:17:43,-71.02,-31.88,59.8,2.7,md,guc
2005-05-24,09:21:41,-73.94,-35.2,13.6,3.2,ml,guc
2005-05-24,15:25:31,-68.58,-31.74,144.0,3.2,md,guc
2005-05-24,23:13:46,-70.72,-31.91,100.5,2.7,md,guc
2005-05-25,01:59:07,-66.93,-24.21,167.9,4.6,mb,us
2005-05-25,03:32:18,-69.82,-31.31,106.2,3.1,md,guc
2005-05-25,06:52:22,-69.28,-20.17,117.2,4.0,mb,us
2005-05-25,11:45:22,-70.4,-33.69,8.6,2.6,ml,guc
2005-05-25,11:47:36,-72.22,-33.97,4.2,3.1,ml,guc
2005-05-25,13:25:52,-70.37,-33.69,8.3,2.7,ml,guc
2005-05-25,13:49:33,-70.76,-34.34,93.9,0.0,,us
2005-05-25,13:49:35,-66.61,-27.75,161.3,4.4,mb,us
2005-05-26,03:54:37,-67.42,-28.96,120.0,4.1,mb,us
2005-05-26,13:03:52,-70.35,-33.93,113.6,3.1,md,guc
2005-05-26,14:31:21,-71.56,-32.49,22.6,3.3,ml,guc
2005-05-26,14:55:59,-71.75,-32.22,45.7,3.8,md,guc
2005-05-26,16:49:43,-71.37,-35.5,92.8,3.6,md,guc
2005-05-26,17:23:42,-70.4,-34.49,8.1,3.0,ml,guc
2005-05-26,18:20:19,-71.48,-32.67,26.8,2.5,ml,guc
2005-05-26,23:19:18,-71.69,-32.68,29.3,2.6,ml,guc
2005-05-26,23:20:36,-71.67,-32.66,30.0,2.6,ml,guc
2005-05-27,01:32:16,-71.75,-32.64,27.1,3.4,ml,guc
2005-05-27,11:55:49,-71.7,-31.75,20.3,2.9,ml,guc
2005-05-27,17:25:53,-71.61,-32.63,36.1,2.9,md,guc
2005-05-27,20:13:39,-70.62,-34.91,130.7,2.7,md,guc
2005-05-27,20:41:47,-74.36,-6.02,58.7,4.5,mb,us
2005-05-27,21:23:56,-68.22,-22.22,93.0,4.1,mb,us
2005-05-28,03:46:31,-66.81,-27.88,182.6,3.9,mb,us
2005-05-28,05:51:31,-70.88,-16.68,142.0,4.7,mb,us
2005-05-28,06:21:50,-67.33,-24.54,160.4,0.0,,us
2005-05-28,07:12:40,-71.38,-29.65,59.2,3.1,md,guc
2005-05-28,13:25:32,-69.86,-31.73,148.9,2.9,md,guc
2005-05-28,13:52:56,-71.52,-32.56,28.4,3.1,ml,guc
2005-05-28,16:10:41,-66.78,-24.08,188.8,4.1,mb,us
2005-05-28,16:24:08,-70.9,-35.3,105.1,3.3,md,guc
2005-05-28,18:00:18,-72.28,-33.97,33.0,2.6,ml,guc
2005-05-29,05:43:50,-71.87,-32.14,12.7,2.9,ml,guc
2005-05-29,09:05:39,-71.69,-32.57,27.3,2.7,ml,guc
2005-05-29,09:19:28,-68.49,-31.31,106.6,4.6,mb,us
2005-05-29,15:41:31,-67.61,-31.65,100.0,4.8,md,guc
2005-05-29,17:12:13,-70.21,-32.72,112.8,2.8,md,guc
2005-05-29,17:34:13,-70.62,-19.88,50.7,3.9,mb,us
2005-05-29,18:43:34,-71.59,-32.08,1.7,2.6,ml,guc
2005-05-29,19:58:13,-69.9,-32.51,127.7,2.7,md,guc
2005-05-29,20:03:29,-73.27,-36.57,38.1,4.2,mb,us
2005-05-29,20:27:24,-70.87,-28.25,72.0,0.0,,us
2005-05-29,20:36:35,-70.1,-28.5,101.0,4.3,mb,us
2005-05-29,21:24:56,-69.14,-27.69,105.0,0.0,,us
2005-05-29,22:27:31,-71.31,-33.57,48.9,4.3,md,guc
2005-05-30,01:34:57,-70.81,-27.63,47.8,4.4,mb,us
2005-05-30,08:03:23,-69.18,-31.48,149.5,3.7,md,guc
2005-05-30,08:43:16,-71.98,-30.89,4.0,3.2,ml,guc
2005-05-30,09:05:56,-69.53,-31.46,148.5,3.3,md,guc
2005-05-30,09:14:07,-66.66,-23.94,199.8,4.1,mb,us
2005-05-30,09:23:09,-70.54,-35.05,5.2,3.3,ml,guc
2005-05-30,17:30:52,-71.53,-15.86,121.8,3.9,mb,us
2005-05-30,20:21:01,-73.76,-10.19,23.6,4.0,mb,us
2005-05-30,20:29:33,-71.16,-35.06,96.2,2.8,md,guc
2005-05-30,23:40:15,-66.99,-28.89,123.1,4.5,md,sja
2005-05-31,02:08:29,-69.37,-27.72,94.3,3.6,md,guc
2005-05-31,06:05:06,-71.67,-32.53,51.8,3.5,md,guc
2005-05-31,09:00:51,-70.62,-27.55,51.7,3.8,md,guc
2005-05-31,10:26:54,-73.25,-36.61,31.8,4.5,mb,us
2005-05-31,13:37:00,-69.15,-19.11,122.4,4.1,mb,us
2005-05-31,21:07:20,-71.86,-32.27,8.0,2.6,ml,guc
2005-06-02,00:22:38,-70.46,-31.61,133.8,2.9,md,guc
2005-06-02,00:56:16,-71.12,-29.93,42.7,4.0,md,guc
2005-06-02,02:36:27,-71.68,-30.96,15.1,2.9,ml,guc
2005-06-02,03:33:19,-70.16,-31.83,132.8,2.8,md,guc
2005-06-02,06:01:13,-67.04,-24.2,163.2,4.2,mb,us
2005-06-02,07:51:28,-67.12,-24.39,161.8,0.0,,us
2005-06-02,10:01:45,-69.49,-16.12,216.1,4.6,mb,us
2005-06-02,10:56:02,-67.0,-24.22,196.2,6.1,mwb,us
2005-06-02,11:10:22,-66.93,-24.13,183.7,4.1,mb,us
2005-06-02,11:15:42,-67.02,-24.28,172.4,4.1,mb,us
2005-06-02,11:36:49,-67.06,-24.2,177.7,4.2,mb,us
2005-06-02,12:45:35,-67.89,-22.84,111.3,4.4,mb,us
2005-06-02,14:03:32,-67.42,-24.18,201.7,3.6,mb,us
2005-06-02,14:06:29,-73.21,-36.48,36.8,3.8,md,guc
2005-06-02,14:44:59,-66.99,-24.16,180.6,4.1,mb,us
2005-06-02,15:01:18,-70.37,-33.4,94.0,2.7,md,guc
2005-06-02,19:59:06,-70.56,-35.1,0.0,2.5,ml,guc
2005-06-03,01:29:59,-71.72,-32.54,25.0,2.7,ml,guc
2005-06-03,04:31:51,-71.69,-32.66,32.2,3.6,ml,guc
2005-06-03,05:31:33,-71.7,-32.66,30.9,3.4,ml,guc
2005-06-03,07:27:01,-71.66,-32.67,27.1,3.4,ml,guc
2005-06-03,19:24:49,-70.72,-16.48,134.8,5.0,mwc,hrv
2005-06-03,19:55:16,-71.67,-32.68,29.9,4.3,md,guc
2005-06-03,23:54:36,-70.3,-31.85,129.5,2.9,md,guc
2005-06-04,00:05:50,-73.13,-33.61,31.7,3.1,ml,guc
2005-06-04,07:11:04,-71.01,-33.02,64.0,2.6,md,guc
2005-06-04,14:21:59,-72.98,-35.43,1.3,4.2,ml,guc
2005-06-04,16:28:46,-72.19,-34.8,12.2,3.4,ml,guc
2005-06-04,20:00:09,-66.59,-23.89,199.9,3.7,mb,us
2005-06-04,21:34:42,-69.74,-31.54,150.8,4.5,mb,us
2005-06-04,22:05:37,-72.98,-35.51,0.0,3.5,ml,guc
2005-06-04,23:20:50,-72.95,-35.53,0.0,3.2,ml,guc
2005-06-04,23:49:49,-79.95,-4.47,84.8,4.4,mb,us
2005-06-05,01:54:04,-73.03,-35.51,10.0,4.6,mb,us
2005-06-05,02:10:59,-72.84,-35.67,3.9,3.2,ml,guc
2005-06-05,02:41:22,-70.36,-34.41,122.6,3.5,md,guc
2005-06-05,03:41:56,-71.8,-35.08,57.8,3.3,md,guc
2005-06-05,04:52:37,-69.73,-32.22,136.3,3.1,md,guc
2005-06-05,06:53:40,-70.92,-32.47,70.9,2.8,md,guc
2005-06-05,08:31:29,-71.67,-32.67,26.0,2.8,ml,guc
2005-06-05,09:35:04,-71.8,-31.92,13.0,2.6,ml,guc
2005-06-05,19:59:30,-69.7,-31.57,141.1,2.8,md,guc
2005-06-05,21:44:26,-68.02,-29.41,145.0,4.1,mb,us
2005-06-06,04:06:11,-70.47,-35.83,192.8,3.0,md,guc
2005-06-06,05:12:52,-72.96,-35.53,4.4,4.1,ml,guc
2005-06-06,09:06:25,-71.25,-28.91,41.0,0.0,,us
2005-06-06,10:06:15,-66.2,-30.69,49.2,4.0,mb,us
2005-06-06,11:37:44,-68.61,-34.15,18.0,4.0,ml,guc
2005-06-06,12:03:50,-68.58,-33.81,15.0,2.9,ml,guc
2005-06-06,19:11:20,-71.2,-30.48,55.6,4.6,mb,us
2005-06-07,01:08:53,-72.96,-35.49,5.1,3.5,ml,guc
2005-06-07,04:32:58,-72.79,-35.48,3.1,3.3,ml,guc
2005-06-07,12:00:59,-71.9,-29.44,31.3,3.6,ml,guc
2005-06-07,16:20:03,-74.24,-10.7,125.7,5.3,mwc,hrv
2005-06-07,17:19:56,-51.16,-53.49,10.0,5.1,mwc,hrv
2005-06-07,19:17:45,-71.39,-35.79,107.5,3.9,mb,us
2005-06-07,20:58:46,-73.69,-15.26,84.4,4.2,mb,us
2005-06-07,23:06:58,-70.12,-32.92,108.6,2.6,md,guc
2005-06-08,00:25:43,-72.49,-33.1,33.1,3.5,ml,guc
2005-06-08,02:39:35,-69.02,-28.42,122.0,5.1,mwc,hrv
2005-06-08,05:47:42,-68.71,-33.02,14.4,2.8,ml,guc
2005-06-08,08:29:18,-71.69,-32.59,26.2,2.7,ml,guc
2005-06-08,12:08:19,-70.28,-31.88,116.0,2.9,md,guc
2005-06-08,12:50:52,-68.87,-19.34,133.9,4.5,mb,us
2005-06-08,13:37:17,-102.91,-35.9,10.0,5.6,mwb,us
2005-06-08,13:54:41,-70.35,-34.66,128.9,2.7,md,guc
2005-06-08,15:31:41,-71.5,-34.49,61.4,4.0,md,guc
2005-06-08,18:14:39,-70.61,-34.96,5.0,2.5,ml,guc
2005-06-08,18:17:24,-70.17,-34.03,4.9,2.9,ml,guc
2005-06-08,18:22:09,-69.9,-31.58,137.5,3.1,md,guc
2005-06-09,09:03:16,-70.32,-30.92,116.3,3.5,md,guc
2005-06-09,23:36:27,-70.78,-32.64,72.9,3.4,md,guc
2005-06-09,23:45:03,-71.68,-32.67,32.9,4.2,mb,us
2005-06-10,06:24:23,-69.17,-31.38,109.4,4.2,mb,us
2005-06-10,09:33:45,-71.73,-32.65,15.0,2.5,ml,guc
2005-06-10,09:52:34,-67.88,-18.24,198.9,0.0,,us
2005-06-10,09:56:29,-70.6,-35.01,6.8,3.0,ml,guc
2005-06-10,09:59:44,-72.93,-32.62,25.6,3.2,ml,guc
2005-06-10,11:29:49,-72.05,-30.64,21.1,4.2,ml,guc
2005-06-10,13:11:36,-71.11,-33.91,62.9,2.5,md,guc
2005-06-10,15:01:18,-68.39,-22.45,102.0,4.1,mb,us
2005-06-10,22:06:55,-116.46,-25.8,10.0,4.8,mb,us
2005-06-10,23:10:17,-68.64,-20.26,110.0,3.8,mb,us
2005-06-11,00:12:46,-71.42,-31.03,38.1,3.8,md,guc
2005-06-11,00:39:14,-70.59,-35.08,3.2,2.9,ml,guc
2005-06-11,03:32:08,-69.79,-31.54,154.6,3.6,md,guc
2005-06-11,14:28:06,-70.65,-34.3,102.5,2.5,md,guc
2005-06-11,19:43:49,-71.67,-32.66,27.2,3.0,ml,guc
2005-06-12,02:27:48,-123.84,-55.24,10.0,5.6,mwc,hrv
2005-06-12,05:14:46,-71.39,-30.99,48.8,3.7,md,guc
2005-06-12,06:13:38,-69.56,-31.76,120.5,3.5,md,guc
2005-06-12,10:08:29,-72.95,-17.08,31.2,4.6,mb,us
2005-06-12,10:23:44,-73.03,-17.12,30.4,0.0,,us
2005-06-12,10:45:08,-65.97,-22.17,255.3,3.7,mb,us
2005-06-12,11:01:22,-66.67,-23.96,192.1,3.4,mb,us
2005-06-12,13:22:54,-71.55,-33.74,45.2,2.8,md,guc
2005-06-12,19:03:26,-70.5,-34.97,0.0,3.1,md,guc
2005-06-13,00:11:20,-68.67,-20.32,113.8,4.4,mb,us
2005-06-13,08:51:53,-72.99,-32.97,33.8,2.8,ml,guc
2005-06-13,09:20:45,-116.12,-25.39,11.9,4.8,mwc,hrv
2005-06-13,09:30:01,-116.66,-25.32,10.0,4.4,mb,us
2005-06-13,13:45:39,-66.97,-22.33,164.1,0.0,,us
2005-06-13,16:42:17,-80.29,-5.32,68.5,4.3,mb,us
2005-06-13,22:44:34,-69.2,-19.99,115.6,7.8,mwb,us
2005-06-13,23:15:24,-68.79,-20.25,106.7,4.6,mb,us
2005-06-13,23:18:36,-69.11,-20.03,105.7,4.5,mb,us
2005-06-13,23:20:28,-68.98,-20.36,93.7,0.0,,us
2005-06-13,23:25:19,-68.92,-19.89,103.8,4.4,mb,us
2005-06-13,23:26:39,-68.92,-19.86,106.6,4.8,mb,us
2005-06-13,23:39:27,-69.03,-19.98,101.3,4.6,mb,us
2005-06-13,23:47:11,-68.85,-20.11,128.1,4.2,mb,us
2005-06-14,00:05:35,-68.88,-20.07,117.4,3.9,mb,us
2005-06-14,00:08:42,-69.26,-19.68,108.9,3.9,mb,us
2005-06-14,00:12:17,-69.86,-32.92,129.7,2.9,md,guc
2005-06-14,00:15:38,-68.88,-20.0,108.8,4.0,mb,us
2005-06-14,00:30:01,-69.14,-20.21,91.4,4.5,mb,us
2005-06-14,00:39:01,-69.04,-19.58,148.5,4.0,mb,us
2005-06-14,00:44:59,-68.74,-19.85,147.3,4.1,mb,us
2005-06-14,00:57:18,-68.92,-19.85,111.4,4.4,mb,us
2005-06-14,01:04:51,-68.82,-19.82,115.6,3.9,mb,us
2005-06-14,01:07:13,-68.95,-19.85,105.4,4.7,mb,us
2005-06-14,01:21:57,-68.76,-20.12,125.9,3.5,mb,us
2005-06-14,01:39:30,-69.08,-19.87,104.7,4.2,mb,us
2005-06-14,01:43:02,-68.93,-20.2,118.7,0.0,,us
2005-06-14,02:08:17,-69.28,-20.1,105.3,4.2,mb,us
2005-06-14,02:31:11,-68.81,-20.23,107.0,0.0,,us
2005-06-14,03:14:34,-68.78,-19.96,134.5,0.0,,us
2005-06-14,05:42:54,-68.9,-19.95,108.9,4.0,mb,us
2005-06-14,07:44:21,-69.22,-20.2,97.5,4.1,mb,us
2005-06-14,08:29:59,-67.04,-31.83,117.2,4.5,mb,us
2005-06-14,09:29:54,-76.21,-14.16,21.2,5.2,mb,us
2005-06-14,11:10:57,-68.78,-19.99,138.1,0.0,,us
2005-06-14,11:51:24,-71.41,-29.05,43.4,3.7,md,guc
2005-06-14,12:39:29,-69.16,-20.16,103.9,4.4,mb,us
2005-06-14,13:06:27,-69.01,-19.92,87.6,4.3,mb,us
2005-06-14,14:04:01,-69.15,-20.11,108.2,0.0,,us
2005-06-14,14:46:48,-69.39,-17.5,162.5,4.0,mb,us
2005-06-14,16:30:46,-71.7,-32.72,30.7,4.5,mb,us
2005-06-14,16:47:44,-68.97,-19.96,102.4,4.5,mb,us
2005-06-14,17:08:51,-68.05,-31.5,103.8,3.8,mb,us
2005-06-14,17:16:43,-68.91,-19.93,112.8,4.3,mb,us
2005-06-14,19:08:56,-69.11,-20.05,100.3,3.6,mb,us
2005-06-14,19:36:42,-69.3,-20.09,145.7,3.9,mb,us
2005-06-15,02:15:01,-69.0,-20.01,99.5,4.1,mb,us
2005-06-15,04:01:57,-68.42,-33.94,18.8,3.4,ml,guc
2005-06-15,05:06:45,-69.03,-20.0,104.6,4.2,mb,us
2005-06-15,05:49:13,-66.74,-23.92,189.3,4.2,mb,us
2005-06-15,07:17:56,-68.97,-20.24,88.9,3.9,mb,us
2005-06-15,09:46:50,-68.86,-19.93,124.4,3.9,mb,us
2005-06-15,13:59:04,-68.84,-20.16,105.6,3.7,mb,us
2005-06-15,14:10:06,-68.9,-19.88,119.2,4.0,mb,us
2005-06-15,14:24:02,-69.05,-20.14,101.0,4.5,mb,us
2005-06-15,14:54:39,-72.25,-36.08,86.9,3.4,md,guc
2005-06-15,14:58:58,-68.93,-20.16,109.2,4.5,mb,us
2005-06-15,15:26:59,-67.04,-24.24,150.2,3.7,mb,us
2005-06-15,16:38:51,-69.1,-19.84,106.5,4.7,mb,us
2005-06-15,18:37:37,-70.52,-24.72,47.6,4.1,md,guc
2005-06-15,19:52:25,-80.56,-44.86,10.0,6.4,mwb,us
2005-06-15,23:21:25,-69.04,-20.23,98.3,4.3,mb,us
2005-06-16,01:16:07,-70.07,-33.56,9.9,2.8,ml,guc
2005-06-16,05:41:28,-111.8,-13.52,10.0,4.7,mb,us
2005-06-16,06:06:23,-111.58,-12.97,10.0,4.4,mb,us
2005-06-16,08:26:10,-68.99,-19.98,90.2,4.1,mb,us
2005-06-16,09:45:42,-69.86,-34.34,154.6,3.1,md,guc
2005-06-16,14:08:54,-113.28,-27.39,10.0,4.8,mb,us
2005-06-16,14:27:17,-71.17,-35.04,91.9,3.0,md,guc
2005-06-16,15:27:38,-68.81,-20.21,116.0,4.2,mb,us
2005-06-16,16:02:39,-70.62,-34.18,102.3,2.5,md,guc
2005-06-16,17:01:47,-70.46,-34.98,0.0,3.5,md,guc
2005-06-16,18:15:47,-69.41,-31.55,178.6,3.3,md,guc
2005-06-16,18:55:10,-70.08,-32.78,111.4,2.7,md,guc
2005-06-16,21:36:19,-70.16,-31.78,126.1,2.9,md,guc
2005-06-16,21:44:33,-70.33,-33.58,100.8,2.5,md,guc
2005-06-17,02:58:46,-69.11,-20.43,93.6,0.0,,us
2005-06-17,04:02:09,-73.0,-35.58,30.6,3.2,ml,guc
2005-06-17,04:44:48,-69.15,-20.25,99.6,4.4,mb,us
2005-06-17,06:01:23,-69.04,-20.07,98.0,4.3,mb,us
2005-06-17,08:09:58,-68.89,-20.03,122.6,3.5,mb,us
2005-06-17,10:20:29,-66.85,-27.92,155.4,3.9,mb,us
2005-06-17,14:53:08,-66.76,-23.89,186.3,4.0,mb,us
2005-06-17,16:36:42,-71.67,-32.53,38.0,4.1,md,guc
2005-06-17,19:06:22,-70.47,-34.47,118.1,3.9,md,guc
2005-06-17,22:27:48,-72.48,-34.3,31.2,3.4,md,guc
2005-06-18,00:04:57,-70.14,-31.6,133.7,3.2,md,guc
2005-06-18,00:25:49,-66.63,-27.85,161.7,3.8,mb,us
2005-06-18,00:43:53,-70.62,-33.65,17.7,2.5,ml,guc
2005-06-18,01:32:43,-69.08,-19.92,105.5,4.0,mb,us
2005-06-18,03:36:54,-67.39,-28.59,129.9,3.5,mb,us
2005-06-18,06:17:38,-69.19,-20.05,100.3,0.0,,us
2005-06-18,10:57:37,-71.68,-31.71,11.2,2.8,ml,guc
2005-06-18,13:09:34,-70.6,-28.17,81.4,0.0,,us
2005-06-18,15:54:21,-69.18,-20.06,96.5,4.3,mb,us
2005-06-18,16:50:33,-68.95,-20.02,106.1,4.4,mb,us
2005-06-18,17:49:23,-68.9,-19.96,101.4,4.8,mb,us
2005-06-18,20:24:51,-72.1,-31.83,25.5,3.0,ml,guc
2005-06-18,20:47:32,-71.44,-11.2,189.3,4.3,mb,us
2005-06-18,23:20:12,-111.76,-24.08,10.0,5.1,mwc,hrv
2005-06-18,23:30:35,-111.76,-24.08,10.0,5.4,mwc,hrv
2005-06-18,23:42:49,-111.73,-24.13,10.0,4.7,mb,us
2005-06-19,01:14:28,-111.93,-23.97,10.0,4.3,mb,us
2005-06-19,01:36:30,-111.96,-24.18,10.0,0.0,,us
2005-06-19,02:01:07,-111.98,-23.95,10.0,5.7,mwb,us
2005-06-19,03:48:32,-111.82,-24.25,10.0,4.8,mb,us
2005-06-19,04:13:33,-68.76,-19.89,128.8,4.4,mb,us
2005-06-19,06:14:12,-111.67,-24.25,10.0,4.5,mb,us
2005-06-19,07:00:29,-70.66,-32.26,88.4,3.0,md,guc
2005-06-19,07:49:09,-71.42,-15.58,136.3,4.2,mb,us
2005-06-19,10:10:16,-111.71,-24.12,10.0,4.2,mb,us
2005-06-19,10:29:14,-111.84,-24.16,9.5,4.8,mb,us
2005-06-19,10:35:19,-74.5,-38.92,10.0,4.4,mb,us
2005-06-19,12:01:53,-111.65,-24.25,10.0,4.5,mb,us
2005-06-19,12:22:09,-69.78,-33.13,126.7,3.1,md,guc
2005-06-19,13:59:46,-61.94,-63.48,10.0,5.4,mwc,hrv
2005-06-19,17:55:53,-70.29,-33.06,101.4,2.5,md,guc
2005-06-19,20:49:11,-111.93,-23.56,10.0,4.3,mb,us
2005-06-19,22:25:59,-69.11,-20.2,96.7,3.8,mb,us
2005-06-19,23:50:48,-68.76,-20.09,106.0,3.6,mb,us
2005-06-20,04:34:32,-111.98,-23.78,10.0,5.2,mwc,hrv
2005-06-20,05:30:49,-70.34,-33.06,100.1,3.6,md,guc
2005-06-20,06:32:10,-68.31,-32.85,10.0,4.4,mb,us
2005-06-20,09:37:49,-68.8,-21.06,93.3,3.8,mb,us
2005-06-20,10:20:54,-70.05,-34.12,4.2,3.2,ml,guc
2005-06-20,14:41:09,-68.62,-21.28,106.9,3.8,mb,us
2005-06-20,17:36:51,-68.84,-19.25,126.1,0.0,,us
2005-06-20,22:01:33,-70.82,-32.58,74.5,3.1,md,guc
2005-06-20,22:55:49,-71.67,-31.62,34.5,3.3,ml,guc
2005-06-20,23:33:44,-70.6,-29.6,87.5,3.6,md,guc
2005-06-21,02:35:26,-68.89,-20.24,104.8,0.0,,us
2005-06-21,03:24:06,-100.69,-34.85,10.0,4.2,mb,us
2005-06-21,05:11:18,-68.81,-19.98,105.0,5.5,mwb,us
2005-06-21,05:22:41,-115.56,-23.77,10.0,4.4,mb,us
2005-06-21,08:36:51,-69.92,-22.69,47.2,4.0,mb,us
2005-06-21,10:43:29,-100.96,-36.16,10.0,5.8,mwb,us
2005-06-21,17:18:49,-71.08,-29.54,70.9,3.0,md,guc
2005-06-21,18:19:16,-71.86,-31.78,3.8,2.9,ml,guc
2005-06-21,19:13:46,-70.12,-27.72,87.9,2.9,md,guc
2005-06-21,22:57:27,-69.04,-20.13,108.4,4.1,mb,us
2005-06-21,23:06:31,-69.07,-19.91,112.7,4.3,mb,us
2005-06-22,03:17:32,-70.66,-33.89,83.0,2.7,md,guc
2005-06-22,03:34:22,-68.89,-19.8,113.9,4.3,mb,us
2005-06-22,07:54:06,-73.62,-37.45,46.3,0.0,,us
2005-06-22,09:06:53,-86.46,-41.45,10.0,4.3,mb,us
2005-06-22,10:26:30,-71.68,-32.65,27.0,2.9,ml,guc
2005-06-22,11:18:41,-71.44,-35.96,116.3,2.9,md,guc
2005-06-22,19:22:54,-68.68,-19.71,150.6,4.6,mb,us
2005-06-22,20:35:25,-71.71,-32.76,20.0,2.7,ml,guc
2005-06-23,01:08:36,-71.34,-35.34,102.4,2.7,md,guc
2005-06-23,07:46:25,-111.81,-23.63,10.0,4.7,mb,us
2005-06-23,12:07:28,-66.95,-24.17,161.9,4.1,mb,us
2005-06-23,12:44:39,-112.51,-29.26,10.0,5.5,mwc,hrv
2005-06-23,13:19:54,-112.17,-29.19,10.0,4.8,mb,us
2005-06-23,13:52:24,-112.21,-29.32,10.0,4.6,mb,us
2005-06-23,14:32:02,-71.61,-32.0,34.9,2.7,ml,guc
2005-06-23,16:20:22,-112.3,-29.38,10.0,4.7,mb,us
2005-06-23,18:32:21,-112.56,-29.4,10.0,5.2,mwc,hrv
2005-06-23,20:22:45,-112.26,-29.16,10.0,4.8,mb,us
2005-06-23,23:45:20,-111.35,-29.38,10.0,4.7,mb,us
2005-06-24,00:08:09,-112.2,-29.53,10.0,4.3,mb,us
2005-06-24,00:31:33,-71.74,-33.63,35.3,3.3,md,guc
2005-06-24,11:23:37,-71.0,-33.23,62.1,2.6,md,guc
2005-06-24,13:11:48,-81.03,-5.88,25.4,5.3,mwc,hrv
2005-06-24,13:44:07,-66.96,-24.25,171.6,4.2,mb,us
2005-06-24,20:29:46,-66.96,-24.26,166.7,3.5,mb,us
2005-06-25,01:41:05,-70.58,-35.06,5.0,3.4,md,guc
2005-06-25,10:56:13,-70.87,-33.69,70.0,3.2,md,guc
2005-06-25,13:19:46,-69.77,-31.8,148.7,3.0,md,guc
2005-06-25,13:52:33,-68.48,-32.15,179.5,3.6,md,guc
2005-06-25,14:36:32,-71.88,-31.78,31.7,3.7,ml,guc
2005-06-25,17:14:44,-66.84,-24.06,202.7,3.8,mb,us
2005-06-25,17:48:24,-71.04,-31.89,84.3,3.7,md,guc
2005-06-25,18:44:37,-68.42,-31.27,5.0,4.0,ml,guc
2005-06-25,19:41:39,-70.57,-34.97,5.0,3.3,md,guc
2005-06-25,19:44:00,-71.18,-34.69,70.1,2.8,md,guc
2005-06-25,20:16:05,-70.26,-32.28,111.6,2.9,md,guc
2005-06-25,21:54:46,-71.48,-34.64,64.5,3.0,md,guc
2005-06-25,23:12:15,-71.92,-31.79,18.7,3.5,ml,guc
2005-06-26,00:13:54,-67.79,-31.74,0.0,4.1,ml,guc
2005-06-26,01:25:03,-70.99,-29.73,32.5,4.1,ml,guc
2005-06-26,04:41:50,-71.44,-30.8,31.2,3.2,ml,guc
2005-06-26,05:28:45,-111.79,-23.61,10.0,4.4,mb,us
2005-06-26,06:28:35,-70.98,-27.77,58.5,3.3,md,guc
2005-06-26,07:54:23,-71.95,-32.99,31.3,3.7,ml,guc
2005-06-26,10:02:37,-68.89,-20.11,111.4,4.4,mb,us
2005-06-26,10:14:06,-71.54,-31.91,54.1,3.5,md,guc
2005-06-26,11:24:42,-68.86,-24.79,76.9,4.1,md,guc
2005-06-26,11:32:04,-68.93,-19.86,104.6,4.5,mb,us
2005-06-26,11:49:53,-71.69,-32.6,22.9,2.6,ml,guc
2005-06-26,11:57:20,-71.62,-32.62,3.0,3.0,md,guc
2005-06-26,12:02:19,-72.41,-33.39,0.3,3.3,ml,guc
2005-06-26,16:44:56,-72.35,-35.02,10.0,2.8,ml,guc
2005-06-26,16:58:21,-85.78,-41.27,10.0,4.4,mb,us
2005-06-26,19:25:35,-71.82,-31.37,18.2,3.5,ml,guc
2005-06-26,23:33:27,-68.32,-31.98,150.0,3.4,md,guc
2005-06-27,00:41:16,-68.98,-22.89,112.2,4.1,mb,us
2005-06-27,00:53:44,-69.6,-19.56,37.6,4.9,mwc,hrv
2005-06-27,04:04:15,-68.93,-19.69,119.2,3.9,mb,us
2005-06-27,04:09:27,-68.85,-31.45,145.0,3.4,md,guc
2005-06-27,05:14:04,-71.81,-32.59,12.9,2.6,ml,guc
2005-06-27,05:28:42,-71.38,-32.91,49.0,3.0,md,guc
2005-06-27,07:14:25,-69.77,-31.75,136.6,3.3,md,guc
2005-06-27,08:57:15,-70.16,-31.67,126.0,4.1,md,guc
2005-06-27,15:46:55,-71.59,-32.69,39.9,3.7,md,guc
2005-06-27,18:03:06,-70.14,-33.16,5.4,3.4,md,guc
2005-06-27,18:06:06,-66.53,-23.25,202.8,4.2,mb,us
2005-06-27,18:06:07,-70.12,-33.15,5.6,2.8,ml,guc
2005-06-28,06:10:31,-68.96,-19.82,103.8,4.5,mb,us
2005-06-28,07:12:34,-70.5,-34.28,111.9,2.7,md,guc
2005-06-28,17:47:02,-72.15,-50.66,10.0,4.6,mb,us
2005-06-29,02:22:30,-68.82,-31.18,150.0,3.3,md,guc
2005-06-29,06:40:04,-72.19,-33.16,27.0,2.9,ml,guc
2005-06-29,08:20:48,-69.21,-18.99,10.3,3.8,mb,us
2005-06-29,15:35:26,-70.46,-34.14,94.4,3.0,md,guc
2005-06-29,17:10:08,-68.98,-20.25,102.1,4.1,mb,us
2005-06-29,17:21:45,-69.97,-15.41,228.5,3.8,mb,us
2005-06-29,19:11:29,-70.53,-33.62,90.3,3.3,md,guc
2005-06-30,00:06:54,-66.87,-24.09,176.6,4.3,mb,us
2005-06-30,02:06:49,-68.93,-20.08,108.4,3.8,mb,us
2005-06-30,07:07:32,-70.36,-34.41,129.2,3.6,md,guc
2005-06-30,08:56:36,-69.62,-31.59,150.0,3.3,md,guc
2005-06-30,09:03:24,-68.88,-24.28,89.4,4.3,mb,us
2005-06-30,10:32:03,-69.17,-19.98,107.6,4.2,mb,us
2005-06-30,13:33:54,-70.71,-32.56,80.8,3.7,md,guc
2005-06-30,14:25:11,-70.29,-31.78,106.8,3.6,md,guc
2005-06-30,20:25:50,-68.19,-31.5,6.0,3.8,ml,guc
2005-06-30,20:53:24,-71.19,-32.37,75.8,2.7,md,guc
2005-07-01,05:56:27,-69.21,-19.54,106.3,4.0,mb,us
2005-07-01,06:36:11,-70.43,-33.22,104.5,3.3,md,guc
2005-07-01,10:01:13,-70.91,-32.28,77.2,3.9,md,guc
2005-07-01,10:31:09,-71.78,-32.22,46.1,3.2,md,guc
2005-07-01,14:27:36,-68.52,-31.27,97.0,3.0,md,guc
2005-07-01,15:06:30,-71.28,-18.49,10.0,0.0,,us
2005-07-01,16:40:50,-74.23,-8.23,152.7,4.3,mb,us
2005-07-01,18:20:42,-66.54,-23.86,210.3,3.6,mb,us
2005-07-01,23:40:50,-68.92,-19.86,109.0,0.0,,us
2005-07-01,23:41:43,-68.82,-19.85,128.5,4.1,mb,us
2005-07-02,00:19:09,-71.65,-31.32,24.7,3.7,ml,guc
2005-07-02,03:27:22,-68.98,-19.83,100.5,4.2,mb,us
2005-07-02,08:41:36,-68.4,-31.12,150.0,3.1,md,guc
2005-07-02,10:27:23,-70.48,-34.6,120.6,3.5,md,guc
2005-07-02,18:43:04,-67.15,-31.57,15.0,3.9,md,guc
2005-07-02,19:15:07,-70.59,-34.99,5.0,3.2,md,guc
2005-07-02,20:32:08,-71.68,-32.6,15.2,2.8,md,guc
2005-07-03,02:08:22,-71.9,-33.59,35.2,3.3,md,guc
2005-07-03,03:52:32,-68.43,-31.0,136.6,3.5,md,guc
2005-07-03,04:19:05,-70.62,-15.14,191.6,4.7,mb,us
2005-07-03,14:44:26,-69.98,-32.63,119.2,2.9,md,guc
2005-07-03,17:28:56,-69.11,-20.11,108.2,4.0,mb,us
2005-07-03,18:50:57,-112.02,-23.88,10.0,4.3,mb,us
2005-07-03,19:53:15,-66.71,-23.95,184.6,4.1,mb,us
2005-07-03,22:08:57,-70.57,-35.08,0.0,3.2,md,guc
2005-07-03,22:58:54,-71.16,-31.89,80.1,2.7,md,guc
2005-07-03,23:43:41,-69.04,-30.28,10.0,3.4,ml,guc
2005-07-04,02:08:28,-70.37,-32.08,108.6,3.7,md,guc
2005-07-04,02:37:41,-71.97,-33.67,10.2,2.9,ml,guc
2005-07-04,07:13:53,-71.9,-32.93,9.5,4.1,ml,guc
2005-07-04,09:13:00,-69.17,-30.01,165.5,3.7,md,guc
2005-07-04,16:17:33,-71.98,-33.65,10.1,3.0,md,guc
2005-07-04,18:51:25,-71.96,-33.64,11.6,3.1,md,guc
2005-07-04,19:38:01,-111.7,-23.74,10.0,5.2,mwc,hrv
2005-07-04,19:54:10,-68.83,-32.73,154.9,3.6,md,guc
2005-07-04,20:32:10,-67.45,-28.28,113.0,4.7,mb,us
2005-07-04,21:07:50,-69.06,-20.03,102.9,0.0,,us
2005-07-04,21:59:10,-63.27,-27.01,552.6,5.1,mwc,hrv
2005-07-04,23:07:23,-71.97,-33.66,9.5,2.8,md,guc
2005-07-05,01:14:00,-69.2,-31.86,150.0,2.8,md,guc
2005-07-05,03:03:24,-70.85,-35.06,108.0,3.2,md,guc
2005-07-05,08:24:49,-70.05,-32.66,111.7,3.0,md,guc
2005-07-05,08:29:18,-71.69,-35.15,60.0,2.5,md,guc
2005-07-05,10:07:33,-66.89,-24.08,172.3,4.4,mb,us
2005-07-05,11:12:15,-72.07,-50.67,22.4,4.9,mwc,hrv
2005-07-05,11:15:15,-70.4,-31.77,93.2,4.2,mb,us
2005-07-05,17:06:20,-71.29,-32.86,53.9,4.6,mb,us
2005-07-05,22:06:27,-69.75,-31.6,90.3,2.6,md,guc
2005-07-06,00:28:14,-71.66,-32.66,24.1,2.9,ml,guc
2005-07-06,03:58:46,-68.87,-20.02,117.4,3.8,mb,us
2005-07-06,06:22:33,-102.81,-35.79,10.0,5.9,mwc,hrv
2005-07-06,08:03:00,-72.38,-34.56,25.1,2.7,ml,guc
2005-07-06,09:17:54,-71.5,-32.78,31.5,2.9,ml,guc
2005-07-06,15:18:07,-70.17,-28.39,87.4,0.0,,us
2005-07-06,23:23:09,-72.84,-36.26,6.3,3.6,ml,guc
2005-07-07,03:18:08,-109.38,-34.96,10.0,4.4,mb,us
2005-07-07,05:31:40,-71.77,-34.83,36.9,3.6,md,guc
2005-07-07,09:10:11,-67.04,-24.14,166.4,4.1,mb,us
2005-07-07,09:56:27,-71.62,-31.93,54.4,4.1,md,guc
2005-07-07,10:09:22,-111.68,-23.75,10.0,4.9,mwc,hrv
2005-07-07,10:14:38,-111.76,-23.78,10.0,4.8,mb,us
2005-07-07,10:34:59,-69.81,-32.32,123.8,2.9,md,guc
2005-07-07,12:10:01,-70.49,-33.17,103.5,3.4,md,guc
2005-07-07,18:50:55,-68.63,-22.3,114.0,4.4,mb,us
2005-07-08,00:12:26,-69.84,-31.65,134.2,2.9,md,guc
2005-07-08,01:16:40,-115.41,-23.88,10.0,4.4,mb,us
2005-07-08,03:03:57,-70.81,-25.54,2.7,2.9,ml,guc
2005-07-08,05:04:53,-72.38,-34.57,15.2,2.6,ml,guc
2005-07-08,05:15:55,-76.61,-45.82,37.9,4.8,mb,us
2005-07-08,07:02:07,-66.82,-31.52,123.0,4.2,mb,us
2005-07-08,08:30:40,-115.04,-23.91,10.0,4.5,mb,us
2005-07-08,08:35:20,-68.05,-23.3,104.2,4.5,mb,us
2005-07-08,10:37:29,-68.55,-33.24,5.4,3.7,ml,guc
2005-07-08,11:06:57,-72.18,-32.1,30.7,3.3,ml,guc
2005-07-08,12:13:51,-71.36,-31.5,75.9,3.4,md,guc
2005-07-08,16:07:40,-70.52,-34.98,1.6,2.6,ml,guc
2005-07-09,04:40:27,-66.69,-23.43,196.6,3.8,mb,us
2005-07-09,07:45:30,-70.53,-34.93,1.6,2.5,ml,guc
2005-07-09,12:38:12,-70.13,-34.18,2.5,2.8,ml,guc
2005-07-09,14:21:32,-70.69,-27.82,57.8,0.0,,us
2005-07-10,04:21:18,-75.13,-9.74,62.7,4.3,mb,us
2005-07-10,04:46:31,-97.26,-36.31,10.0,6.1,mwb,us
2005-07-10,08:45:26,-70.49,-34.26,116.2,2.6,md,guc
2005-07-10,09:57:01,-112.24,-25.04,10.0,3.9,mb,us
2005-07-10,11:29:05,-68.33,-20.98,118.4,4.0,mb,us
2005-07-10,17:18:47,-70.88,-32.74,71.0,2.6,md,guc
2005-07-10,18:13:16,-71.44,-29.38,62.7,0.0,,us
2005-07-10,18:40:12,-71.68,-30.94,24.4,2.9,ml,guc
2005-07-10,20:57:56,-70.45,-34.1,119.3,3.1,md,guc
2005-07-11,03:35:10,-66.68,-27.89,147.8,4.6,mb,us
2005-07-11,07:05:41,-69.28,-31.2,152.4,2.9,md,guc
2005-07-11,07:59:06,-71.44,-31.94,0.1,2.7,ml,guc
2005-07-11,12:01:35,-111.68,-23.82,10.0,5.7,mwb,us
2005-07-11,12:47:50,-111.75,-23.56,10.0,4.0,mb,us
2005-07-11,12:48:25,-70.39,-32.07,116.2,3.3,md,guc
2005-07-11,15:03:32,-69.98,-33.35,123.5,3.2,md,guc
2005-07-11,16:40:11,-70.46,-23.72,44.6,3.6,md,guc
2005-07-11,17:31:09,-71.14,-34.87,88.0,2.7,md,guc
2005-07-11,18:30:26,-73.58,-16.68,30.7,4.2,mb,us
2005-07-11,19:08:06,-70.35,-35.6,150.0,2.8,md,guc
2005-07-11,21:19:36,-111.74,-23.71,10.0,4.7,mb,us
2005-07-12,00:06:29,-70.98,-34.82,95.0,2.9,md,guc
2005-07-12,04:49:01,-71.52,-35.33,93.8,3.5,md,guc
2005-07-12,05:43:28,-77.18,-4.6,150.0,3.7,mb,us
2005-07-12,06:54:42,-69.02,-23.0,92.0,4.3,md,guc
2005-07-12,10:12:01,-67.21,-24.32,200.0,3.3,mb,us
2005-07-12,11:24:38,-70.13,-31.36,121.0,3.2,md,guc
2005-07-12,11:50:22,-71.63,-32.68,51.4,3.6,md,guc
2005-07-12,19:36:49,-73.96,-37.36,33.2,4.1,ml,guc
2005-07-12,20:30:15,-68.86,-19.84,106.1,3.6,mb,us
2005-07-13,04:03:10,-70.31,-35.05,10.0,3.2,md,guc
2005-07-13,04:11:24,-68.81,-32.84,14.0,3.4,ml,guc
2005-07-13,06:09:58,-71.24,-28.42,43.0,4.3,md,guc
2005-07-13,09:04:30,-68.77,-31.38,150.0,3.2,md,guc
2005-07-13,09:06:38,-69.02,-19.89,80.6,4.4,mb,us
2005-07-13,12:06:13,-70.11,-17.85,79.9,5.9,mwb,us
2005-07-13,13:31:00,-70.09,-34.38,3.0,2.9,md,guc
2005-07-13,14:23:23,-71.62,-32.03,2.4,2.8,ml,guc
2005-07-13,19:13:47,-66.69,-24.03,193.4,4.1,mb,us
2005-07-13,23:50:35,-74.63,-9.44,100.6,4.5,mb,us
2005-07-14,00:48:42,-76.06,-14.42,35.0,4.4,mb,us
2005-07-14,02:05:03,-71.26,-28.33,30.9,3.1,ml,guc
2005-07-14,02:16:37,-68.72,-32.05,166.9,3.1,md,guc
2005-07-14,03:54:08,-71.7,-30.68,33.3,3.6,ml,guc
2005-07-14,04:15:26,-71.67,-32.45,31.4,3.9,ml,guc
2005-07-14,15:25:31,-109.23,-32.6,10.0,4.5,mb,us
2005-07-14,15:52:30,-70.6,-32.99,90.1,3.8,md,guc
2005-07-14,18:23:33,-69.03,-31.59,173.0,3.9,md,guc
2005-07-14,20:46:14,-69.75,-31.88,136.8,2.7,md,guc
2005-07-14,22:03:40,-66.68,-23.86,188.0,4.1,mb,us
2005-07-14,22:22:33,-71.39,-35.38,81.2,4.1,mb,us
2005-07-15,00:55:15,-70.47,-35.1,15.7,2.7,ml,guc
2005-07-15,01:07:17,-68.75,-19.04,127.0,5.2,mwc,hrv
2005-07-15,02:39:36,-70.3,-18.01,89.8,4.0,mb,us
2005-07-15,10:50:18,-69.36,-18.84,35.0,4.2,mb,us
2005-07-16,04:04:01,-70.95,-33.0,64.1,2.8,md,guc
2005-07-16,08:20:29,-68.7,-19.91,125.8,0.0,,us
2005-07-16,08:29:23,-69.14,-27.45,92.5,0.0,,us
2005-07-16,12:33:38,-71.04,-30.55,54.7,0.0,,us
2005-07-16,13:29:33,-71.9,-36.06,101.5,0.0,,us
2005-07-16,13:37:19,-72.58,-35.1,28.7,3.7,ml,guc
2005-07-16,14:10:10,-69.45,-18.7,126.0,4.2,mb,us
2005-07-16,15:35:38,-70.2,-33.52,7.3,2.7,ml,guc
2005-07-16,18:32:51,-71.8,-32.46,30.2,2.7,ml,guc
2005-07-16,20:46:25,-72.73,-35.03,8.4,3.2,md,guc
2005-07-16,20:51:56,-72.65,-35.08,19.1,3.6,ml,guc
2005-07-16,21:04:44,-72.04,-34.4,26.7,2.5,ml,guc
2005-07-16,22:10:45,-69.7,-31.7,137.9,3.1,md,guc
2005-07-16,22:49:30,-72.24,-34.58,31.0,3.0,md,guc
2005-07-17,00:18:08,-69.78,-31.81,142.0,3.1,md,guc
2005-07-17,04:58:13,-70.36,-34.17,101.4,2.7,md,guc
2005-07-17,06:12:25,-72.71,-35.06,10.3,3.1,ml,guc
2005-07-17,11:41:55,-68.42,-23.07,99.9,4.3,mb,us
2005-07-17,12:17:27,-73.98,-11.3,12.6,4.5,mb,us
2005-07-17,12:45:02,-73.25,-36.58,31.0,4.7,mb,us
2005-07-17,14:17:46,-73.25,-36.58,40.8,3.5,md,guc
2005-07-17,20:08:18,-68.22,-32.84,10.0,3.7,ml,guc
2005-07-18,00:47:15,-71.52,-34.76,66.6,2.9,md,guc
2005-07-18,03:18:30,-69.04,-20.02,96.0,3.7,mb,us
2005-07-18,03:24:59,-71.74,-31.5,9.5,2.9,ml,guc
2005-07-18,05:03:35,-70.5,-34.47,100.0,2.7,md,guc
2005-07-18,06:18:23,-111.58,-24.47,10.0,4.6,mb,us
2005-07-18,09:49:23,-70.24,-35.05,154.5,2.5,md,guc
2005-07-18,11:56:49,-69.51,-18.61,111.1,3.7,mb,us
2005-07-18,13:01:27,-67.03,-31.66,109.3,4.0,mb,us
2005-07-18,14:41:08,-66.91,-24.28,172.1,4.0,mb,us
2005-07-18,18:15:21,-71.59,-32.53,6.0,3.3,md,guc
2005-07-18,19:30:22,-71.76,-32.72,15.0,2.8,ml,guc
2005-07-18,23:48:43,-71.29,-35.44,123.3,2.8,md,guc
2005-07-19,00:49:21,-68.87,-31.21,99.9,4.7,mb,us
2005-07-19,02:09:06,-70.51,-34.36,108.1,2.5,md,guc
2005-07-19,04:47:27,-70.49,-35.1,16.7,2.6,ml,guc
2005-07-19,09:04:39,-68.31,-31.11,109.1,3.6,md,guc
2005-07-19,10:46:30,-69.98,-31.53,132.2,3.9,md,guc
2005-07-19,11:19:41,-72.55,-34.06,40.2,3.8,md,guc
2005-07-19,15:08:05,-68.17,-21.4,128.6,4.6,mb,us
2005-07-19,15:12:38,-69.14,-32.02,133.6,3.2,md,guc
2005-07-19,17:07:51,-70.99,-26.42,30.5,3.9,ml,guc
2005-07-19,18:16:12,-68.85,-33.43,11.7,3.3,ml,guc
2005-07-19,18:42:10,-68.89,-33.4,8.8,3.7,ml,guc
2005-07-19,20:44:37,-67.63,-19.92,201.5,4.3,mb,us
2005-07-19,21:16:25,-71.13,-32.62,0.0,2.7,ml,guc
2005-07-19,22:21:43,-68.4,-23.22,117.3,3.6,mb,us
2005-07-20,00:02:27,-70.58,-32.8,79.2,3.1,md,guc
2005-07-20,02:02:27,-70.88,-32.39,76.3,2.9,md,guc
2005-07-20,04:34:16,-70.27,-34.28,112.0,2.5,md,guc
2005-07-20,07:17:59,-70.86,-32.25,72.9,3.5,md,guc
2005-07-20,15:26:53,-72.52,-30.03,39.1,4.2,mb,us
2005-07-20,16:41:25,-56.8,-11.6,3.0,4.3,mb,us
2005-07-20,17:44:52,-71.63,-32.58,26.9,3.3,ml,guc
2005-07-21,00:35:08,-70.48,-35.02,10.6,2.6,ml,guc
2005-07-21,01:10:19,-69.01,-19.9,91.6,3.9,mb,us
2005-07-21,01:45:19,-69.78,-31.76,155.0,3.4,md,guc
2005-07-21,08:05:00,-68.82,-20.26,88.0,0.0,,us
2005-07-21,09:41:00,-71.39,-30.57,28.4,2.8,ml,guc
2005-07-21,20:24:36,-73.92,-42.42,76.5,4.5,mb,us
2005-07-22,00:14:41,-71.07,-29.34,50.5,5.1,mwc,hrv
2005-07-22,00:54:47,-71.72,-31.53,31.8,2.6,ml,guc
2005-07-22,05:19:26,-69.06,-19.46,99.8,4.4,mb,us
2005-07-22,06:39:14,-70.68,-33.45,85.4,2.5,md,guc
2005-07-22,09:13:35,-70.44,-17.44,49.2,4.3,mb,us
2005-07-22,15:46:10,-70.0,-22.61,41.5,3.5,md,guc
2005-07-22,16:43:44,-71.23,-35.56,104.5,3.7,md,guc
2005-07-23,02:44:27,-67.09,-31.5,115.4,4.2,md,guc
2005-07-23,11:35:08,-66.15,-22.75,277.2,4.7,mb,us
2005-07-23,15:47:20,-70.95,-32.21,70.4,3.6,md,guc
2005-07-23,20:08:15,-73.93,-11.24,25.0,4.5,mb,us
2005-07-24,01:50:34,-70.6,-34.0,97.9,3.1,md,guc
2005-07-24,04:26:04,-70.4,-32.48,105.0,3.4,md,guc
2005-07-24,04:49:16,-71.64,-32.53,8.7,2.7,ml,guc
2005-07-24,06:19:17,-76.33,-13.25,49.7,4.6,mb,us
2005-07-24,11:21:55,-68.68,-31.33,86.7,3.5,md,guc
2005-07-24,15:48:46,-67.5,-19.08,211.7,4.0,mb,us
2005-07-24,23:46:01,-70.91,-34.8,107.4,3.0,md,guc
2005-07-25,00:16:54,-70.07,-34.73,14.5,3.1,ml,guc
2005-07-25,01:02:58,-68.2,-21.58,113.7,0.0,,us
2005-07-25,01:13:03,-70.76,-28.06,43.5,4.3,md,guc
2005-07-25,01:26:21,-70.88,-27.97,45.3,0.0,,us
2005-07-25,01:36:54,-68.65,-32.9,3.8,3.1,ml,guc
2005-07-25,02:26:09,-66.32,-23.08,204.1,3.8,mb,us
2005-07-25,06:51:15,-77.04,-12.22,85.0,4.3,mb,us
2005-07-25,09:53:41,-70.47,-16.85,10.0,4.8,mb,us
2005-07-25,16:59:03,-71.2,-15.71,20.1,4.7,mb,us
2005-07-25,18:56:10,-70.93,-32.4,70.2,3.7,md,guc
2005-07-25,19:27:29,-72.5,-13.48,50.3,4.4,mb,us
2005-07-25,20:17:57,-70.85,-34.82,104.4,2.5,md,guc
2005-07-25,23:09:30,-71.62,-33.59,42.5,2.8,md,guc
2005-07-25,23:52:59,-70.57,-25.89,39.6,4.8,mb,us
2005-07-26,03:01:52,-67.72,-20.92,156.8,0.0,,us
2005-07-26,08:58:58,-71.28,-28.49,30.9,3.4,ml,guc
2005-07-26,11:02:07,-69.06,-32.64,152.4,3.2,md,guc
2005-07-26,12:30:33,-70.08,-31.82,142.1,3.7,md,guc
2005-07-26,13:35:44,-72.08,-36.2,82.1,3.3,md,guc
2005-07-26,14:11:36,-72.96,-15.34,110.5,5.9,mwb,us
2005-07-26,16:48:19,-70.84,-32.04,86.9,2.6,md,guc
2005-07-26,17:00:23,-71.44,-35.86,145.0,3.0,md,guc
2005-07-26,20:11:06,-70.74,-32.91,75.5,3.7,md,guc
2005-07-26,20:17:56,-69.38,-29.5,95.0,0.0,,us
2005-07-26,20:59:19,-66.95,-24.16,168.7,4.1,mb,us
2005-07-26,23:21:03,-68.89,-20.07,107.1,4.3,mb,us
2005-07-27,00:02:24,-68.76,-21.69,113.3,3.3,md,guc
2005-07-27,01:35:24,-70.07,-28.34,97.2,3.3,md,guc
2005-07-27,01:48:09,-71.77,-29.4,34.7,4.1,ml,guc
2005-07-27,05:48:25,-70.24,-32.3,112.0,4.6,mb,us
2005-07-27,12:05:45,-73.96,-16.31,53.5,3.9,mb,us
2005-07-27,18:10:07,-71.55,-29.92,70.5,4.4,md,guc
2005-07-27,20:26:20,-70.11,-19.34,52.1,4.6,mb,us
2005-07-28,04:24:44,-68.99,-20.04,103.8,4.5,mb,us
2005-07-28,04:47:18,-71.56,-34.71,82.3,3.0,md,guc
2005-07-28,04:51:32,-71.15,-34.67,91.6,3.6,md,guc
2005-07-28,13:32:15,-68.89,-19.88,101.4,4.4,mb,us
2005-07-28,16:38:29,-70.3,-35.19,14.9,4.3,mb,us
2005-07-29,01:09:09,-73.95,-16.66,43.4,4.5,mb,us
2005-07-29,02:07:19,-71.71,-31.62,26.0,2.6,ml,guc
2005-07-29,03:32:51,-70.25,-33.1,114.9,2.6,md,guc
2005-07-29,04:28:34,-70.49,-35.07,15.1,2.5,ml,guc
2005-07-29,04:59:58,-69.65,-32.62,100.4,2.8,md,guc
2005-07-29,06:01:46,-67.04,-31.89,126.4,4.1,mb,us
2005-07-29,11:32:07,-70.31,-32.95,95.1,2.7,md,guc
2005-07-29,13:16:12,-70.9,-34.19,75.2,4.1,md,guc
2005-07-29,14:07:10,-71.47,-30.7,29.8,2.9,ml,guc
2005-07-29,15:43:39,-70.66,-35.96,24.2,3.1,ml,guc
2005-07-29,17:10:49,-67.4,-28.83,131.5,4.0,mb,us
2005-07-29,18:49:25,-70.54,-35.02,10.0,3.0,md,guc
2005-07-29,19:47:52,-69.85,-31.52,139.3,3.4,md,guc
2005-07-29,21:04:32,-66.56,-22.84,210.5,4.0,mb,us
2005-07-29,22:02:56,-69.0,-19.86,104.6,4.3,mb,us
2005-07-29,23:18:03,-69.28,-32.74,0.2,3.3,ml,guc
2005-07-30,04:03:55,-71.53,-34.94,66.0,3.2,md,guc
2005-07-30,04:35:47,-74.59,-7.87,150.7,4.2,mb,us
2005-07-30,09:38:47,-71.77,-32.7,28.3,3.0,md,guc
2005-07-30,09:52:01,-71.52,-32.58,33.2,2.9,md,guc
2005-07-30,09:57:30,-70.4,-35.98,201.6,2.7,md,guc
2005-07-30,10:19:31,-71.51,-32.58,29.8,2.6,ml,guc
2005-07-30,13:36:48,-70.57,-16.84,7.2,4.6,mb,us
2005-07-30,13:47:57,-69.78,-29.69,143.1,3.4,md,guc
2005-07-30,14:07:59,-70.64,-34.97,46.8,3.2,md,guc
2005-07-30,14:23:38,-66.99,-24.23,156.7,3.5,md,guc
2005-07-30,19:43:56,-68.62,-31.55,162.5,3.7,md,guc
2005-07-30,20:25:11,-71.43,-30.72,33.2,3.0,ml,guc
2005-07-30,20:41:38,-71.56,-29.67,17.3,4.2,ml,guc
2005-07-31,00:22:08,-70.33,-34.97,2.0,3.0,md,guc
2005-07-31,01:41:26,-69.59,-31.64,148.1,3.7,md,guc
2005-07-31,05:16:40,-75.7,-14.27,48.1,4.7,mb,us
2005-07-31,05:40:12,-68.73,-22.38,99.3,3.9,md,guc
2005-07-31,13:11:03,-68.78,-31.29,105.6,4.4,mb,us
2005-07-31,14:47:05,-72.19,-32.89,15.0,2.8,md,guc
2005-07-31,16:00:30,-69.72,-31.49,146.2,4.2,mb,us
2005-07-31,19:38:45,-68.5,-20.45,119.1,4.2,mb,us
2005-07-31,23:07:32,-69.68,-32.11,130.7,2.9,md,guc
2005-07-31,23:24:05,-67.01,-24.14,172.0,3.4,mb,us
2005-08-01,02:29:13,-70.96,-35.78,15.5,2.8,ml,guc
2005-08-01,14:42:41,-71.78,-32.71,26.8,2.6,ml,guc
2005-08-01,16:23:59,-69.98,-16.55,90.6,4.8,mb,us
2005-08-01,20:27:57,-71.16,-34.98,102.4,3.1,md,guc
2005-08-01,22:44:10,-71.71,-36.52,90.1,3.3,md,guc
2005-08-02,02:36:15,-66.92,-18.3,275.7,4.4,mb,us
2005-08-02,03:46:29,-71.68,-32.61,31.6,4.0,ml,guc
2005-08-02,04:42:07,-70.26,-32.54,102.3,2.7,md,guc
2005-08-02,06:29:21,-69.02,-19.9,106.7,4.2,mb,us
2005-08-02,09:53:35,-66.74,-24.06,200.0,0.0,,us
2005-08-02,13:54:31,-76.54,-13.25,55.1,4.4,mb,us
2005-08-02,20:48:50,-71.36,-28.89,37.1,3.6,mb,us
2005-08-02,21:36:17,-72.1,-33.79,29.0,2.8,ml,guc
2005-08-03,01:23:16,-70.6,-16.9,1.0,4.9,mwc,hrv
2005-08-03,06:04:31,-71.69,-32.72,10.0,0.0,,us
2005-08-03,06:06:47,-71.54,-32.79,10.0,0.0,,us
2005-08-03,08:41:39,-69.04,-20.13,122.1,3.9,mb,us
2005-08-03,09:02:57,-74.98,-39.24,14.1,4.4,mb,us
2005-08-03,10:58:32,-75.01,-14.48,90.2,4.5,mb,us
2005-08-03,14:11:59,-67.1,-24.11,175.3,4.1,mb,us
2005-08-03,17:03:47,-70.34,-31.2,125.0,3.0,md,guc
2005-08-03,19:50:34,-71.97,-33.2,39.5,3.5,md,guc
2005-08-04,00:26:24,-71.97,-32.66,31.6,3.9,ml,guc
2005-08-04,01:03:44,-69.17,-32.43,27.5,3.2,ml,guc
2005-08-04,01:18:21,-71.59,-32.6,43.9,3.0,md,guc
2005-08-04,01:27:27,-71.75,-32.7,18.0,3.7,ml,guc
2005-08-04,05:41:12,-70.24,-15.62,212.9,3.6,mb,us
2005-08-04,10:27:12,-114.5,-26.63,10.0,5.8,mwb,us
2005-08-04,13:49:06,-71.68,-32.66,24.6,3.9,ml,guc
2005-08-04,13:55:11,-71.82,-31.7,15.0,2.9,ml,guc
2005-08-04,17:21:58,-71.61,-32.63,8.4,2.8,ml,guc
2005-08-04,18:01:51,-70.27,-31.78,123.3,3.4,md,guc
2005-08-04,19:47:37,-70.23,-25.81,57.8,4.3,mb,us
2005-08-04,23:01:12,-66.62,-23.46,199.0,4.4,mb,us
2005-08-05,00:42:58,-66.73,-23.93,193.0,4.5,mb,us
2005-08-05,01:54:42,-70.5,-16.67,2.2,4.0,mb,us
2005-08-05,02:07:26,-67.11,-24.3,150.5,4.5,mb,us
2005-08-05,08:03:54,-70.02,-35.08,144.4,4.6,mb,us
2005-08-05,10:11:36,-69.92,-32.44,131.9,2.7,md,guc
2005-08-05,11:49:09,-70.8,-27.64,35.1,3.3,ml,guc
2005-08-05,12:47:51,-66.8,-24.07,183.8,0.0,,us
2005-08-05,20:38:58,-70.57,-16.84,2.8,4.6,mb,us
2005-08-06,00:31:10,-70.88,-31.88,104.9,3.0,md,guc
2005-08-06,07:36:29,-69.48,-17.36,140.3,5.4,mwc,hrv
2005-08-06,16:28:45,-69.13,-24.8,69.7,0.0,,us
2005-08-06,18:33:58,-70.91,-32.28,65.6,3.0,md,guc
2005-08-06,23:47:02,-69.23,-31.48,148.1,3.2,md,guc
2005-08-07,03:33:52,-71.21,-31.78,78.6,2.7,md,guc
2005-08-07,04:24:54,-71.64,-34.94,37.7,3.1,md,guc
2005-08-07,08:25:19,-69.34,-16.76,183.7,4.2,mb,us
2005-08-07,09:40:17,-74.69,-38.71,35.0,4.0,mb,us
2005-08-07,11:20:29,-80.03,-8.02,33.2,5.4,mwc,hrv
2005-08-07,15:23:20,-70.56,-16.74,7.3,4.5,mb,us
2005-08-07,22:44:32,-71.74,-32.2,15.2,3.6,ml,guc
2005-08-08,01:26:57,-71.53,-32.11,38.4,2.8,md,guc
2005-08-08,02:17:12,-69.84,-32.16,130.7,2.6,md,guc
2005-08-08,03:15:00,-71.38,-30.25,56.7,4.1,mb,us
2005-08-08,03:36:43,-70.04,-33.19,123.1,0.0,,us
2005-08-08,04:19:10,-71.82,-32.5,29.1,2.9,ml,guc
2005-08-08,13:56:44,-69.01,-20.09,97.2,4.5,mb,us
2005-08-08,15:13:46,-70.04,-32.62,112.4,2.8,md,guc
2005-08-08,22:50:28,-71.67,-32.4,29.7,3.4,ml,guc
2005-08-09,04:35:26,-69.46,-19.0,107.6,4.0,mb,us
2005-08-09,13:39:31,-69.07,-31.35,165.1,3.7,md,guc
2005-08-09,14:25:12,-70.82,-33.4,70.8,2.8,md,guc
2005-08-09,20:59:13,-67.02,-21.97,174.4,3.7,mb,us
2005-08-09,21:25:43,-70.52,-35.1,5.0,2.6,ml,guc
2005-08-09,22:36:12,-71.94,-32.98,4.2,2.5,ml,guc
2005-08-10,00:23:38,-68.21,-31.78,169.6,3.7,md,guc
2005-08-10,02:02:05,-66.06,-22.57,243.0,4.4,mb,us
2005-08-10,08:43:25,-72.38,-34.28,37.9,4.2,md,guc
2005-08-10,09:44:09,-71.43,-32.31,37.6,3.5,md,guc
2005-08-10,14:27:17,-71.69,-32.69,23.6,4.6,mb,us
2005-08-10,15:44:25,-72.29,-34.26,34.3,4.0,ml,guc
2005-08-10,15:52:32,-72.32,-34.27,38.3,4.1,md,guc
2005-08-10,16:07:47,-72.56,-34.22,10.0,3.6,mb,us
2005-08-10,18:37:37,-72.33,-34.33,30.6,3.9,ml,guc
2005-08-10,23:08:25,-65.3,-20.3,332.6,4.4,mb,us
2005-08-11,07:41:19,-69.0,-19.88,100.6,4.3,mb,us
2005-08-11,08:33:34,-72.37,-34.31,19.5,4.0,mb,us
2005-08-11,08:39:04,-72.32,-34.31,5.0,3.5,ml,guc
2005-08-11,10:45:50,-72.17,-34.15,32.4,4.4,mb,us
2005-08-11,19:16:24,-72.37,-34.26,40.1,3.2,md,guc
2005-08-11,22:13:41,-72.22,-34.14,1.9,2.8,ml,guc
2005-08-12,03:15:26,-69.44,-31.67,115.5,3.9,mb,us
2005-08-12,08:41:19,-69.84,-33.79,135.1,3.0,md,guc
2005-08-12,08:59:20,-70.7,-33.46,80.8,4.1,mb,us
2005-08-12,09:41:35,-68.98,-18.53,146.6,4.1,mb,us
2005-08-13,05:23:53,-68.93,-19.7,104.1,4.7,mb,us
2005-08-13,10:26:14,-69.76,-31.74,132.6,3.5,md,guc
2005-08-13,12:18:13,-71.6,-33.43,38.6,2.8,md,guc
2005-08-13,14:00:44,-70.1,-32.78,105.2,3.7,md,guc
2005-08-13,16:51:29,-70.25,-16.72,43.9,4.8,mb,us
2005-08-13,18:33:28,-71.59,-31.98,33.9,2.7,ml,guc
2005-08-13,22:19:34,-69.63,-31.56,143.3,3.3,md,guc
2005-08-14,02:39:40,-68.98,-19.78,113.8,5.8,mwb,us
2005-08-14,12:07:46,-93.74,-38.2,10.0,4.8,mb,us
2005-08-14,12:31:40,-93.83,-38.22,10.0,4.7,mb,us
2005-08-14,17:10:40,-68.89,-19.32,89.5,0.0,,us
2005-08-14,17:11:02,-68.79,-18.72,49.9,0.0,,us
2005-08-14,18:26:15,-69.26,-29.34,111.8,3.7,mb,us
2005-08-14,19:56:16,-70.36,-33.08,102.4,3.2,md,guc
2005-08-15,05:06:12,-71.05,-34.92,104.2,3.0,md,guc
2005-08-15,06:44:52,-66.67,-22.77,278.5,3.9,mb,us
2005-08-15,11:47:58,-70.2,-33.37,110.9,2.9,md,guc
2005-08-15,14:17:02,-70.66,-16.73,35.0,4.2,mb,us
2005-08-15,18:27:59,-68.49,-31.94,150.0,3.5,md,guc
2005-08-15,23:08:49,-75.51,-14.27,48.8,4.4,mb,us
2005-08-16,09:54:18,-71.78,-30.75,17.6,3.7,ml,guc
2005-08-16,14:03:02,-64.16,-23.33,20.4,4.6,mb,us
2005-08-16,17:42:35,-71.79,-32.48,18.0,2.8,ml,guc
2005-08-16,19:35:51,-72.72,-14.67,13.0,3.5,ml,lim
2005-08-16,23:09:51,-68.59,-31.26,83.5,3.7,md,guc
2005-08-17,04:39:13,-71.69,-32.51,12.3,2.8,ml,guc
2005-08-17,04:43:41,-71.7,-32.5,28.8,3.5,ml,guc
2005-08-17,07:00:10,-72.57,-36.63,54.6,4.6,mb,us
2005-08-17,07:26:15,-71.5,-32.6,15.0,3.9,ml,guc
2005-08-17,09:01:47,-67.0,-24.3,177.3,4.5,mb,us
2005-08-17,10:45:56,-71.51,-32.6,15.2,2.6,ml,guc
2005-08-17,11:17:24,-71.51,-32.61,15.0,2.7,ml,guc
2005-08-17,17:22:27,-69.32,-17.28,178.2,4.2,mb,us
2005-08-17,22:03:46,-71.79,-30.74,25.6,4.5,ml,guc
2005-08-17,22:06:05,-69.11,-31.63,105.1,0.0,,us
2005-08-18,02:44:38,-71.79,-30.76,35.0,3.4,ml,guc
2005-08-18,05:13:25,-68.28,-20.8,112.8,4.3,mb,us
2005-08-18,07:30:12,-71.6,-30.69,38.3,3.7,md,guc
2005-08-18,09:19:16,-70.48,-16.76,20.0,4.4,mb,us
2005-08-18,11:00:02,-71.1,-34.3,66.3,2.9,md,guc
2005-08-18,11:51:17,-71.3,-33.26,53.2,2.8,md,guc
2005-08-18,11:53:52,-71.18,-32.65,57.3,2.7,md,guc
2005-08-18,12:32:48,-70.23,-33.69,112.9,2.7,md,guc
2005-08-18,15:15:46,-69.83,-31.8,126.7,2.9,md,guc
2005-08-18,16:33:33,-70.9,-35.34,103.7,2.8,md,guc
2005-08-18,17:08:13,-73.87,-17.15,35.0,4.3,mb,us
2005-08-18,17:41:45,-71.68,-32.69,29.5,2.9,ml,guc
2005-08-18,23:09:57,-71.2,-15.69,121.3,4.4,mb,us
2005-08-19,07:45:35,-71.72,-32.2,10.0,3.5,ml,guc
2005-08-19,07:53:10,-68.85,-20.86,120.5,3.8,mb,us
2005-08-19,11:54:00,-71.68,-32.66,29.5,3.0,ml,guc
2005-08-19,13:18:04,-68.99,-20.17,92.9,4.2,mb,us
2005-08-19,20:14:03,-69.78,-31.96,129.5,2.9,md,guc
2005-08-19,22:47:00,-70.38,-34.48,120.8,2.9,md,guc
2005-08-19,23:32:06,-70.91,-28.45,59.1,4.7,mb,us
2005-08-20,04:28:19,-75.76,-14.9,23.2,4.3,mb,us
2005-08-20,11:47:44,-91.84,-40.43,20.2,4.7,mb,us
2005-08-20,12:15:55,-71.55,-35.6,114.4,3.4,md,guc
2005-08-20,13:12:31,-71.63,-31.99,36.3,3.5,md,guc
2005-08-20,16:14:19,-71.16,-33.09,61.0,2.5,md,guc
2005-08-20,17:23:20,-73.93,-15.53,78.6,0.0,,us
2005-08-20,23:03:31,-76.54,-7.63,29.2,4.6,mb,us
2005-08-21,03:53:46,-67.68,-23.45,144.8,3.8,mb,us
2005-08-21,06:40:13,-66.92,-23.93,179.8,3.3,mb,us
2005-08-21,11:45:31,-70.3,-34.88,10.0,4.5,mb,us
2005-08-21,21:04:45,-69.06,-19.89,111.6,4.0,mb,us
2005-08-21,21:15:06,-70.72,-28.43,69.2,4.0,mb,us
2005-08-21,22:59:47,-70.21,-34.95,9.1,3.0,md,guc
2005-08-22,02:13:49,-68.92,-28.25,100.0,4.8,mb,us
2005-08-22,04:46:23,-69.76,-31.84,132.4,3.4,md,guc
2005-08-22,05:55:28,-70.37,-16.83,35.0,4.4,mb,us
2005-08-22,09:19:02,-71.8,-32.72,12.4,2.6,ml,guc
2005-08-22,11:15:16,-70.52,-35.02,15.3,2.6,ml,guc
2005-08-23,01:17:11,-68.92,-31.35,149.7,3.9,md,guc
2005-08-23,06:32:25,-80.41,-4.95,54.7,4.8,mb,us
2005-08-23,08:36:37,-70.42,-31.97,119.4,2.5,md,guc
2005-08-23,08:44:18,-73.84,-42.45,40.2,4.7,mb,us
2005-08-23,10:09:47,-68.37,-21.92,106.9,3.8,mb,us
2005-08-23,10:10:29,-70.57,-23.17,52.1,3.7,mb,us
2005-08-23,16:42:30,-72.1,-29.94,34.4,4.6,mb,us
2005-08-23,18:55:40,-71.76,-32.33,14.8,2.6,ml,guc
2005-08-23,19:14:07,-68.77,-32.81,10.0,4.8,mwc,hrv
2005-08-24,01:48:13,-70.58,-16.88,7.7,4.8,mb,us
2005-08-24,02:05:35,-71.64,-32.65,14.2,2.8,ml,guc
2005-08-24,04:07:36,-70.29,-32.81,98.9,3.4,md,guc
2005-08-24,04:57:52,-70.14,-24.96,70.7,0.0,,us
2005-08-24,06:58:59,-70.23,-32.88,118.3,2.5,md,guc
2005-08-24,14:21:18,-71.12,-33.02,48.4,3.9,md,guc
2005-08-24,15:41:21,-70.73,-34.44,108.8,3.0,md,guc
2005-08-24,17:12:31,-71.98,-29.95,36.3,3.8,ml,guc
2005-08-24,17:20:37,-69.03,-19.79,109.2,4.0,mb,us
2005-08-24,21:21:32,-70.26,-33.14,2.0,3.2,md,guc
2005-08-24,21:54:24,-69.17,-32.88,8.0,2.9,ml,guc
2005-08-25,00:49:57,-72.17,-30.63,34.0,3.2,ml,guc
2005-08-25,06:48:13,-70.2,-32.09,126.8,3.7,md,guc
2005-08-25,08:47:11,-80.15,-5.16,74.9,4.1,mb,us
2005-08-25,12:53:19,-71.06,-34.07,72.5,2.5,md,guc
2005-08-25,13:20:37,-69.09,-22.66,93.6,4.3,mb,us
2005-08-25,22:03:32,-71.22,-33.21,51.5,3.3,md,guc
2005-08-25,23:19:29,-71.43,-31.6,76.1,2.7,md,guc
2005-08-26,04:00:42,-66.65,-23.68,190.8,4.2,mb,us
2005-08-26,06:20:48,-71.36,-27.92,27.1,3.8,ml,guc
2005-08-26,06:32:24,-71.34,-32.36,45.7,3.7,md,guc
2005-08-26,07:53:56,-66.64,-23.19,205.3,4.2,mb,us
2005-08-26,09:45:59,-71.0,-33.02,37.0,3.5,md,guc
2005-08-26,10:19:15,-67.0,-24.38,157.7,4.1,mb,us
2005-08-26,15:58:18,-68.92,-18.56,132.5,4.2,mb,us
2005-08-26,16:30:50,-66.86,-24.1,140.7,0.0,,us
2005-08-26,22:19:45,-72.09,-32.97,24.8,2.8,ml,guc
2005-08-26,23:10:27,-66.81,-22.91,203.3,0.0,,us
2005-08-27,03:28:18,-111.65,-24.45,10.0,4.8,mb,us
2005-08-27,07:26:55,-70.35,-34.1,16.6,2.9,md,guc
2005-08-27,07:27:32,-69.86,-32.41,115.5,2.5,md,guc
2005-08-27,08:27:39,-68.43,-31.82,10.0,3.2,ml,guc
2005-08-27,13:49:30,-68.75,-30.13,134.0,3.9,mb,us
2005-08-27,14:09:10,-70.08,-33.98,17.4,2.6,md,guc
2005-08-27,14:36:10,-72.57,-34.78,31.1,3.0,ml,guc
2005-08-27,18:20:42,-71.82,-32.38,26.9,4.0,mb,us
2005-08-27,21:16:42,-71.74,-32.38,12.8,2.8,ml,guc
2005-08-28,04:18:38,-71.82,-32.48,15.0,2.5,ml,guc
2005-08-28,04:26:32,-69.44,-31.31,151.0,3.7,md,guc
2005-08-28,04:34:26,-72.58,-34.42,37.0,3.6,md,guc
2005-08-28,10:01:03,-72.1,-15.1,112.5,4.4,mb,us
2005-08-28,13:29:13,-67.32,-21.18,171.4,0.0,,us
2005-08-28,16:56:04,-70.24,-31.71,128.1,3.0,md,guc
2005-08-28,17:02:57,-70.27,-32.0,133.8,2.9,md,guc
2005-08-28,18:11:18,-75.08,-40.69,10.0,0.0,,us
2005-08-28,19:46:42,-70.18,-32.7,111.3,3.4,md,guc
2005-08-28,20:41:12,-71.32,-36.17,145.0,3.3,md,guc
2005-08-29,01:18:36,-71.87,-35.64,40.9,3.7,md,guc
2005-08-29,01:35:04,-70.25,-16.8,31.4,4.8,mb,us
2005-08-29,03:47:22,-70.96,-32.79,62.9,3.2,md,guc
2005-08-29,08:23:15,-71.73,-32.06,40.4,3.3,md,guc
2005-08-29,09:49:59,-68.97,-19.93,101.2,4.3,mb,us
2005-08-29,16:03:26,-108.62,-9.18,10.0,4.7,mb,us
2005-08-29,18:03:31,-69.88,-33.25,107.3,3.1,md,guc
2005-08-29,22:50:48,-70.19,-34.98,156.1,3.0,md,guc
2005-08-29,23:33:15,-71.65,-32.43,36.2,3.3,md,guc
2005-08-30,01:07:58,-71.75,-32.44,15.0,2.7,ml,guc
2005-08-30,01:15:25,-72.07,-35.73,67.1,2.8,md,guc
2005-08-30,03:32:32,-70.56,-31.69,112.3,3.2,md,guc
2005-08-30,07:06:03,-68.82,-20.27,105.4,3.8,mb,us
2005-08-30,07:52:47,-72.72,-33.27,28.9,2.7,ml,guc
2005-08-30,12:00:26,-70.34,-34.08,8.1,2.8,ml,guc
2005-08-30,12:11:31,-69.12,-31.0,145.1,0.0,,us
2005-08-30,12:26:13,-68.02,-30.96,150.0,4.2,mb,us
2005-08-30,19:20:52,-69.68,-29.23,112.7,0.0,,us
2005-08-30,21:33:36,-70.94,-35.35,109.6,3.4,md,guc
2005-08-31,20:18:29,-70.66,-24.68,60.7,0.0,,us
2005-08-31,22:01:07,-71.23,-35.12,106.4,2.9,md,guc
2005-08-31,23:45:49,-70.05,-32.71,109.7,2.5,md,guc
2005-09-01,00:05:56,-70.89,-33.62,71.0,2.5,md,guc
2005-09-01,14:13:07,-66.86,-24.07,184.5,3.9,mb,us
2005-09-01,14:51:32,-69.65,-31.87,140.5,4.2,mb,us
2005-09-01,17:50:53,-70.74,-34.69,108.6,3.5,md,guc
2005-09-01,21:56:56,-71.22,-33.24,51.3,3.2,md,guc
2005-09-01,22:58:10,-71.98,-36.16,95.0,3.6,md,guc
2005-09-02,01:44:20,-106.35,-35.35,10.0,4.3,mb,us
2005-09-02,05:03:31,-70.99,-32.83,52.4,3.2,md,guc
2005-09-02,07:23:59,-72.44,-34.52,26.5,4.8,mb,us
2005-09-02,07:39:30,-70.99,-33.96,74.4,3.3,md,guc
2005-09-02,09:41:37,-105.79,-35.4,10.0,4.3,mb,us
2005-09-02,10:08:48,-72.43,-34.55,13.9,3.2,ml,guc
2005-09-02,11:17:37,-68.89,-19.74,116.3,3.6,mb,us
2005-09-02,12:36:20,-72.11,-33.11,15.2,2.6,ml,guc
2005-09-02,16:47:55,-72.1,-32.24,26.8,3.0,ml,guc
2005-09-02,18:52:52,-72.39,-33.93,30.9,2.6,ml,guc
2005-09-02,21:09:08,-67.38,-31.76,44.7,3.8,mb,us
2005-09-02,21:12:07,-67.72,-31.8,35.0,4.1,ml,guc
2005-09-03,08:22:10,-70.16,-29.17,97.0,0.0,,us
2005-09-03,08:22:25,-70.21,-34.34,8.4,3.2,md,guc
2005-09-03,11:23:40,-69.53,-34.25,13.1,2.8,ml,guc
2005-09-03,11:25:34,-69.5,-34.27,13.5,2.7,ml,guc
2005-09-03,12:28:04,-71.65,-32.73,7.4,3.0,md,guc
2005-09-03,13:00:03,-70.22,-23.36,36.9,4.4,mb,us
2005-09-03,17:18:16,-71.68,-32.67,21.3,3.2,ml,guc
2005-09-03,17:46:52,-71.67,-32.67,19.7,2.6,ml,guc
2005-09-03,18:52:12,-72.68,-33.09,28.1,3.2,ml,guc
2005-09-03,20:21:25,-82.86,-43.0,10.0,5.6,mwc,hrv
2005-09-03,23:04:52,-66.6,-23.94,198.7,3.9,mb,us
2005-09-03,23:41:23,-70.71,-32.26,65.0,2.8,md,guc
2005-09-04,03:25:30,-67.54,-31.9,14.5,4.0,mb,us
2005-09-04,04:42:17,-66.78,-23.97,199.5,0.0,,us
2005-09-04,05:15:22,-123.43,-55.74,10.0,4.4,mb,us
2005-09-04,06:52:01,-66.3,-22.89,240.9,0.0,,us
2005-09-04,11:27:48,-72.27,-34.39,33.0,2.6,ml,guc
2005-09-04,15:06:53,-69.95,-32.36,99.2,2.9,md,guc
2005-09-04,22:07:46,-74.94,-40.98,25.0,4.4,mb,us
2005-09-04,22:24:29,-71.63,-36.32,79.9,4.7,mb,us
2005-09-04,23:02:00,-111.89,-25.18,10.0,4.3,mb,us
2005-09-04,23:57:00,-70.69,-25.7,45.4,0.0,,us
2005-09-05,01:20:33,-72.28,-29.87,55.0,0.0,,us
2005-09-05,02:12:28,-70.74,-16.54,35.0,4.2,mb,us
2005-09-05,07:17:50,-67.39,-23.7,237.3,4.6,mb,us
2005-09-05,07:36:19,-74.82,-12.02,92.7,0.0,,us
2005-09-05,08:17:23,-66.94,-24.08,174.5,3.8,mb,us
2005-09-05,14:22:46,-72.57,-13.55,35.0,0.0,,us
2005-09-05,15:43:56,-70.48,-16.79,35.0,4.7,mb,us
2005-09-05,16:37:18,-70.52,-35.04,19.1,2.5,ml,guc
2005-09-05,18:10:24,-66.7,-23.86,192.4,4.2,mb,us
2005-09-05,23:41:23,-70.9,-29.36,62.5,4.4,mb,us
2005-09-06,03:03:06,-84.19,-41.81,10.0,4.5,mb,us
2005-09-06,04:26:33,-68.36,-21.5,117.9,4.2,mb,us
2005-09-06,05:40:57,-71.41,-28.86,15.0,3.4,ml,guc
2005-09-06,06:46:25,-71.65,-31.86,24.7,2.6,ml,guc
2005-09-06,09:27:40,-69.88,-27.24,116.1,3.9,mb,us
2005-09-06,10:01:45,-112.24,-34.61,10.0,4.4,mb,us
2005-09-06,10:03:47,-112.14,-34.74,10.0,4.3,mb,us
2005-09-06,10:04:53,-71.23,-29.51,25.4,4.0,ml,guc
2005-09-06,10:44:07,-71.22,-29.46,10.0,2.8,ml,guc
2005-09-06,15:07:59,-66.63,-23.91,200.2,4.0,mb,us
2005-09-06,22:45:29,-68.18,-21.49,112.6,3.5,mb,us
2005-09-07,02:40:58,-71.52,-32.63,15.2,2.9,ml,guc
2005-09-07,05:38:32,-70.26,-34.94,10.8,2.8,ml,guc
2005-09-07,06:48:11,-70.36,-30.08,106.3,3.5,md,guc
2005-09-07,07:57:05,-71.66,-35.44,95.0,2.8,md,guc
2005-09-07,09:03:51,-70.73,-33.86,83.2,3.3,md,guc
2005-09-07,14:31:42,-70.36,-33.96,101.8,2.5,md,guc
2005-09-07,17:55:40,-71.16,-33.94,60.4,3.1,md,guc
2005-09-07,18:33:09,-71.73,-31.61,9.4,2.7,ml,guc
2005-09-07,19:03:13,-71.43,-32.96,47.3,3.4,md,guc
2005-09-08,04:03:40,-71.57,-15.5,133.3,4.4,mb,us
2005-09-08,07:26:37,-111.66,-24.37,10.0,4.7,mb,us
2005-09-08,07:30:47,-70.3,-32.29,5.0,2.5,ml,guc
2005-09-08,09:49:56,-70.78,-32.02,100.3,3.0,md,guc
2005-09-08,10:11:06,-71.0,-29.84,63.8,3.7,md,guc
2005-09-08,13:36:33,-63.9,-22.34,574.1,3.8,mb,us
2005-09-08,14:38:24,-66.6,-21.52,210.7,4.1,mb,us
2005-09-08,17:27:05,-71.62,-30.3,12.5,3.4,ml,guc
2005-09-08,18:55:21,-74.7,-10.42,33.6,4.5,mb,us
2005-09-08,20:53:51,-91.43,-38.89,10.0,4.5,mb,us
2005-09-08,23:51:16,-71.64,-32.66,28.8,2.9,ml,guc
2005-09-09,04:20:35,-70.31,-16.86,56.9,4.2,mb,us
2005-09-09,05:23:29,-70.48,-33.22,96.7,3.0,md,guc
2005-09-09,08:57:20,-91.64,-38.86,10.0,4.1,mb,us
2005-09-09,10:10:18,-66.52,-21.51,216.2,3.7,mb,us
2005-09-09,11:26:07,-69.14,-31.68,112.6,5.8,mb,us
2005-09-09,11:48:21,-69.19,-31.66,132.9,3.5,md,guc
2005-09-09,15:02:50,-80.37,-8.6,40.0,4.2,mb,us
2005-09-09,17:56:55,-69.54,-20.5,138.5,4.1,mb,us
2005-09-09,21:44:43,-71.82,-32.71,14.1,2.6,ml,guc
2005-09-10,02:35:41,-71.38,-30.67,32.0,2.5,ml,guc
2005-09-10,19:27:57,-70.2,-27.62,83.5,3.7,mb,us
2005-09-10,20:53:58,-72.45,-33.35,32.5,3.5,ml,guc
2005-09-10,21:58:52,-70.56,-35.02,19.7,3.2,ml,guc
2005-09-11,10:48:02,-73.18,-37.84,39.2,0.0,,us
2005-09-11,12:10:02,-69.24,-28.53,100.0,0.0,,us
2005-09-11,18:31:30,-73.55,-36.7,35.0,4.9,mwc,hrv
2005-09-11,20:13:20,-71.15,-35.08,104.2,2.6,md,guc
2005-09-11,21:20:44,-71.08,-34.99,93.5,4.1,md,guc
2005-09-12,03:01:47,-88.73,-41.31,10.0,4.7,mb,us
2005-09-12,06:16:35,-71.65,-31.54,25.8,3.0,ml,guc
2005-09-12,12:11:28,-69.74,-32.02,152.1,2.6,md,guc
2005-09-12,13:47:15,-67.52,-28.0,150.0,3.9,mb,us
2005-09-12,16:39:07,-68.5,-22.96,101.4,3.3,md,guc
2005-09-12,16:54:26,-69.87,-31.77,157.0,2.5,md,guc
2005-09-12,20:45:49,-68.23,-33.85,5.0,2.9,ml,guc
2005-09-12,21:45:30,-71.33,-33.27,51.9,3.4,md,guc
2005-09-13,03:21:31,-69.21,-31.26,190.6,3.2,md,guc
2005-09-13,03:25:48,-71.58,-32.67,26.6,2.9,md,guc
2005-09-13,04:54:52,-71.66,-30.96,25.3,3.0,ml,guc
2005-09-13,06:55:17,-88.19,-41.39,10.0,4.7,mb,us
2005-09-13,11:48:32,-70.51,-31.99,93.8,2.6,md,guc
2005-09-13,18:33:06,-72.04,-33.63,11.7,2.6,ml,guc
2005-09-14,06:29:52,-67.44,-22.29,164.0,4.0,mb,us
2005-09-14,09:12:20,-69.07,-20.2,103.6,4.4,mb,us
2005-09-14,10:52:28,-72.39,-34.68,26.6,2.7,ml,guc
2005-09-14,12:20:17,-71.76,-32.69,15.5,2.5,ml,guc
2005-09-15,04:10:32,-70.62,-37.98,161.8,4.1,mb,us
2005-09-15,09:21:05,-67.86,-24.46,70.4,3.3,md,guc
2005-09-15,10:45:07,-70.52,-35.02,20.5,2.7,md,guc
2005-09-15,11:46:09,-69.14,-32.37,149.0,3.3,md,guc
2005-09-15,19:44:20,-69.43,-31.23,141.6,2.9,md,guc
2005-09-15,20:43:13,-71.05,-32.54,42.5,2.9,md,guc
2005-09-16,00:13:07,-70.1,-31.34,129.1,3.4,md,guc
2005-09-16,01:10:42,-69.66,-17.54,136.5,4.2,mb,us
2005-09-16,03:40:41,-111.33,-34.97,10.0,5.1,mwc,hrv
2005-09-16,06:54:17,-111.36,-34.98,10.0,4.7,mb,us
2005-09-16,08:08:23,-70.5,-33.36,93.0,2.7,md,guc
2005-09-16,18:52:49,-68.7,-31.27,102.5,4.1,mb,us
2005-09-16,20:31:48,-71.33,-36.14,144.7,2.9,md,guc
2005-09-16,21:59:34,-70.14,-32.23,106.1,2.6,md,guc
2005-09-16,22:29:02,-66.41,-23.13,175.4,3.5,mb,us
2005-09-16,22:34:19,-68.93,-20.1,113.9,3.7,mb,us
2005-09-17,00:05:55,-71.22,-32.16,72.9,2.6,md,guc
2005-09-17,02:04:23,-70.97,-32.64,63.8,2.5,md,guc
2005-09-17,02:06:04,-71.83,-31.7,28.4,2.9,ml,guc
2005-09-17,04:45:44,-70.63,-34.26,111.8,2.7,md,guc
2005-09-17,13:43:44,-70.46,-31.78,114.0,3.1,md,guc
2005-09-17,17:34:29,-70.88,-33.85,78.3,3.5,md,guc
2005-09-17,19:13:06,-71.51,-35.39,92.4,3.2,md,guc
2005-09-17,19:21:14,-69.64,-31.47,154.2,3.1,md,guc
2005-09-18,01:47:12,-71.56,-30.45,4.2,3.0,ml,guc
2005-09-18,03:34:34,-68.21,-22.81,104.4,4.3,mb,us
2005-09-18,05:45:49,-67.23,-21.31,179.7,4.2,mb,us
2005-09-18,11:28:03,-71.41,-32.01,66.3,2.5,md,guc
2005-09-18,11:51:34,-71.57,-32.59,47.2,3.4,md,guc
2005-09-18,12:17:20,-71.03,-33.26,65.8,3.2,md,guc
2005-09-18,19:43:02,-67.31,-21.24,190.2,3.8,mb,us
2005-09-18,21:56:43,-71.44,-32.42,35.5,3.6,md,guc
2005-09-19,04:12:22,-71.07,-31.81,84.9,3.6,md,guc
2005-09-19,11:16:57,-69.13,-25.58,80.0,0.0,,us
2005-09-19,12:59:29,-71.78,-31.61,22.7,2.8,ml,guc
2005-09-19,13:20:56,-68.97,-19.98,92.4,4.9,mwc,hrv
2005-09-19,20:02:23,-70.97,-32.62,40.2,3.1,md,guc
2005-09-19,22:42:26,-66.81,-23.48,190.0,3.9,mb,us
2005-09-20,01:39:41,-70.99,-31.2,91.2,2.8,md,guc
2005-09-20,03:11:46,-69.92,-31.65,131.1,3.4,md,guc
2005-09-20,04:46:47,-67.36,-22.13,154.1,4.3,mb,us
2005-09-20,05:11:56,-71.67,-31.3,29.4,2.8,ml,guc
2005-09-20,05:45:37,-70.42,-34.36,102.9,2.8,md,guc
2005-09-20,09:38:46,-71.81,-34.25,34.5,2.8,ml,guc
2005-09-20,10:53:29,-81.09,-8.56,29.0,5.0,mwc,hrv
2005-09-20,11:24:55,-69.31,-17.54,165.1,4.0,mb,us
2005-09-20,14:24:44,-71.66,-32.68,28.1,2.8,ml,guc
2005-09-20,14:48:29,-67.93,-33.26,15.0,3.6,ml,guc
2005-09-20,15:22:11,-70.51,-34.99,17.1,2.5,ml,guc
2005-09-20,17:31:53,-57.07,-62.15,10.0,4.4,mb,us
2005-09-20,17:54:21,-70.28,-33.05,99.3,3.2,md,guc
2005-09-20,23:13:28,-56.98,-61.95,10.0,4.7,mb,us
2005-09-21,11:52:50,-70.54,-16.66,6.8,4.8,mb,us
2005-09-21,13:18:46,-70.41,-34.41,116.3,2.7,md,guc
2005-09-21,21:09:49,-71.34,-36.22,137.8,2.9,md,guc
2005-09-21,23:29:04,-71.67,-32.57,41.0,3.2,md,guc
2005-09-22,06:39:45,-69.36,-17.98,138.0,4.4,mb,us
2005-09-22,12:01:16,-75.62,-6.59,40.4,3.9,mb,us
2005-09-22,14:14:50,-69.73,-32.74,125.7,2.5,md,guc
2005-09-22,18:32:04,-71.77,-32.33,9.5,2.7,ml,guc
2005-09-22,19:55:15,-72.37,-34.3,5.5,3.1,ml,guc
2005-09-22,20:26:12,-71.82,-32.36,12.7,2.6,ml,guc
2005-09-22,22:01:58,-71.7,-31.23,8.8,2.7,ml,guc
2005-09-22,23:25:20,-66.11,-22.76,231.6,0.0,,us
2005-09-23,05:31:18,-70.18,-33.89,121.1,3.6,md,guc
2005-09-23,06:36:50,-68.78,-31.2,150.0,4.1,mb,us
2005-09-23,07:27:23,-71.7,-30.66,15.4,2.8,ml,guc
2005-09-23,15:49:11,-67.11,-24.1,152.6,4.8,mb,us
2005-09-23,19:23:15,-66.33,-23.3,213.4,4.1,mb,us
2005-09-23,19:57:40,-71.76,-31.62,30.5,2.8,ml,guc
2005-09-23,23:14:28,-70.57,-33.17,92.7,3.3,md,guc
2005-09-24,05:38:12,-72.2,-32.95,14.4,2.6,ml,guc
2005-09-24,06:37:05,-69.9,-32.62,109.4,2.7,md,guc
2005-09-24,08:35:48,-70.23,-34.88,12.5,2.8,ml,guc
2005-09-24,14:15:45,-70.32,-32.63,101.1,3.0,md,guc
2005-09-24,20:38:04,-56.76,-11.58,10.0,4.6,mb,us
2005-09-24,22:29:22,-67.36,-24.36,170.0,0.0,,us
2005-09-24,23:35:58,-72.22,-28.03,45.0,0.0,,us
2005-09-24,23:44:46,-70.35,-27.7,80.3,3.3,md,guc
2005-09-24,23:48:24,-71.98,-33.26,23.0,2.6,ml,guc
2005-09-25,02:20:37,-71.43,-36.17,104.5,3.7,mb,us
2005-09-25,03:00:08,-71.31,-33.35,49.7,3.3,md,guc
2005-09-25,04:13:26,-71.26,-33.52,64.0,2.6,md,guc
2005-09-25,10:54:13,-70.6,-30.16,117.2,3.7,md,guc
2005-09-25,11:22:59,-70.3,-31.78,123.4,2.7,md,guc
2005-09-25,12:32:05,-71.85,-33.53,35.7,2.7,md,guc
2005-09-25,15:01:15,-72.03,-33.27,15.0,3.2,ml,guc
2005-09-25,18:07:53,-72.04,-33.27,15.0,2.8,ml,guc
2005-09-25,18:12:56,-70.68,-27.98,61.2,0.0,,us
2005-09-25,21:35:14,-72.0,-33.23,35.0,2.9,ml,guc
2005-09-26,00:21:46,-70.22,-34.88,20.4,3.9,ml,guc
2005-09-26,01:55:38,-76.4,-5.68,115.0,7.5,mwb,us
2005-09-26,03:01:48,-69.18,-33.79,11.2,3.4,ml,guc
2005-09-26,04:45:01,-71.82,-31.77,28.5,3.4,ml,guc
2005-09-26,06:16:13,-76.76,-6.35,35.0,4.1,mb,us
2005-09-26,09:39:34,-70.61,-17.25,115.1,3.6,mb,us
2005-09-26,15:40:08,-70.47,-16.84,51.3,4.8,mb,us
2005-09-26,16:14:05,-70.19,-34.88,14.3,3.0,ml,guc
2005-09-26,21:10:11,-68.35,-23.62,94.6,3.4,mb,us
2005-09-26,21:24:13,-70.96,-34.71,96.1,2.9,md,guc
2005-09-27,02:27:49,-69.86,-31.46,177.2,3.4,md,guc
2005-09-27,07:10:25,-70.11,-32.8,110.2,2.9,md,guc
2005-09-27,08:42:43,-67.33,-24.26,197.0,3.3,md,guc
2005-09-27,10:51:37,-71.67,-32.66,30.5,3.3,md,guc
2005-09-27,15:39:58,-71.36,-32.25,42.7,4.1,md,guc
2005-09-27,15:43:44,-71.07,-27.88,41.2,3.8,md,guc
2005-09-28,01:34:19,-68.11,-32.9,18.2,4.0,ml,guc
2005-09-28,03:34:38,-71.61,-15.02,134.5,0.0,,us
2005-09-28,06:04:21,-70.14,-33.06,114.2,3.5,md,guc
2005-09-28,06:23:36,-71.69,-30.86,27.3,3.7,ml,guc
2005-09-28,06:55:26,-71.6,-31.38,30.1,3.3,ml,guc
2005-09-28,10:27:13,-74.47,-8.04,142.6,4.5,mb,us
2005-09-28,11:39:06,-69.77,-31.86,131.3,3.6,md,guc
2005-09-28,14:12:52,-100.46,-36.12,10.0,4.8,mb,us
2005-09-28,15:15:39,-71.82,-32.78,26.9,3.1,ml,guc
2005-09-28,22:53:02,-67.08,-28.72,126.1,3.9,mb,us
2005-09-28,23:36:15,-70.94,-34.17,78.7,3.3,md,guc
2005-09-29,05:09:14,-71.18,-33.99,65.0,3.5,md,guc
2005-09-29,07:20:45,-71.19,-33.92,54.0,3.7,md,guc
2005-09-29,13:45:37,-68.66,-21.13,98.1,4.3,mb,us
2005-09-29,21:09:41,-66.61,-23.93,185.9,4.3,mb,us
2005-09-30,04:21:18,-71.92,-32.26,22.5,3.9,ml,guc
2005-09-30,05:50:13,-67.1,-31.67,10.0,4.5,mb,us
2005-09-30,10:39:15,-72.1,-35.91,59.8,3.4,md,guc
2005-09-30,13:41:14,-70.05,-17.14,131.4,3.9,mb,us
2005-09-30,14:16:06,-71.75,-32.29,6.7,2.7,ml,guc
2005-09-30,15:26:54,-67.22,-31.95,158.2,0.0,,us
2005-09-30,18:07:58,-69.88,-31.55,145.0,3.3,md,guc
2005-09-30,19:42:58,-68.87,-31.33,140.0,3.3,md,guc
2005-10-01,02:53:54,-68.57,-31.43,58.3,3.6,mb,us
2005-10-01,13:24:55,-70.25,-33.94,114.9,4.5,mb,us
2005-10-01,18:45:31,-68.65,-23.0,17.0,4.6,mb,us
2005-10-01,21:40:00,-68.9,-29.95,150.0,3.8,md,guc
2005-10-01,21:54:09,-63.63,-23.61,547.4,5.6,mwb,us
2005-10-01,22:06:14,-70.72,-16.7,30.0,4.9,mb,us
2005-10-01,22:19:51,-70.79,-16.64,20.0,5.3,mwc,hrv
2005-10-01,22:38:30,-70.61,-16.72,28.8,4.6,mb,us
2005-10-01,22:39:42,-70.98,-16.8,30.0,4.7,mb,us
2005-10-01,23:59:26,-70.76,-16.72,1.5,4.8,mb,us
2005-10-02,01:21:18,-70.84,-16.77,10.8,4.0,mb,us
2005-10-02,02:00:14,-70.75,-16.72,20.0,0.0,,us
2005-10-02,03:15:46,-70.61,-16.73,14.2,5.1,mwc,hrv
2005-10-02,03:19:05,-70.8,-16.77,10.0,4.5,mb,us
2005-10-02,03:53:39,-70.86,-16.68,12.4,4.5,mb,us
2005-10-02,05:14:28,-70.35,-33.7,104.1,2.9,md,guc
2005-10-02,06:45:35,-70.94,-18.5,59.8,4.1,mb,us
2005-10-02,08:11:12,-71.06,-36.94,150.0,3.1,md,guc
2005-10-02,08:54:48,-66.75,-24.16,185.4,3.7,mb,us
2005-10-02,10:20:57,-69.35,-31.7,122.4,4.5,mb,us
2005-10-02,11:29:47,-68.88,-20.28,112.4,3.7,mb,us
2005-10-02,12:59:33,-70.53,-34.56,113.3,2.6,md,guc
2005-10-02,17:25:11,-71.32,-32.76,38.1,3.5,md,guc
2005-10-02,18:59:29,-71.17,-35.23,93.2,2.7,md,guc
2005-10-02,20:37:54,-71.66,-32.66,14.4,3.1,ml,guc
2005-10-02,23:12:40,-117.59,-53.68,10.0,4.3,mb,us
2005-10-02,23:45:30,-118.38,-53.03,10.0,5.3,mwc,hrv
2005-10-03,00:35:53,-71.34,-34.04,56.2,3.4,md,guc
2005-10-03,01:40:07,-70.89,-32.42,78.7,2.6,md,guc
2005-10-03,02:18:21,-70.67,-16.72,35.0,4.9,mb,us
2005-10-03,04:58:57,-70.01,-31.73,130.7,3.6,md,guc
2005-10-03,05:00:17,-70.83,-16.71,10.0,4.3,mb,us
2005-10-03,05:07:24,-118.43,-52.96,10.0,5.1,mwc,hrv
2005-10-03,05:52:10,-70.17,-32.33,117.5,3.4,md,guc
2005-10-03,06:15:55,-71.07,-26.63,37.4,3.7,md,guc
2005-10-03,06:32:07,-68.73,-31.27,150.0,3.5,md,guc
2005-10-03,16:24:21,-68.39,-31.12,103.0,4.5,mb,us
2005-10-04,01:08:29,-71.36,-35.1,76.4,0.0,,us
2005-10-04,02:19:17,-71.7,-35.9,51.4,0.0,,us
2005-10-04,09:49:08,-70.71,-27.57,45.2,0.0,,us
2005-10-04,09:57:02,-69.98,-16.99,157.3,4.1,mb,us
2005-10-04,10:56:06,-68.08,-23.05,132.9,4.0,mb,us
2005-10-04,11:50:03,-115.26,-49.81,10.0,4.7,mb,us
2005-10-04,18:20:14,-70.75,-33.27,71.8,2.6,md,guc
2005-10-04,18:32:33,-70.57,-34.52,108.9,3.5,md,guc
2005-10-04,19:25:22,-68.89,-33.88,6.1,2.9,ml,guc
2005-10-04,23:02:11,-71.38,-9.32,604.6,4.7,mb,us
2005-10-05,01:24:23,-70.59,-16.87,30.9,4.1,mb,us
2005-10-05,06:08:18,-71.07,-33.6,67.7,0.0,,us
2005-10-05,10:59:08,-65.42,-27.23,62.3,4.9,mb,us
2005-10-05,13:53:57,-66.91,-24.22,196.7,3.8,mb,us
2005-10-05,19:29:47,-71.61,-32.54,11.4,3.1,ml,guc
2005-10-05,19:34:47,-71.54,-32.65,13.0,0.0,,us
2005-10-06,14:43:27,-69.99,-28.38,104.3,3.0,md,guc
2005-10-06,16:54:55,-71.72,-32.12,13.7,3.0,ml,guc
2005-10-06,16:57:45,-69.36,-31.17,164.0,3.4,md,guc
2005-10-06,17:44:15,-72.63,-33.9,34.0,3.7,ml,guc
2005-10-06,23:39:40,-74.3,-8.64,146.7,4.3,mb,us
2005-10-07,03:27:20,-112.95,-34.49,10.0,4.3,mb,us
2005-10-07,08:18:55,-74.19,-8.26,144.5,3.9,mb,us
2005-10-07,10:09:01,-80.39,-8.49,23.2,4.5,mb,us
2005-10-07,10:52:35,-70.52,-31.72,109.5,3.7,md,guc
2005-10-07,12:05:43,-68.65,-23.09,102.8,3.9,md,guc
2005-10-07,20:53:32,-71.54,-31.93,57.8,3.5,md,guc
2005-10-07,21:02:08,-71.45,-31.92,39.1,3.5,md,guc
2005-10-07,23:48:27,-71.22,-29.43,60.0,4.3,md,guc
2005-10-08,01:11:40,-71.29,-29.82,48.2,3.7,md,guc
2005-10-08,04:42:51,-70.85,-16.74,13.3,4.0,mb,us
2005-10-08,06:37:22,-70.77,-16.73,10.0,4.2,mb,us
2005-10-08,09:42:54,-69.41,-31.6,159.4,3.5,md,guc
2005-10-08,11:13:02,-69.74,-32.53,115.4,2.5,md,guc
2005-10-08,11:36:48,-68.81,-24.97,101.6,5.1,mb,us
2005-10-08,11:55:16,-73.46,-38.17,15.0,4.4,mb,us
2005-10-08,18:04:01,-69.36,-29.52,107.5,3.7,mb,us
2005-10-08,19:26:05,-69.2,-17.59,139.3,4.6,mb,us
2005-10-08,20:15:11,-78.44,-7.8,65.2,4.3,mb,us
2005-10-09,02:40:57,-75.05,-38.83,10.0,4.6,mb,us
2005-10-09,04:18:29,-74.3,-7.95,122.1,4.2,mb,us
2005-10-09,04:55:40,-71.5,-32.11,40.3,3.6,md,guc
2005-10-09,06:23:50,-69.68,-29.2,100.0,3.7,md,guc
2005-10-09,08:34:52,-69.62,-25.04,90.0,3.2,m,guc
2005-10-09,12:32:08,-69.04,-19.94,104.6,4.0,mb,us
2005-10-09,18:30:05,-69.78,-31.6,128.3,3.1,md,guc
2005-10-09,19:44:54,-69.67,-17.65,126.6,4.0,mb,us
2005-10-09,19:55:05,-70.37,-33.56,86.5,2.7,md,guc
2005-10-09,21:09:07,-70.67,-34.09,83.8,3.3,md,guc
2005-10-10,00:27:53,-70.26,-33.04,98.5,2.5,md,guc
2005-10-10,00:29:38,-69.15,-22.61,69.2,3.7,md,guc
2005-10-10,06:39:30,-69.14,-31.32,164.8,4.7,mb,us
2005-10-10,12:12:04,-71.54,-29.59,47.6,4.0,md,guc
2005-10-10,14:51:35,-68.27,-33.17,5.0,3.2,ml,guc
2005-10-10,16:07:00,-76.57,-45.62,35.0,5.1,mwc,hrv
2005-10-10,18:08:36,-70.16,-32.86,102.1,3.3,md,guc
2005-10-10,19:11:20,-71.72,-32.7,15.0,2.8,ml,guc
2005-10-11,10:17:56,-66.42,-24.14,150.0,0.0,,us
2005-10-11,14:10:46,-66.89,-31.44,110.6,4.7,mwc,hrv
2005-10-11,15:02:53,-69.9,-32.47,113.9,2.5,md,guc
2005-10-11,15:23:00,-70.12,-31.75,126.0,2.7,md,guc
2005-10-11,20:14:27,-70.41,-33.64,96.4,2.6,md,guc
2005-10-11,21:57:08,-76.82,-12.34,49.0,0.0,,us
2005-10-12,00:04:29,-71.71,-31.71,25.1,3.2,ml,guc
2005-10-12,01:09:47,-71.69,-31.72,26.4,4.9,mb,us
2005-10-12,01:50:50,-70.34,-34.8,150.0,2.7,md,guc
2005-10-12,02:29:15,-71.71,-31.69,22.0,2.8,ml,guc
2005-10-12,03:02:11,-72.04,-33.75,10.3,2.8,ml,guc
2005-10-12,05:18:12,-71.43,-36.07,128.8,0.0,,us
2005-10-12,06:21:37,-71.6,-32.64,15.0,2.7,ml,guc
2005-10-12,06:24:42,-71.6,-32.64,25.3,2.7,ml,guc
2005-10-12,22:43:06,-70.76,-16.73,1.7,4.8,mb,us
2005-10-12,23:13:34,-69.63,-24.06,91.6,3.7,mb,us
2005-10-13,01:53:28,-68.52,-31.55,114.5,3.1,md,guc
2005-10-13,02:13:31,-71.86,-31.74,26.8,2.9,ml,guc
2005-10-13,04:00:53,-71.04,-32.92,60.4,3.4,md,guc
2005-10-13,06:20:38,-68.99,-33.06,10.0,2.7,ml,guc
2005-10-13,13:54:48,-70.66,-27.71,14.1,3.4,ml,guc
2005-10-13,14:05:28,-73.37,-33.89,23.7,2.8,ml,guc
2005-10-13,18:16:10,-70.0,-27.95,80.1,4.6,mb,us
2005-10-13,21:02:14,-68.83,-20.79,103.6,4.4,mb,us
2005-10-14,03:34:37,-70.49,-16.89,54.4,4.4,mb,us
2005-10-14,05:02:00,-76.58,-12.22,78.8,4.5,mb,us
2005-10-14,05:20:33,-64.72,-17.22,30.3,4.3,mb,us
2005-10-14,13:21:29,-72.38,-34.34,33.1,3.1,ml,guc
2005-10-14,17:17:41,-69.4,-27.33,105.0,3.2,md,guc
2005-10-14,19:42:49,-71.66,-31.72,24.9,2.8,ml,guc
2005-10-14,21:18:56,-71.67,-31.65,10.5,2.7,ml,guc
2005-10-14,23:41:50,-70.44,-31.66,115.0,3.7,md,guc
2005-10-15,00:13:22,-69.06,-31.25,158.1,3.6,md,guc
2005-10-15,02:35:42,-69.43,-18.74,115.8,3.8,mb,us
2005-10-15,05:09:38,-71.68,-31.3,29.0,3.8,ml,guc
2005-10-15,08:19:49,-68.49,-21.8,127.3,4.1,mb,us
2005-10-15,16:45:04,-71.0,-33.01,65.6,2.6,md,guc
2005-10-15,17:00:14,-66.88,-31.99,42.3,4.0,mb,us
2005-10-15,18:57:48,-71.34,-30.86,57.1,3.2,md,guc
2005-10-15,21:01:00,-71.66,-34.86,47.3,3.3,md,guc
2005-10-15,21:36:54,-70.98,-32.65,67.5,2.5,md,guc
2005-10-15,23:17:33,-72.37,-29.05,30.0,3.3,ml,guc
2005-10-16,02:46:50,-69.2,-24.45,102.3,3.7,md,guc
2005-10-16,15:06:28,-71.29,-33.45,47.4,3.3,md,guc
2005-10-16,16:28:43,-68.94,-20.27,112.8,3.5,mb,us
2005-10-16,18:30:51,-70.6,-33.7,20.0,2.9,ml,guc
2005-10-16,18:31:43,-66.72,-24.14,184.6,4.5,mb,us
2005-10-16,20:15:32,-68.77,-19.98,107.6,4.2,mb,us
2005-10-17,02:06:53,-74.81,-15.45,37.8,5.0,mb,us
2005-10-17,12:25:11,-70.62,-24.36,25.0,4.6,ml,guc
2005-10-17,18:44:03,-68.36,-20.39,127.5,4.2,mb,us
2005-10-17,19:23:02,-69.49,-17.77,123.0,5.7,mwb,us
2005-10-17,19:55:27,-71.39,-33.9,48.3,3.4,md,guc
2005-10-18,00:50:23,-65.44,-17.09,47.0,3.9,mb,us
2005-10-18,01:27:53,-111.9,-23.74,10.0,4.6,mb,us
2005-10-18,05:19:21,-72.35,-33.98,37.1,4.0,md,guc
2005-10-18,05:37:32,-72.64,-33.96,26.5,3.8,ml,guc
2005-10-18,08:42:17,-72.53,-14.17,88.7,5.0,mwc,hrv
2005-10-18,08:54:47,-72.36,-33.97,36.1,3.8,md,guc
2005-10-18,09:12:31,-71.25,-32.72,43.9,3.3,md,guc
2005-10-18,15:23:29,-72.4,-33.97,37.8,3.2,md,guc
2005-10-18,17:20:57,-66.74,-23.19,197.1,4.3,mb,us
2005-10-18,23:46:51,-69.35,-30.22,10.5,3.7,ml,guc
2005-10-19,00:32:44,-71.06,-31.88,82.3,4.0,mb,us
2005-10-19,01:50:13,-66.79,-24.21,189.0,4.3,mb,us
2005-10-19,02:55:06,-71.08,-32.02,81.7,2.8,md,guc
2005-10-19,05:41:09,-69.98,-31.58,138.1,2.9,md,guc
2005-10-19,05:51:22,-71.89,-31.03,26.5,3.2,ml,guc
2005-10-19,06:35:16,-67.28,-24.24,206.8,3.9,md,guc
2005-10-19,20:19:24,-109.55,-9.18,10.0,5.4,mwc,hrv
2005-10-19,20:24:57,-109.52,-9.2,10.0,4.7,mb,us
2005-10-19,22:53:37,-72.07,-31.7,33.7,2.7,ml,guc
2005-10-20,02:34:44,-112.42,-34.69,10.0,4.8,mb,us
2005-10-20,02:43:22,-71.38,-31.97,25.0,2.5,ml,guc
2005-10-20,03:06:11,-70.94,-32.76,71.1,2.6,md,guc
2005-10-20,08:29:38,-71.35,-32.36,32.7,2.6,ml,guc
2005-10-20,08:37:32,-72.25,-31.69,14.2,3.4,ml,guc
2005-10-20,10:02:23,-70.45,-20.85,50.4,4.8,mb,us
2005-10-20,19:30:22,-70.21,-13.5,47.4,4.8,mb,us
2005-10-21,00:24:14,-70.53,-16.8,20.0,4.0,mb,us
2005-10-21,01:00:02,-71.96,-32.47,15.0,2.9,ml,guc
2005-10-21,01:07:15,-71.92,-32.44,36.3,3.1,md,guc
2005-10-21,06:09:49,-70.78,-21.29,14.3,3.9,ml,guc
2005-10-21,06:26:52,-71.94,-32.47,8.8,2.9,ml,guc
2005-10-21,06:35:45,-70.21,-31.98,115.0,3.5,md,guc
2005-10-21,07:30:23,-67.61,-24.16,198.8,3.3,mb,us
2005-10-21,13:05:25,-68.44,-21.16,101.6,4.2,mb,us
2005-10-21,14:16:16,-72.02,-32.47,27.8,4.2,ml,guc
2005-10-21,14:26:54,-69.27,-21.43,105.0,3.7,mb,us
2005-10-21,19:26:45,-78.78,-9.08,79.2,4.3,mb,us
2005-10-21,21:06:26,-66.58,-23.98,191.1,3.5,mb,us
2005-10-22,04:09:24,-70.35,-31.67,121.2,2.6,md,guc
2005-10-22,04:11:35,-72.14,-33.86,38.6,2.8,md,guc
2005-10-22,08:49:06,-72.5,-17.58,40.1,4.5,mb,us
2005-10-22,10:55:36,-70.79,-35.01,108.1,3.2,md,guc
2005-10-22,13:14:43,-68.27,-23.68,106.6,4.5,mb,us
2005-10-22,13:50:14,-71.55,-32.58,36.6,3.1,md,guc
2005-10-22,16:07:28,-66.89,-24.01,191.6,4.1,mb,us
2005-10-22,19:54:12,-90.63,-41.02,10.0,4.7,mb,us
2005-10-22,21:22:06,-71.66,-31.3,24.5,3.4,ml,guc
2005-10-23,04:49:16,-68.42,-21.8,117.0,5.5,mwc,hrv
2005-10-23,12:03:28,-71.19,-35.06,100.8,3.0,md,guc
2005-10-23,13:37:48,-68.81,-26.03,90.2,4.1,mb,us
2005-10-23,19:22:32,-71.58,-31.56,24.3,3.0,ml,guc
2005-10-23,20:48:36,-69.9,-28.35,111.5,0.0,,us
2005-10-23,21:37:25,-71.64,-30.85,13.9,3.2,ml,guc
2005-10-23,22:11:13,-69.96,-21.3,10.0,4.1,ml,guc
2005-10-23,23:19:45,-65.23,-28.26,22.4,4.0,mb,us
2005-10-23,23:53:00,-70.59,-35.13,16.8,3.0,ml,guc
2005-10-24,00:56:50,-69.22,-34.13,14.0,2.7,ml,guc
2005-10-24,02:01:54,-66.38,-23.25,216.8,4.5,mb,us
2005-10-24,02:13:29,-71.4,-32.26,47.0,3.2,md,guc
2005-10-24,04:17:16,-66.97,-24.28,173.2,4.1,mb,us
2005-10-24,04:55:50,-68.5,-29.07,97.6,4.8,mwc,hrv
2005-10-24,18:05:59,-71.92,-32.07,23.6,3.6,ml,guc
2005-10-24,21:21:36,-70.26,-34.05,114.9,2.8,md,guc
2005-10-24,21:57:32,-67.3,-24.19,193.3,3.9,mb,us
2005-10-24,23:03:29,-71.67,-30.32,33.1,4.2,ml,guc
2005-10-25,00:14:31,-71.7,-31.69,32.0,3.3,ml,guc
2005-10-25,00:26:19,-69.59,-31.55,141.7,3.3,md,guc
2005-10-25,02:40:11,-72.01,-32.05,19.1,4.0,ml,guc
2005-10-25,04:19:38,-69.92,-31.73,131.8,3.0,md,guc
2005-10-25,04:27:47,-70.59,-33.39,89.6,2.5,md,guc
2005-10-25,05:06:53,-69.92,-23.07,47.1,3.5,md,guc
2005-10-25,07:40:20,-69.92,-19.27,45.8,4.4,mb,us
2005-10-25,08:07:42,-67.39,-23.25,224.3,3.2,md,guc
2005-10-25,10:21:30,-71.65,-31.36,31.1,4.0,mb,us
2005-10-25,12:54:59,-70.95,-33.52,69.3,3.3,md,guc
2005-10-25,19:05:51,-70.39,-33.64,98.0,2.7,md,guc
2005-10-25,19:20:03,-71.1,-28.93,15.1,2.7,ml,guc
2005-10-25,23:34:18,-67.48,-24.27,182.6,0.0,,us
2005-10-26,03:26:09,-71.49,-32.82,43.6,3.8,md,guc
2005-10-26,14:05:59,-66.88,-24.07,169.9,4.5,mb,us
2005-10-26,19:03:26,-71.68,-32.24,18.6,3.0,ml,guc
2005-10-27,00:03:07,-71.66,-32.36,26.8,3.4,ml,guc
2005-10-27,01:50:49,-68.74,-31.23,149.7,3.7,md,guc
2005-10-27,02:06:20,-69.48,-31.26,146.8,3.3,md,guc
2005-10-27,06:05:35,-74.07,-16.3,68.8,4.2,mb,us
2005-10-27,12:36:59,-70.19,-18.77,59.6,4.3,mb,us
2005-10-27,15:42:04,-72.03,-30.39,10.1,4.0,mb,us
2005-10-27,16:12:52,-69.98,-31.68,128.9,3.4,md,guc
2005-10-27,17:06:00,-71.36,-32.27,34.8,3.4,ml,guc
2005-10-27,19:46:41,-71.31,-31.5,75.7,3.1,md,guc
2005-10-27,20:49:57,-70.89,-35.35,105.6,3.2,md,guc
2005-10-28,06:12:45,-71.72,-33.34,40.5,3.7,md,guc
2005-10-28,09:21:33,-68.96,-31.54,150.0,3.8,md,guc
2005-10-28,12:37:34,-71.93,-33.7,30.4,2.5,md,guc
2005-10-28,21:10:42,-71.78,-32.67,15.0,2.6,ml,guc
2005-10-29,05:37:42,-69.63,-16.06,199.7,3.6,mb,us
2005-10-29,06:32:09,-70.75,-33.23,76.3,2.9,md,guc
2005-10-29,06:38:58,-79.84,-8.56,31.5,5.5,mwc,hrv
2005-10-29,10:22:25,-71.83,-32.17,29.2,3.1,ml,guc
2005-10-29,16:30:35,-71.1,-32.64,16.7,3.4,md,guc
2005-10-29,20:55:19,-66.79,-24.09,135.2,3.8,mb,us
2005-10-30,01:49:00,-68.73,-21.27,150.5,3.8,mb,us
2005-10-30,10:19:52,-70.43,-31.08,131.8,2.9,md,guc
2005-10-30,11:26:55,-70.92,-33.69,71.0,2.5,md,guc
2005-10-30,12:06:18,-70.35,-35.0,20.6,2.5,ml,guc
2005-10-30,16:03:50,-74.34,-36.93,24.0,4.2,ml,guc
2005-10-30,17:45:26,-75.94,-15.04,36.1,0.0,,us
2005-10-30,20:03:29,-71.36,-33.31,52.0,3.4,md,guc
2005-10-30,20:10:40,-73.72,-36.63,25.6,3.4,ml,guc
2005-10-31,02:10:29,-78.7,-5.85,40.0,5.4,mwb,us
2005-10-31,04:11:31,-71.4,-27.85,39.9,3.7,md,guc
2005-10-31,06:11:32,-67.34,-24.29,172.1,3.7,md,guc
2005-10-31,07:42:37,-71.21,-32.11,70.3,3.3,md,guc
2005-10-31,09:08:58,-69.9,-31.59,145.0,3.7,md,guc
2005-10-31,09:27:13,-78.6,-5.98,68.0,4.4,mb,us
2005-10-31,10:47:30,-71.52,-33.74,45.4,3.6,md,guc
2005-10-31,11:48:03,-78.91,-6.18,70.6,3.9,mb,us
2005-10-31,15:13:19,-69.41,-32.07,153.8,3.1,md,guc
2005-10-31,16:47:06,-111.8,-24.18,10.0,5.1,mwc,hrv
2005-10-31,18:40:17,-71.55,-33.58,39.0,2.8,md,guc
2005-11-01,01:00:54,-70.31,-32.87,104.4,2.7,md,guc
2005-11-01,09:19:10,-71.65,-32.47,27.8,3.7,md,guc
2005-11-01,13:40:33,-70.72,-34.25,101.6,3.0,md,guc
2005-11-01,18:11:56,-69.97,-31.67,148.7,3.4,md,guc
2005-11-01,21:16:59,-71.4,-32.35,46.7,3.8,md,guc
2005-11-02,00:31:18,-69.53,-33.1,103.4,3.3,md,guc
2005-11-02,02:26:13,-91.58,-41.0,10.0,4.6,mb,us
2005-11-02,08:29:58,-70.46,-34.15,11.8,3.0,ml,guc
2005-11-02,19:17:04,-58.1,-54.03,10.0,4.5,mb,us
2005-11-02,20:41:04,-70.39,-34.49,130.9,2.5,md,guc
2005-11-03,00:08:25,-71.7,-32.67,13.3,2.9,ml,guc
2005-11-03,06:10:11,-71.96,-15.89,101.7,3.9,mb,us
2005-11-03,12:02:21,-70.42,-32.82,14.5,4.5,mb,us
2005-11-03,12:09:32,-71.71,-32.22,36.2,3.5,md,guc
2005-11-03,12:36:15,-68.65,-23.38,91.8,4.4,mb,us
2005-11-03,16:41:04,-71.26,-35.44,111.2,2.8,md,guc
2005-11-03,19:13:54,-68.93,-32.59,1.7,3.0,ml,guc
2005-11-03,22:58:56,-72.31,-33.19,34.4,2.7,ml,guc
2005-11-04,01:28:18,-66.62,-23.41,195.8,4.0,mb,us
2005-11-04,04:57:17,-66.94,-24.08,175.2,4.2,mb,us
2005-11-04,10:28:58,-71.82,-32.29,28.3,2.5,ml,guc
2005-11-04,13:38:03,-66.45,-23.06,211.5,4.2,mb,us
2005-11-04,16:37:31,-70.5,-35.86,193.8,3.4,md,guc
2005-11-05,03:06:20,-73.72,-12.56,64.2,4.3,mb,us
2005-11-05,04:24:01,-71.75,-34.8,41.6,3.4,md,guc
2005-11-05,05:49:09,-69.75,-23.51,78.6,4.0,md,guc
2005-11-05,07:22:40,-70.63,-35.08,3.0,2.9,ml,guc
2005-11-05,07:59:52,-71.97,-36.32,64.5,2.8,md,guc
2005-11-05,10:36:37,-69.69,-15.97,209.8,4.0,mb,us
2005-11-05,11:13:50,-71.09,-34.98,100.3,2.7,md,guc
2005-11-05,12:13:40,-70.4,-29.02,78.1,4.1,mb,us
2005-11-05,16:35:52,-71.05,-31.54,37.1,3.1,md,guc
2005-11-05,17:47:14,-66.59,-23.74,182.4,0.0,,us
2005-11-06,04:24:08,-70.83,-31.57,102.1,3.0,md,guc
2005-11-06,13:43:47,-70.39,-32.82,13.0,4.3,mb,us
2005-11-06,16:26:53,-67.43,-21.73,172.1,4.0,mb,us
2005-11-06,21:31:03,-70.38,-32.87,3.8,2.5,ml,guc
2005-11-06,22:15:30,-71.62,-33.1,41.0,3.2,md,guc
2005-11-07,02:15:48,-71.34,-28.87,47.2,4.4,mb,us
2005-11-07,05:31:36,-67.34,-24.15,214.5,3.7,mb,us
2005-11-07,05:53:19,-67.26,-24.12,203.4,3.1,md,guc
2005-11-07,11:04:12,-70.5,-35.1,6.7,3.4,ml,guc
2005-11-07,17:18:14,-75.45,-43.81,25.0,4.7,mb,us
2005-11-07,17:52:41,-70.52,-35.04,17.8,2.5,ml,guc
2005-11-07,19:04:26,-72.65,-36.77,69.1,3.8,md,guc
2005-11-07,21:14:59,-70.98,-32.43,69.2,2.8,md,guc
2005-11-07,23:14:21,-72.52,-30.08,31.1,3.5,ml,guc
2005-11-07,23:32:34,-71.33,-32.45,69.2,2.7,md,guc
2005-11-08,01:22:51,-68.98,-23.59,87.3,3.9,md,guc
2005-11-08,05:35:41,-69.01,-32.82,6.4,2.6,ml,guc
2005-11-08,09:45:27,-92.75,-39.08,10.0,4.2,mb,us
2005-11-08,10:37:58,-71.85,-32.47,14.4,2.8,ml,guc
2005-11-08,15:09:08,-69.17,-31.31,108.5,3.3,md,guc
2005-11-08,15:34:34,-70.34,-25.65,45.7,3.3,md,guc
2005-11-08,17:02:25,-74.33,-8.04,146.3,4.2,mb,us
2005-11-08,17:34:45,-66.07,-22.74,235.6,4.2,mb,us
2005-11-08,17:53:28,-69.87,-18.95,87.6,3.9,mb,us
2005-11-08,20:39:20,-71.19,-27.88,40.4,0.0,,us
2005-11-09,02:55:08,-70.46,-30.54,97.3,3.7,md,guc
2005-11-09,07:02:13,-70.6,-33.93,100.5,3.1,md,guc
2005-11-09,14:17:54,-71.42,-27.98,8.2,4.6,ml,guc
2005-11-09,18:02:34,-70.13,-33.31,7.0,3.7,ml,guc
2005-11-09,20:52:54,-68.56,-21.91,130.0,4.4,mb,us
2005-11-10,05:57:00,-71.01,-32.19,66.5,2.9,md,guc
2005-11-10,07:56:49,-71.8,-34.78,37.3,3.5,md,guc
2005-11-10,08:24:01,-70.26,-33.69,109.6,3.0,md,guc
2005-11-10,11:01:04,-70.09,-33.22,107.5,3.1,md,guc
2005-11-10,21:21:41,-69.14,-17.42,147.0,4.2,mb,us
2005-11-10,21:37:27,-71.04,-35.05,98.1,3.1,md,guc
2005-11-10,22:38:44,-70.56,-35.02,17.5,2.5,ml,guc
2005-11-10,23:38:57,-72.1,-30.61,5.0,3.3,ml,guc
2005-11-11,00:25:58,-68.8,-23.46,79.7,4.0,mb,us
2005-11-11,01:04:06,-71.08,-27.77,47.2,3.9,md,guc
2005-11-11,01:11:29,-70.14,-25.84,74.3,3.8,md,guc
2005-11-11,03:03:14,-71.99,-14.2,87.5,4.2,mb,us
2005-11-11,06:03:07,-69.1,-19.56,107.7,4.7,mb,us
2005-11-11,08:56:54,-64.57,-26.5,44.8,4.3,mb,us
2005-11-11,13:15:30,-68.73,-20.01,117.4,3.8,mb,us
2005-11-11,13:19:10,-75.51,-15.41,1.6,5.2,mwc,hrv
2005-11-11,18:19:40,-70.29,-15.51,201.9,4.3,mb,us
2005-11-11,20:08:01,-71.43,-31.25,29.2,2.9,ml,guc
2005-11-11,21:35:31,-69.92,-27.71,80.4,0.0,,us
2005-11-12,02:07:30,-71.44,-34.22,47.9,3.3,md,guc
2005-11-12,02:22:46,-66.62,-24.03,188.5,4.9,mwc,hrv
2005-11-12,07:56:13,-71.85,-34.74,34.5,3.5,md,guc
2005-11-12,22:05:24,-72.87,-36.73,77.6,3.6,md,guc
2005-11-12,22:17:06,-69.33,-31.66,150.0,3.3,md,guc
2005-11-13,04:42:33,-66.9,-24.01,172.6,4.4,mb,us
2005-11-13,07:02:08,-66.93,-24.19,179.1,3.9,mb,us
2005-11-13,07:17:44,-115.2,-23.45,10.0,4.6,mb,us
2005-11-13,11:21:54,-71.38,-33.33,51.7,2.8,md,guc
2005-11-13,13:49:47,-69.43,-31.09,135.0,3.4,md,guc
2005-11-13,16:04:44,-67.96,-23.7,108.1,4.0,md,guc
2005-11-13,19:41:46,-70.42,-31.63,128.3,3.0,md,guc
2005-11-13,19:58:08,-76.46,-6.78,136.5,4.6,mb,us
2005-11-13,20:49:07,-71.25,-16.48,93.7,4.6,mb,us
2005-11-13,23:18:32,-69.34,-18.67,85.4,4.9,mwc,hrv
2005-11-14,00:11:51,-70.86,-33.14,71.6,3.3,md,guc
2005-11-14,04:06:50,-70.12,-32.37,98.4,2.9,md,guc
2005-11-14,04:49:52,-70.67,-27.33,66.9,3.5,mb,us
2005-11-14,10:39:33,-70.67,-32.32,89.7,3.0,md,guc
2005-11-14,12:28:53,-71.22,-34.59,65.6,2.8,md,guc
2005-11-14,14:32:19,-72.46,-34.58,33.2,3.4,ml,guc
2005-11-14,18:03:25,-71.29,-34.39,68.3,2.5,md,guc
2005-11-14,22:16:29,-76.62,-5.24,31.8,4.9,mb,us
2005-11-14,23:43:47,-76.51,-5.02,35.0,3.8,mb,us
2005-11-15,02:50:59,-71.4,-30.57,15.0,3.0,ml,guc
2005-11-15,08:21:37,-70.48,-35.04,19.3,2.8,ml,guc
2005-11-15,09:28:36,-67.96,-31.45,130.0,3.5,md,guc
2005-11-15,09:35:14,-66.27,-22.82,247.3,4.2,mb,us
2005-11-15,09:46:08,-69.08,-24.68,83.8,4.1,md,guc
2005-11-15,09:49:30,-69.78,-28.77,120.8,0.0,,us
2005-11-15,16:13:55,-71.76,-35.77,93.1,3.3,md,guc
2005-11-15,18:40:36,-70.89,-36.53,145.0,3.6,md,guc
2005-11-16,07:21:32,-78.55,-9.39,60.1,5.0,mwc,hrv
2005-11-16,08:45:42,-68.85,-24.13,93.0,4.1,md,guc
2005-11-16,11:05:45,-69.56,-31.8,116.3,4.5,mb,us
2005-11-16,11:39:43,-70.33,-34.38,125.3,3.0,md,guc
2005-11-17,01:04:19,-71.32,-15.61,147.1,4.1,mb,us
2005-11-17,03:32:53,-71.89,-32.71,15.0,2.8,ml,guc
2005-11-17,04:16:31,-62.86,-28.81,607.7,5.3,mwc,hrv
2005-11-17,04:27:21,-71.73,-31.54,40.6,4.1,md,guc
2005-11-17,06:23:29,-71.8,-32.56,41.6,3.4,md,guc
2005-11-17,09:13:03,-69.52,-31.46,147.5,3.4,md,guc
2005-11-17,12:15:19,-71.46,-29.92,53.7,4.7,mb,us
2005-11-17,12:59:00,-70.47,-33.84,102.2,3.1,md,guc
2005-11-17,13:09:40,-70.57,-35.14,19.8,2.8,ml,guc
2005-11-17,15:49:54,-71.13,-33.08,60.5,2.6,md,guc
2005-11-17,15:55:14,-71.11,-35.04,96.3,3.2,md,guc
2005-11-17,16:51:17,-90.43,-41.27,10.0,4.7,mb,us
2005-11-17,19:26:54,-67.9,-22.36,147.0,6.8,mwb,us
2005-11-17,19:48:19,-67.87,-22.54,138.1,4.3,mb,us
2005-11-17,20:35:32,-70.34,-32.86,4.2,2.5,ml,guc
2005-11-18,02:35:46,-69.21,-34.1,11.2,2.9,ml,guc
2005-11-18,09:20:02,-71.7,-30.85,24.2,3.6,ml,guc
2005-11-18,10:51:26,-75.72,-7.92,35.0,3.5,mb,us
2005-11-18,15:34:44,-72.4,-34.74,21.4,2.6,ml,guc
2005-11-18,20:16:41,-72.18,-32.98,28.8,3.3,ml,guc
2005-11-18,22:07:13,-71.66,-30.84,15.1,3.2,ml,guc
2005-11-19,05:52:33,-70.44,-35.14,20.4,2.8,ml,guc
2005-11-19,07:02:16,-71.54,-36.66,156.1,3.2,md,guc
2005-11-19,07:14:06,-70.38,-34.47,10.8,2.6,ml,guc
2005-11-19,18:46:41,-71.43,-30.68,24.8,2.8,ml,guc
2005-11-19,23:31:11,-97.86,-36.32,10.0,4.7,mb,us
2005-11-20,02:26:08,-71.61,-29.09,41.4,4.3,mb,us
2005-11-20,10:52:06,-70.46,-28.65,86.7,3.5,md,guc
2005-11-20,13:08:14,-69.5,-31.48,144.6,3.4,md,guc
2005-11-20,15:32:36,-73.21,-14.03,89.5,4.8,mb,us
2005-11-20,19:33:08,-69.89,-26.77,96.8,0.0,,us
2005-11-20,23:16:53,-68.3,-31.44,150.0,3.4,md,guc
2005-11-20,23:38:00,-71.71,-32.57,27.2,2.6,ml,guc
2005-11-21,01:18:23,-68.68,-22.69,125.8,3.9,mb,us
2005-11-21,02:50:19,-70.85,-32.48,80.8,3.0,md,guc
2005-11-21,09:13:28,-124.92,-55.47,10.0,4.6,mb,us
2005-11-21,09:40:37,-70.46,-34.38,118.6,2.6,md,guc
2005-11-21,10:09:10,-73.44,-16.35,77.6,3.8,mb,us
2005-11-21,11:42:49,-66.72,-23.89,193.8,4.4,mb,us
2005-11-21,14:39:16,-71.33,-32.54,41.5,3.7,md,guc
2005-11-21,21:50:32,-68.63,-22.63,129.2,3.9,mb,us
2005-11-22,07:05:47,-77.97,-10.73,53.8,4.1,mb,us
2005-11-22,09:46:09,-70.16,-31.9,111.8,3.6,md,guc
2005-11-22,11:43:31,-68.91,-33.18,2.3,2.9,ml,guc
2005-11-22,22:03:31,-73.05,-17.36,40.0,4.1,mb,us
2005-11-22,23:27:36,-74.27,-8.98,145.9,5.3,mwc,hrv
2005-11-23,01:42:48,-72.15,-36.74,57.4,4.6,mb,us
2005-11-23,05:51:55,-69.48,-32.4,124.4,3.7,md,guc
2005-11-23,09:49:27,-69.48,-17.21,159.8,4.3,mb,us
2005-11-23,20:57:49,-70.87,-34.03,74.4,2.6,md,guc
2005-11-24,01:42:07,-69.76,-31.54,143.9,3.8,md,guc
2005-11-24,04:56:34,-68.97,-25.49,95.8,3.7,md,guc
2005-11-24,23:05:38,-66.66,-21.35,218.0,3.9,mb,us
2005-11-24,23:48:35,-71.68,-34.83,39.2,3.5,md,guc
2005-11-25,07:03:12,-71.41,-31.03,51.0,4.1,md,guc
2005-11-25,22:14:58,-74.93,-8.52,139.8,4.5,mb,us
2005-11-26,02:07:31,-70.0,-34.13,13.5,2.7,ml,guc
2005-11-26,08:27:50,-71.18,-27.49,47.5,4.0,md,guc
2005-11-26,12:05:38,-69.08,-21.83,10.5,3.4,ml,guc
2005-11-26,14:36:14,-71.61,-30.29,16.1,3.5,ml,guc
2005-11-26,14:48:56,-70.88,-32.83,74.4,3.8,md,guc
2005-11-26,15:04:58,-71.87,-32.75,28.6,4.3,ml,guc
2005-11-27,02:43:04,-70.37,-33.91,115.4,2.5,md,guc
2005-11-27,08:46:12,-77.64,-7.69,51.6,4.8,mb,us
2005-11-27,15:37:53,-69.13,-20.3,99.7,4.1,mb,us
2005-11-27,22:58:02,-71.81,-32.32,23.8,3.5,ml,guc
2005-11-28,01:26:23,-68.24,-19.81,179.0,3.9,mb,us
2005-11-28,03:15:56,-69.52,-31.58,140.4,3.6,md,guc
2005-11-28,03:26:47,-69.11,-25.22,103.3,3.9,mb,us
2005-11-28,04:43:22,-69.15,-24.34,88.2,3.7,mb,us
2005-11-28,15:21:27,-71.01,-34.46,82.8,2.9,md,guc
2005-11-28,16:33:22,-70.96,-29.31,48.6,5.5,mwc,hrv
2005-11-28,17:28:11,-70.99,-29.38,45.5,4.8,mb,us
2005-11-28,17:46:53,-71.01,-32.3,62.0,3.5,md,guc
2005-11-28,18:42:14,-70.63,-28.26,86.0,3.5,md,guc
2005-11-28,23:10:58,-71.97,-32.51,27.1,3.2,ml,guc
2005-11-28,23:51:17,-71.22,-29.35,54.5,4.1,md,guc
2005-11-29,05:32:18,-69.12,-17.79,131.2,4.1,mb,us
2005-11-29,09:33:57,-70.84,-34.35,91.6,2.7,md,guc
2005-11-29,10:27:18,-69.44,-31.43,142.3,3.5,md,guc
2005-11-29,11:11:11,-66.74,-24.12,189.7,3.7,mb,us
2005-11-29,12:48:50,-71.06,-20.94,35.0,3.6,mb,us
2005-11-29,13:41:45,-70.99,-35.42,103.0,2.7,md,guc
2005-11-29,15:23:15,-71.08,-32.6,10.8,3.0,md,guc
2005-11-29,18:47:18,-71.47,-32.93,42.6,3.5,md,guc
2005-11-29,19:35:00,-68.96,-22.9,91.0,4.0,mb,us
2005-11-29,22:13:32,-71.24,-29.37,61.6,0.0,,us
2005-11-29,23:25:11,-69.9,-32.41,126.3,3.3,md,guc
2005-11-30,02:41:26,-69.23,-31.85,126.0,4.4,mb,us
2005-11-30,04:49:25,-70.87,-15.75,10.0,4.2,mb,us
2005-11-30,05:41:43,-79.68,-9.67,23.3,5.5,mwc,hrv
2005-11-30,06:27:32,-69.87,-31.66,142.3,3.4,md,guc
2005-11-30,15:35:27,-70.72,-27.22,41.1,3.6,mb,us
2005-11-30,19:40:08,-69.09,-26.04,133.0,3.4,md,guc
2005-12-01,02:06:48,-69.98,-33.69,9.6,3.8,ml,guc
2005-12-01,10:50:07,-71.02,-17.2,31.5,4.3,mb,us
2005-12-01,13:01:25,-66.67,-23.96,192.5,3.8,mb,us
2005-12-01,14:55:10,-70.99,-34.52,79.1,3.0,md,guc
2005-12-01,15:57:29,-71.83,-32.27,10.2,3.4,ml,guc
2005-12-01,16:24:18,-71.21,-34.05,61.5,3.0,md,guc
2005-12-01,19:02:30,-69.64,-32.12,130.8,2.6,md,guc
2005-12-01,20:57:49,-67.22,-21.37,178.7,4.7,mb,us
2005-12-01,22:15:58,-68.02,-22.46,118.0,4.3,mb,us
2005-12-02,09:01:56,-69.29,-25.14,67.8,3.5,md,guc
2005-12-02,09:48:10,-71.86,-34.11,43.0,3.4,md,guc
2005-12-02,10:01:26,-71.9,-34.12,42.6,3.3,md,guc
2005-12-02,12:59:17,-69.67,-33.95,162.6,2.7,md,guc
2005-12-02,14:47:24,-71.47,-32.04,32.7,3.6,ml,guc
2005-12-02,20:25:53,-71.58,-32.54,46.6,3.1,md,guc
2005-12-03,02:47:53,-71.79,-30.86,0.0,2.8,ml,guc
2005-12-03,07:05:40,-71.69,-30.71,15.0,3.2,ml,guc
2005-12-03,11:47:04,-71.65,-30.94,23.9,3.2,ml,guc
2005-12-03,16:26:35,-69.92,-33.06,113.1,3.6,md,guc
2005-12-03,17:18:53,-69.62,-31.95,143.9,2.8,md,guc
2005-12-03,18:31:24,-69.53,-24.47,80.0,3.5,md,guc
2005-12-04,01:06:54,-111.27,-13.5,10.0,4.8,mb,us
2005-12-04,04:43:07,-69.89,-31.73,131.3,2.9,md,guc
2005-12-04,06:30:44,-69.24,-32.74,152.4,2.6,md,guc
2005-12-04,07:56:28,-71.63,-31.99,34.7,2.5,ml,guc
2005-12-04,10:41:09,-69.5,-32.6,121.3,2.7,md,guc
2005-12-04,12:03:25,-106.16,-35.89,10.0,4.3,mb,us
2005-12-04,13:44:56,-69.28,-31.77,23.5,3.8,ml,guc
2005-12-04,15:50:33,-66.5,-21.49,214.8,0.0,,us
2005-12-04,16:57:39,-71.69,-34.77,38.8,3.7,md,guc
2005-12-05,02:55:47,-69.27,-29.54,99.1,4.3,mb,us
2005-12-05,05:20:08,-70.93,-37.43,19.8,3.2,ml,guc
2005-12-05,05:30:53,-68.62,-22.63,120.2,4.2,md,guc
2005-12-05,08:12:37,-69.29,-20.12,119.5,3.9,mb,us
2005-12-05,08:19:31,-70.26,-32.84,118.5,2.7,md,guc
2005-12-05,13:59:58,-68.66,-22.1,127.7,3.9,md,guc
2005-12-05,15:55:09,-70.6,-32.98,86.9,3.1,md,guc
2005-12-06,00:23:28,-67.91,-32.1,10.0,3.8,ml,guc
2005-12-06,00:27:29,-71.73,-32.6,41.4,3.8,md,guc
2005-12-06,01:23:24,-71.85,-32.26,38.6,3.9,md,guc
2005-12-06,01:44:02,-70.37,-34.89,17.9,3.7,md,guc
2005-12-06,02:56:20,-69.57,-31.43,140.9,3.7,md,guc
2005-12-06,03:05:40,-70.57,-35.01,19.6,2.6,ml,guc
2005-12-06,04:21:00,-68.55,-22.17,147.9,3.9,md,guc
2005-12-06,12:59:38,-79.39,-8.61,45.7,4.8,mwc,hrv
2005-12-06,16:55:00,-99.52,-36.3,10.0,4.2,mb,us
2005-12-07,08:38:16,-71.7,-30.89,21.0,3.4,ml,guc
2005-12-07,10:27:38,-68.9,-32.09,178.9,3.8,md,guc
2005-12-07,13:41:43,-71.1,-33.04,47.5,3.5,md,guc
2005-12-07,19:21:21,-70.13,-35.32,183.3,3.3,md,guc
2005-12-07,22:59:44,-71.32,-31.2,67.8,3.2,md,guc
2005-12-08,04:24:17,-71.38,-30.82,30.0,3.8,ml,guc
2005-12-08,08:29:41,-72.25,-16.01,107.8,4.6,mb,us
2005-12-08,10:46:24,-72.17,-31.64,3.1,3.0,ml,guc
2005-12-08,13:54:04,-71.8,-31.71,28.8,3.6,ml,guc
2005-12-08,21:43:52,-71.28,-35.19,93.6,2.9,md,guc
2005-12-08,21:57:51,-70.47,-34.13,98.0,3.1,md,guc
2005-12-09,01:03:59,-70.23,-33.12,97.7,2.6,md,guc
2005-12-09,01:54:07,-82.3,-43.26,10.0,4.6,mb,us
2005-12-09,02:03:43,-82.46,-43.0,10.0,4.6,mb,us
2005-12-09,02:33:34,-70.14,-33.46,104.1,3.3,md,guc
2005-12-09,03:43:41,-70.51,-32.47,85.5,2.7,md,guc
2005-12-09,14:15:26,-69.04,-32.89,7.8,3.1,ml,guc
2005-12-09,14:17:31,-69.03,-32.91,7.7,3.9,ml,guc
2005-12-10,09:26:35,-71.65,-32.55,12.3,2.7,ml,guc
2005-12-10,10:21:26,-71.43,-32.1,58.7,3.0,md,guc
2005-12-10,11:49:01,-71.69,-32.56,15.0,3.7,ml,guc
2005-12-10,12:17:55,-71.61,-32.48,45.8,3.3,md,guc
2005-12-10,13:32:39,-71.63,-32.54,8.0,3.2,ml,guc
2005-12-10,18:55:45,-71.79,-35.56,89.9,3.2,md,guc
2005-12-10,21:59:20,-75.28,-8.95,49.4,4.1,mb,us
2005-12-11,06:01:21,-71.62,-30.88,21.1,3.0,ml,guc
2005-12-11,09:04:21,-71.58,-31.67,7.9,2.6,ml,guc
2005-12-11,10:29:53,-104.94,-35.42,10.0,4.8,mb,us
2005-12-11,11:02:47,-68.49,-21.31,112.5,4.0,mb,us
2005-12-11,12:11:40,-68.82,-31.2,150.0,3.7,md,guc
2005-12-11,17:56:54,-69.55,-31.88,112.8,4.7,mb,us
2005-12-11,23:22:45,-69.25,-31.7,150.0,3.3,md,guc
2005-12-12,04:06:56,-67.01,-24.17,187.7,4.6,mb,us
2005-12-12,05:04:55,-66.89,-24.35,183.6,4.7,mb,us
2005-12-12,08:05:46,-71.67,-32.67,22.9,2.5,ml,guc
2005-12-12,08:21:28,-67.48,-22.62,161.8,4.3,mb,us
2005-12-12,10:37:00,-69.74,-31.53,150.8,3.7,md,guc
2005-12-12,13:25:56,-70.22,-30.45,85.0,3.1,mb,us
2005-12-12,13:30:20,-70.42,-34.38,105.2,4.5,mb,us
2005-12-12,16:39:46,-70.1,-32.96,125.3,3.5,md,guc
2005-12-13,00:18:02,-70.18,-32.13,112.8,3.5,md,guc
2005-12-13,02:49:22,-70.56,-34.34,112.6,2.6,md,guc
2005-12-13,04:01:35,-70.36,-33.43,98.5,2.7,md,guc
2005-12-13,05:09:20,-71.42,-32.35,32.8,3.2,ml,guc
2005-12-13,23:29:56,-71.72,-32.23,24.4,3.0,ml,guc
2005-12-14,02:35:27,-67.09,-24.21,157.1,4.7,mb,us
2005-12-14,07:59:01,-71.74,-31.62,29.2,3.2,ml,guc
2005-12-14,08:01:26,-70.93,-35.51,120.2,3.1,md,guc
2005-12-14,09:04:57,-71.7,-31.62,28.3,3.0,ml,guc
2005-12-14,09:34:34,-71.8,-32.67,15.2,3.2,ml,guc
2005-12-14,09:53:35,-70.59,-27.28,68.6,3.6,md,guc
2005-12-14,10:52:09,-71.61,-31.05,57.2,5.3,mwc,hrv
2005-12-14,13:04:40,-72.31,-33.4,15.0,2.7,ml,guc
2005-12-14,13:50:10,-105.82,-35.43,10.0,4.7,mb,us
2005-12-14,15:03:25,-71.79,-32.67,23.2,2.9,ml,guc
2005-12-14,19:18:15,-71.69,-32.54,29.5,2.7,ml,guc
2005-12-15,02:31:33,-71.78,-32.66,24.8,2.7,ml,guc
2005-12-15,04:45:34,-70.86,-16.15,137.0,5.1,mwc,hrv
2005-12-15,12:59:25,-66.59,-23.84,184.6,5.0,mwc,hrv
2005-12-15,13:14:00,-66.64,-23.88,191.4,4.3,mb,us
2005-12-15,19:41:23,-71.74,-32.7,39.8,2.9,md,guc
2005-12-16,01:09:24,-69.94,-32.05,125.3,2.8,md,guc
2005-12-16,07:38:25,-68.78,-21.24,108.8,3.9,mb,us
2005-12-16,10:00:45,-70.56,-35.02,17.6,3.0,ml,guc
2005-12-16,17:30:10,-70.44,-15.25,195.3,4.1,mb,us
2005-12-16,21:51:32,-71.29,-32.18,42.0,3.2,md,guc
2005-12-17,04:14:58,-68.84,-32.11,150.0,3.3,md,guc
2005-12-17,06:41:27,-71.44,-32.93,41.4,3.1,md,guc
2005-12-17,09:04:13,-70.5,-33.47,97.0,3.0,md,guc
2005-12-17,14:46:47,-91.71,-41.04,10.0,4.7,mb,us
2005-12-17,18:10:12,-73.59,-16.11,66.9,0.0,,us
2005-12-17,20:44:31,-69.14,-19.14,121.2,4.1,mb,us
2005-12-18,00:01:16,-70.7,-34.32,104.5,3.3,md,guc
2005-12-18,00:05:54,-70.91,-32.28,93.2,3.1,md,guc
2005-12-18,06:00:39,-70.48,-31.7,108.6,4.0,md,guc
2005-12-18,07:32:21,-69.91,-32.41,116.9,3.1,md,guc
2005-12-18,16:18:22,-71.37,-34.54,62.6,2.8,md,guc
2005-12-19,02:17:47,-66.95,-24.1,165.5,4.3,mb,us
2005-12-19,11:33:57,-66.83,-27.96,166.1,4.7,mb,us
2005-12-19,14:55:58,-70.08,-33.42,3.9,2.6,ml,guc
2005-12-19,16:21:04,-66.63,-21.38,227.6,3.8,mb,us
2005-12-19,21:58:37,-68.82,-31.48,116.5,4.0,mb,us
2005-12-20,10:27:49,-68.55,-31.13,150.0,4.0,mb,us
2005-12-20,10:50:47,-70.98,-27.62,57.3,3.6,md,guc
2005-12-20,20:37:14,-68.51,-21.37,112.5,4.6,mb,us
2005-12-21,13:37:37,-71.62,-30.22,21.7,3.3,ml,guc
2005-12-21,14:21:17,-71.4,-32.91,59.5,3.5,md,guc
2005-12-21,19:50:33,-75.43,-14.41,43.9,4.7,mb,us
2005-12-21,22:19:46,-74.06,-42.71,25.8,5.2,mwc,hrv
2005-12-21,23:31:37,-66.91,-23.97,175.4,5.0,mwc,hrv
2005-12-22,03:13:50,-76.04,-7.12,111.5,4.4,mb,us
2005-12-22,08:56:57,-72.82,-13.37,22.4,3.9,mb,us
2005-12-22,09:34:31,-71.15,-36.09,133.3,3.6,md,guc
2005-12-22,11:07:53,-73.0,-32.83,35.0,3.7,ml,guc
2005-12-23,01:21:46,-66.47,-21.37,233.5,4.3,mb,us
2005-12-23,04:10:09,-70.13,-17.39,140.0,3.9,mb,us
2005-12-23,10:08:20,-77.41,-5.46,46.1,4.3,mb,us
2005-12-23,15:13:45,-71.56,-30.87,30.7,3.2,ml,guc
2005-12-23,16:14:42,-70.6,-34.03,91.2,3.5,md,guc
2005-12-23,19:55:30,-68.74,-27.22,99.3,0.0,,us
2005-12-24,17:56:18,-71.67,-32.66,32.5,3.7,ml,guc
2005-12-25,04:56:54,-68.58,-31.34,110.1,4.8,mb,us
2005-12-25,11:47:37,-67.01,-24.15,179.5,0.0,,us
2005-12-25,13:11:08,-67.11,-22.09,168.0,3.9,mb,us
2005-12-25,13:49:36,-66.66,-23.23,194.5,3.7,mb,us
2005-12-25,15:58:51,-75.43,-13.86,10.0,0.0,,us
2005-12-25,20:01:32,-70.78,-31.45,101.7,4.2,mb,us
2005-12-25,20:41:50,-69.88,-24.05,71.1,3.7,mb,us
2005-12-26,00:56:11,-73.19,-38.95,29.8,5.1,mwc,hrv
2005-12-26,04:19:41,-76.44,-14.62,35.0,4.3,mb,us
2005-12-26,09:17:15,-68.47,-31.61,167.7,4.2,mb,us
2005-12-26,11:54:34,-70.67,-17.12,125.3,4.4,mb,us
2005-12-27,05:58:48,-71.6,-32.41,62.1,4.6,mb,us
2005-12-27,10:29:24,-80.43,-8.43,35.0,3.7,mb,us
2005-12-27,12:16:22,-71.7,-35.93,91.3,3.4,md,guc
2005-12-27,16:30:51,-68.55,-20.16,121.4,4.2,mb,us
2005-12-27,16:39:06,-69.75,-16.5,176.6,4.3,mb,us
2005-12-27,17:02:29,-76.77,-12.22,97.1,4.5,mb,us
2005-12-27,22:13:16,-68.87,-21.16,96.5,4.4,mb,us
2005-12-28,12:21:59,-68.92,-19.86,103.6,5.0,mwc,hrv
2005-12-28,19:26:14,-68.9,-20.13,122.5,3.8,mb,us
2005-12-29,03:33:48,-69.77,-31.95,138.3,3.1,md,guc
2005-12-29,06:38:34,-70.29,-31.94,118.7,3.5,md,guc
2005-12-29,08:31:05,-68.23,-23.39,107.8,4.3,mb,us
2005-12-30,00:22:19,-76.09,-11.4,66.5,0.0,,us
2005-12-30,03:58:57,-66.86,-24.18,177.0,4.1,mb,us
2005-12-30,04:04:41,-123.34,-55.75,10.0,4.3,mb,us
2005-12-30,06:03:30,-69.54,-18.11,127.5,4.3,mb,us
2005-12-30,07:24:30,-68.06,-21.73,117.0,3.8,mb,us
2005-12-30,08:06:44,-69.24,-24.76,42.3,2.7,md,guc
2005-12-30,10:53:27,-65.52,-30.98,174.0,3.8,mb,us
2005-12-30,11:40:22,-78.22,-10.21,55.1,4.5,mb,us
2005-12-30,14:43:23,-70.11,-34.17,15.9,2.5,ml,guc
2005-12-31,12:14:02,-71.52,-28.99,25.0,5.0,mwc,hrv
2005-12-31,12:39:28,-71.36,-39.87,145.5,4.6,mb,us
2005-12-31,15:51:49,-75.18,-9.86,87.0,4.6,mb,us
2005-12-31,21:43:37,-73.47,-14.42,62.5,0.0,,us
2006-01-01,03:01:40,-75.59,-15.61,57.5,0.0,,us
2006-01-01,08:51:03,-68.81,-20.59,107.5,4.0,mb,us
2006-01-01,10:36:29,-71.55,-32.47,61.6,4.5,mb,us
2006-01-01,11:04:06,-66.8,-24.17,183.4,0.0,,us
2006-01-01,11:55:37,-72.32,-34.66,29.2,3.3,ml,guc
2006-01-01,14:57:21,-70.21,-25.61,73.3,0.0,,us
2006-01-01,18:08:22,-69.08,-31.09,149.9,4.3,mb,us
2006-01-01,18:38:37,-91.2,-41.2,10.0,4.1,mb,us
2006-01-01,20:08:53,-71.76,-32.24,28.1,3.0,ml,guc
2006-01-02,07:50:41,-70.66,-31.87,101.5,3.2,md,guc
2006-01-02,12:30:22,-67.26,-23.98,210.0,4.2,mb,us
2006-01-02,14:56:29,-76.34,-14.58,35.0,4.5,mb,us
2006-01-02,16:06:48,-67.88,-20.09,248.2,3.8,mb,us
2006-01-02,16:49:51,-68.54,-22.9,103.0,4.1,mb,us
2006-01-02,22:51:57,-72.92,-32.36,18.9,3.9,ml,guc
2006-01-03,01:16:20,-70.68,-29.26,15.0,4.6,ml,guc
2006-01-03,01:35:46,-73.5,-36.53,27.9,3.6,ml,guc
2006-01-03,02:39:14,-66.97,-24.32,144.3,4.0,md,guc
2006-01-03,04:24:30,-70.6,-29.33,30.9,3.0,ml,guc
2006-01-03,05:10:46,-71.72,-32.56,29.0,3.1,ml,guc
2006-01-03,07:22:17,-70.54,-33.26,92.3,3.0,md,guc
2006-01-03,08:03:38,-70.62,-32.42,107.3,2.7,md,guc
2006-01-03,10:02:49,-68.78,-31.22,150.0,3.2,md,guc
2006-01-03,14:42:03,-66.6,-24.29,102.6,3.7,md,guc
2006-01-03,16:00:26,-76.06,-5.74,22.5,4.9,mb,us
2006-01-03,16:39:43,-69.9,-22.84,41.7,4.3,md,guc
2006-01-03,23:34:02,-71.94,-33.46,41.2,3.1,md,guc
2006-01-04,00:38:53,-71.71,-32.42,19.6,3.8,ml,guc
2006-01-04,04:33:37,-68.4,-29.0,114.8,4.7,mb,us
2006-01-04,05:33:25,-76.18,-14.62,15.2,4.7,mb,us
2006-01-04,05:50:12,-76.26,-14.56,23.4,4.1,mb,us
2006-01-04,07:19:01,-70.13,-33.25,110.3,3.5,md,guc
2006-01-04,10:23:30,-70.99,-32.7,71.7,3.1,md,guc
2006-01-04,11:43:53,-71.69,-32.57,18.6,3.3,ml,guc
2006-01-04,11:51:41,-71.7,-32.5,17.8,2.6,ml,guc
2006-01-04,11:56:20,-72.04,-33.02,11.7,3.6,ml,guc
2006-01-04,12:29:13,-72.07,-32.99,15.0,3.0,ml,guc
2006-01-04,13:01:33,-66.17,-22.86,242.8,5.5,mwc,hrv
2006-01-04,22:54:38,-50.69,-24.43,10.0,4.3,mblg,bdf
2006-01-05,01:37:33,-75.03,-14.49,58.4,4.0,mb,us
2006-01-05,12:34:58,-71.45,-35.39,98.9,3.3,md,guc
2006-01-05,14:25:35,-70.5,-35.01,17.8,2.5,ml,guc
2006-01-05,15:30:10,-69.29,-17.88,127.1,4.7,mb,us
2006-01-05,21:24:48,-70.28,-33.14,3.3,2.7,ml,guc
2006-01-05,22:51:16,-73.22,-36.4,23.9,5.2,mwc,hrv
2006-01-05,22:58:45,-68.89,-33.25,7.3,2.7,ml,guc
2006-01-05,23:16:49,-73.94,-15.64,68.8,5.0,mwc,hrv
2006-01-06,06:39:53,-76.17,-14.59,35.0,4.3,mb,us
2006-01-06,07:28:49,-71.1,-32.83,53.2,3.2,md,guc
2006-01-06,08:19:19,-93.42,-38.5,10.0,4.2,mb,us
2006-01-06,08:57:35,-71.96,-32.73,38.2,3.1,md,guc
2006-01-06,09:58:47,-72.94,-33.33,33.8,2.7,ml,guc
2006-01-06,10:01:50,-69.29,-18.0,153.7,4.2,mb,us
2006-01-06,10:06:14,-72.72,-33.66,36.8,3.2,md,guc
2006-01-06,19:52:38,-70.29,-33.08,100.7,3.4,md,guc
2006-01-06,22:15:17,-69.52,-34.26,16.0,3.1,ml,guc
2006-01-07,01:30:52,-69.8,-31.58,144.7,3.8,md,guc
2006-01-07,03:31:47,-71.03,-34.87,99.6,2.8,md,guc
2006-01-07,07:32:20,-68.76,-31.34,147.0,3.3,md,guc
2006-01-07,15:04:24,-67.94,-22.5,130.5,0.0,,us
2006-01-07,17:47:26,-72.92,-35.73,7.9,3.1,ml,guc
2006-01-07,18:44:07,-69.98,-31.86,118.2,3.1,md,guc
2006-01-07,19:51:57,-66.22,-22.96,225.3,4.6,mb,us
2006-01-08,02:16:46,-67.0,-18.67,253.0,0.0,,us
2006-01-08,03:08:26,-70.12,-34.31,18.0,3.0,ml,guc
2006-01-08,03:46:29,-70.15,-34.32,18.0,2.5,ml,guc
2006-01-08,03:59:10,-70.59,-33.49,88.7,3.0,md,guc
2006-01-08,05:13:23,-69.66,-31.51,156.1,3.4,md,guc
2006-01-08,05:22:34,-68.51,-33.8,24.2,4.7,mb,us
2006-01-08,05:30:38,-68.61,-33.86,19.7,3.5,ml,guc
2006-01-08,06:34:15,-71.5,-32.92,52.2,3.1,md,guc
2006-01-08,08:24:25,-70.13,-34.32,15.3,2.5,ml,guc
2006-01-08,13:15:00,-68.74,-33.76,11.1,3.8,ml,guc
2006-01-08,19:07:36,-69.48,-31.26,156.8,3.1,md,guc
2006-01-08,22:19:41,-71.33,-33.26,53.7,2.8,md,guc
2006-01-09,00:40:39,-70.19,-32.12,97.6,2.6,md,guc
2006-01-09,04:43:07,-71.46,-32.07,36.9,3.3,md,guc
2006-01-09,07:17:31,-70.46,-35.04,16.4,2.5,ml,guc
2006-01-09,08:24:27,-70.16,-34.32,16.4,2.8,ml,guc
2006-01-09,13:39:04,-70.13,-34.31,6.2,2.6,ml,guc
2006-01-09,15:14:35,-70.99,-34.88,101.5,2.5,md,guc
2006-01-09,21:09:19,-71.56,-32.6,15.0,3.2,ml,guc
2006-01-09,23:56:53,-69.27,-54.29,8.7,4.6,mb,us
2006-01-10,00:30:48,-70.15,-34.31,7.2,2.5,ml,guc
2006-01-10,03:03:29,-76.28,-14.63,35.0,4.2,mb,us
2006-01-10,05:26:10,-70.08,-31.92,119.1,2.8,md,guc
2006-01-10,13:19:24,-76.19,-14.22,47.8,4.2,mb,us
2006-01-10,17:00:28,-70.31,-33.16,4.0,2.5,ml,guc
2006-01-10,19:33:04,-71.07,-32.55,12.1,3.2,md,guc
2006-01-10,19:46:08,-70.35,-33.89,111.1,2.6,md,guc
2006-01-10,20:21:22,-70.26,-33.02,111.5,3.5,md,guc
2006-01-10,20:41:32,-69.59,-31.76,136.9,4.0,mb,us
2006-01-11,05:49:17,-68.45,-22.17,101.8,4.5,mb,us
2006-01-11,07:11:16,-71.18,-32.19,62.7,2.8,md,guc
2006-01-11,07:18:42,-71.19,-35.31,105.2,2.8,md,guc
2006-01-11,10:29:38,-71.3,-35.45,92.0,2.8,md,guc
2006-01-11,12:51:13,-70.83,-32.59,71.3,2.9,md,guc
2006-01-11,14:38:26,-67.96,-23.4,108.3,3.7,mb,us
2006-01-11,17:37:59,-70.19,-34.3,7.9,2.5,ml,guc
2006-01-11,19:13:41,-70.94,-31.84,90.3,3.0,md,guc
2006-01-12,00:52:33,-71.74,-31.56,8.1,3.2,ml,guc
2006-01-12,02:17:46,-70.3,-33.18,104.8,2.6,md,guc
2006-01-12,10:53:07,-69.1,-31.13,150.0,3.3,md,guc
2006-01-12,14:22:42,-72.18,-34.97,21.1,3.3,ml,guc
2006-01-12,15:50:50,-71.31,-33.35,57.7,2.8,md,guc
2006-01-12,15:53:39,-71.31,-33.35,60.2,2.8,md,guc
2006-01-12,19:21:43,-71.11,-32.64,10.6,3.3,md,guc
2006-01-12,23:16:27,-72.87,-32.65,21.1,2.8,ml,guc
2006-01-13,00:21:51,-68.45,-19.82,194.2,4.2,mb,us
2006-01-13,00:26:54,-68.2,-20.28,167.6,4.4,mb,us
2006-01-13,06:00:29,-73.41,-11.58,35.5,4.1,mb,us
2006-01-13,07:41:33,-71.55,-35.67,102.8,3.2,md,guc
2006-01-13,08:42:25,-71.31,-32.88,53.1,3.1,md,guc
2006-01-13,10:09:02,-71.48,-30.24,17.2,3.8,ml,guc
2006-01-13,19:30:01,-115.58,-24.28,10.0,4.3,mb,us
2006-01-13,19:54:49,-72.04,-33.0,3.3,3.0,md,guc
2006-01-13,21:09:21,-71.85,-29.96,29.5,3.5,ml,guc
2006-01-14,01:34:54,-66.82,-24.07,200.0,4.1,mb,us
2006-01-14,04:39:47,-91.11,-41.09,10.0,4.6,mb,us
2006-01-14,07:59:30,-71.54,-32.53,27.8,2.6,ml,guc
2006-01-14,16:55:17,-77.21,-45.73,35.0,4.7,mb,us
2006-01-14,18:00:01,-71.43,-35.59,106.8,3.1,md,guc
2006-01-14,20:13:19,-69.21,-24.68,71.2,0.0,,us
2006-01-14,20:58:25,-71.67,-33.81,43.2,4.2,md,guc
2006-01-15,02:26:21,-70.88,-32.74,70.9,2.7,md,guc
2006-01-15,04:02:54,-70.54,-32.23,100.8,3.2,md,guc
2006-01-15,06:47:59,-74.83,-12.74,94.9,4.4,mb,us
2006-01-15,07:20:05,-71.64,-31.35,38.9,3.5,md,guc
2006-01-15,11:28:29,-68.74,-33.41,23.1,2.8,ml,guc
2006-01-15,15:49:02,-71.68,-32.68,27.6,3.2,ml,guc
2006-01-15,18:37:30,-68.92,-31.8,13.0,3.2,ml,guc
2006-01-15,20:04:07,-71.76,-32.71,37.9,3.1,md,guc
2006-01-16,08:28:28,-70.56,-33.22,92.9,3.9,md,guc
2006-01-16,09:39:32,-66.74,-23.95,181.8,4.4,mb,us
2006-01-16,10:36:31,-70.86,-33.86,77.4,3.6,md,guc
2006-01-16,16:23:31,-71.65,-32.3,32.2,4.1,mb,us
2006-01-16,23:53:55,-71.45,-30.69,42.8,4.0,md,guc
2006-01-17,00:08:30,-71.05,-34.49,74.0,3.0,md,guc
2006-01-17,00:21:14,-68.8,-20.2,118.8,4.5,mb,us
2006-01-17,04:45:21,-70.88,-34.89,100.3,3.0,md,guc
2006-01-17,06:43:42,-66.64,-20.67,226.5,4.2,mb,us
2006-01-17,14:41:02,-72.03,-33.96,37.6,3.6,md,guc
2006-01-17,18:07:16,-69.94,-32.37,124.3,3.1,md,guc
2006-01-17,18:45:45,-71.73,-30.84,40.4,4.3,md,guc
2006-01-17,23:45:00,-70.51,-31.39,141.1,3.1,md,guc
2006-01-18,00:22:32,-71.22,-30.56,76.3,4.0,md,guc
2006-01-18,02:47:25,-71.67,-32.39,27.7,2.9,ml,guc
2006-01-18,03:23:28,-115.6,-23.76,10.0,4.0,mb,us
2006-01-18,06:57:36,-71.74,-15.1,132.6,4.4,mb,us
2006-01-18,11:27:32,-69.79,-25.1,46.0,4.1,mb,us
2006-01-18,11:56:51,-70.49,-33.95,17.2,2.6,ml,guc
2006-01-18,17:20:37,-70.24,-32.83,100.9,2.9,md,guc
2006-01-18,20:50:34,-68.97,-33.21,13.4,3.0,ml,guc
2006-01-18,23:43:06,-100.5,-36.41,10.0,5.8,mwb,us
2006-01-18,23:51:52,-70.14,-34.33,18.4,2.7,md,guc
2006-01-19,04:31:26,-71.75,-31.71,32.1,2.8,ml,guc
2006-01-19,05:08:37,-70.4,-34.47,115.3,3.2,md,guc
2006-01-19,10:04:08,-70.48,-31.27,145.8,3.3,md,guc
2006-01-19,11:40:57,-70.1,-32.25,115.5,3.3,md,guc
2006-01-19,16:27:59,-70.31,-31.77,127.9,3.0,md,guc
2006-01-19,22:06:26,-71.71,-31.14,56.8,3.1,md,guc
2006-01-20,07:34:31,-69.37,-17.3,155.1,0.0,,us
2006-01-20,11:01:14,-70.0,-32.15,108.6,4.7,mb,us
2006-01-20,12:23:25,-71.89,-32.12,26.2,3.8,ml,guc
2006-01-20,15:29:46,-68.57,-31.1,150.0,3.9,md,guc
2006-01-20,18:39:29,-70.13,-15.58,213.9,4.4,mb,us
2006-01-20,21:42:47,-71.71,-32.71,28.3,2.6,ml,guc
2006-01-21,02:09:07,-70.91,-34.82,114.3,2.9,md,guc
2006-01-21,03:58:33,-68.96,-19.97,108.8,4.2,mb,us
2006-01-21,04:06:05,-71.16,-34.28,64.5,2.8,md,guc
2006-01-21,06:23:37,-70.14,-31.39,124.4,3.8,md,guc
2006-01-21,06:33:58,-70.22,-33.5,108.6,2.9,md,guc
2006-01-21,06:47:24,-74.71,-10.28,150.2,4.3,mb,us
2006-01-21,07:48:18,-68.94,-21.91,14.4,3.0,ml,guc
2006-01-21,08:46:59,-70.54,-25.72,34.9,4.9,mwc,hrv
2006-01-21,08:53:03,-71.0,-25.35,40.0,4.1,md,guc
2006-01-21,16:24:24,-70.54,-25.75,39.8,3.7,md,guc
2006-01-21,19:15:16,-71.55,-34.98,55.3,3.5,md,guc
2006-01-21,21:46:19,-68.03,-23.34,94.9,3.0,mb,us
2006-01-21,23:19:50,-68.04,-28.3,105.8,4.7,mb,us
2006-01-22,06:26:48,-67.33,-21.31,181.8,4.0,mb,us
2006-01-22,21:45:10,-70.43,-31.64,115.6,2.8,md,guc
2006-01-23,00:14:26,-70.53,-33.15,96.2,3.3,md,guc
2006-01-23,02:02:21,-74.39,-14.84,103.7,0.0,,us
2006-01-23,03:06:20,-71.23,-33.96,63.4,3.7,md,guc
2006-01-23,05:22:41,-66.74,-23.99,197.4,4.4,mb,us
2006-01-23,07:35:28,-71.69,-31.3,29.1,3.9,ml,guc
2006-01-23,10:21:24,-71.44,-30.78,36.0,3.8,ml,guc
2006-01-23,13:47:52,-80.62,-7.11,50.0,0.0,,us
2006-01-23,19:29:41,-65.94,-21.93,258.7,3.7,mb,us
2006-01-23,22:53:52,-70.81,-33.78,78.0,3.1,md,guc
2006-01-24,01:45:07,-69.2,-32.67,156.9,3.7,md,guc
2006-01-24,02:43:06,-76.62,-12.98,50.0,0.0,,us
2006-01-24,03:35:01,-70.16,-32.92,113.7,2.9,md,guc
2006-01-24,05:14:54,-68.33,-21.7,117.1,3.3,mb,us
2006-01-24,07:53:33,-70.9,-37.14,147.5,3.2,md,guc
2006-01-24,13:00:35,-71.36,-34.27,60.6,2.8,md,guc
2006-01-24,22:15:11,-71.4,-32.26,43.8,3.3,md,guc
2006-01-25,00:04:18,-71.36,-32.48,37.1,3.1,md,guc
2006-01-25,05:25:49,-71.84,-32.5,27.0,2.7,ml,guc
2006-01-25,08:20:21,-71.86,-32.5,30.6,4.7,mb,us
2006-01-25,20:03:52,-70.34,-31.76,141.7,3.4,md,guc
2006-01-25,22:31:03,-68.53,-21.3,114.2,4.0,mb,us
2006-01-26,03:25:54,-69.87,-33.54,14.8,3.3,ml,guc
2006-01-26,04:34:03,-71.35,-15.41,157.0,4.2,mb,us
2006-01-26,07:38:48,-66.67,-20.64,223.2,3.7,mb,us
2006-01-26,09:14:46,-71.71,-32.51,39.4,3.4,md,guc
2006-01-26,14:38:09,-68.0,-21.76,113.5,3.9,mb,us
2006-01-26,17:14:02,-71.32,-27.89,46.5,3.6,md,guc
2006-01-26,21:36:39,-69.78,-31.74,147.7,2.7,md,guc
2006-01-27,06:03:26,-70.54,-34.96,18.8,2.5,ml,guc
2006-01-27,06:43:02,-78.5,-10.57,56.7,4.9,mwc,hrv
2006-01-27,10:03:38,-68.65,-22.5,109.2,4.6,mb,us
2006-01-27,13:13:35,-68.68,-20.33,119.6,0.0,,us
2006-01-27,19:06:59,-70.27,-33.13,3.9,2.6,ml,guc
2006-01-27,23:01:39,-68.92,-20.0,125.0,4.3,mb,us
2006-01-28,00:32:04,-72.04,-30.87,28.9,3.3,ml,guc
2006-01-28,00:54:44,-70.14,-31.8,138.3,4.2,mb,us
2006-01-28,03:04:46,-68.59,-25.33,110.9,4.5,mb,us
2006-01-28,11:34:58,-70.22,-32.41,111.8,3.4,md,guc
2006-01-28,12:19:21,-69.44,-16.89,176.8,4.5,mb,us
2006-01-28,14:16:10,-66.38,-27.92,160.2,4.6,mb,us
2006-01-28,19:35:32,-70.11,-32.45,106.8,2.8,md,guc
2006-01-28,21:16:57,-68.77,-31.2,150.0,4.1,mb,us
2006-01-28,22:00:55,-70.22,-31.97,113.8,2.7,md,guc
2006-01-29,02:19:24,-68.79,-31.33,96.7,4.0,mb,us
2006-01-29,03:14:57,-68.98,-21.69,163.3,4.2,mb,us
2006-01-29,10:44:50,-71.12,-34.98,94.5,4.2,mb,us
2006-01-29,10:56:37,-72.26,-34.4,13.0,3.7,ml,guc
2006-01-29,13:24:38,-68.87,-32.67,141.7,3.8,md,guc
2006-01-29,16:32:01,-67.23,-18.83,241.4,3.9,mb,us
2006-01-29,16:38:32,-72.12,-32.99,28.4,3.1,ml,guc
2006-01-29,17:19:45,-71.47,-37.54,141.2,3.7,md,guc
2006-01-29,20:34:50,-71.0,-32.82,65.4,2.9,md,guc
2006-01-29,22:13:36,-71.75,-32.23,38.9,3.3,md,guc
2006-01-29,22:46:16,-69.22,-31.26,150.0,3.6,md,guc
2006-01-29,23:05:50,-70.72,-26.04,39.9,4.0,md,guc
2006-01-29,23:22:15,-70.5,-18.22,91.3,3.7,mb,us
2006-01-30,03:19:55,-70.18,-26.86,45.0,4.0,md,guc
2006-01-30,05:19:21,-67.14,-31.85,162.1,4.4,mb,us
2006-01-30,06:25:05,-68.75,-33.8,2.9,3.2,ml,guc
2006-01-30,14:08:21,-74.32,-8.04,164.8,4.4,mb,us
2006-01-30,16:56:33,-69.96,-32.53,122.3,3.2,md,guc
2006-01-30,18:59:06,-71.33,-34.97,92.1,2.9,md,guc
2006-01-30,19:35:56,-70.28,-34.52,122.2,3.2,md,guc
2006-01-31,00:19:28,-66.95,-23.95,202.0,4.2,mb,us
2006-01-31,04:59:05,-72.96,-33.37,29.3,2.8,ml,guc
2006-01-31,11:41:48,-69.9,-31.62,152.9,3.3,md,guc
2006-01-31,12:24:08,-68.84,-24.49,120.0,3.7,md,guc
2006-01-31,12:32:48,-70.95,-32.51,78.3,3.7,md,guc
2006-01-31,14:26:52,-71.48,-32.05,65.0,3.6,md,guc
2006-01-31,14:30:42,-71.64,-31.65,35.2,2.8,ml,guc
2006-01-31,14:43:10,-71.67,-32.67,29.7,3.5,ml,guc
2006-01-31,17:10:00,-71.51,-28.37,34.9,4.0,ml,guc
2006-01-31,21:32:36,-70.81,-28.06,43.0,3.9,md,guc
2006-01-31,22:19:32,-68.92,-19.2,118.4,4.0,mb,us
2006-01-31,23:50:37,-70.65,-28.75,84.8,4.3,mb,us
2006-02-01,04:44:25,-69.14,-19.58,95.3,0.0,,us
2006-02-01,04:44:50,-70.17,-25.52,38.7,4.3,md,guc
2006-02-01,12:38:35,-81.82,-3.94,72.4,3.9,mb,us
2006-02-02,07:07:46,-69.17,-31.33,150.0,4.2,mb,us
2006-02-02,12:02:10,-69.8,-17.15,39.6,5.3,mwc,hrv
2006-02-02,13:34:48,-115.36,-24.0,10.0,5.1,mb,us
2006-02-02,23:26:06,-69.62,-31.92,153.5,2.6,md,guc
2006-02-03,00:25:30,-71.53,-32.47,69.6,2.6,md,guc
2006-02-03,02:58:13,-70.1,-32.41,102.9,2.7,md,guc
2006-02-03,03:08:22,-68.56,-22.92,130.0,4.2,mb,us
2006-02-03,08:14:20,-69.93,-27.72,98.9,3.8,md,guc
2006-02-03,08:54:34,-71.62,-31.49,30.6,2.9,ml,guc
2006-02-03,10:27:22,-70.68,-34.52,106.3,3.2,md,guc
2006-02-03,13:01:24,-74.5,-36.43,47.1,3.7,md,guc
2006-02-04,00:24:25,-71.73,-32.4,15.0,3.0,ml,guc
2006-02-04,00:30:11,-71.69,-32.41,40.0,3.4,md,guc
2006-02-04,02:01:28,-70.01,-33.99,15.2,2.9,ml,guc
2006-02-04,02:57:32,-68.6,-22.11,132.8,4.1,mb,us
2006-02-04,04:58:47,-70.49,-35.06,16.3,2.7,ml,guc
2006-02-04,05:52:45,-68.58,-22.27,100.0,3.7,md,guc
2006-02-04,08:33:05,-70.59,-16.72,9.2,4.6,mb,us
2006-02-04,09:22:35,-67.63,-24.19,174.9,3.9,md,guc
2006-02-04,14:18:56,-70.29,-25.21,51.9,3.8,md,guc
2006-02-04,20:44:48,-71.78,-32.1,36.1,3.1,md,guc
2006-02-04,21:45:30,-71.8,-32.14,34.8,2.7,ml,guc
2006-02-05,01:02:03,-70.77,-32.83,74.7,3.3,md,guc
2006-02-05,01:20:06,-75.49,-6.33,34.1,4.5,mb,us
2006-02-05,04:28:08,-66.84,-31.58,126.0,4.3,mb,us
2006-02-05,09:02:57,-69.52,-24.34,87.2,3.4,md,guc
2006-02-05,13:40:17,-70.64,-33.5,81.7,2.5,md,guc
2006-02-05,14:15:20,-71.94,-17.66,50.2,4.1,mb,us
2006-02-05,18:03:23,-67.87,-23.81,110.3,5.0,mwc,hrv
2006-02-05,18:44:53,-72.58,-36.7,71.2,3.3,md,guc
2006-02-05,19:10:58,-79.28,-4.39,119.6,3.7,mb,us
2006-02-05,21:14:14,-70.4,-33.39,94.4,3.0,md,guc
2006-02-05,21:46:22,-68.8,-20.34,87.1,3.5,mb,us
2006-02-05,23:30:11,-67.4,-23.15,230.0,4.0,mb,us
2006-02-06,03:58:59,-67.11,-24.34,169.4,4.8,mb,us
2006-02-06,06:51:50,-68.94,-22.77,105.0,3.9,md,guc
2006-02-06,13:06:28,-72.18,-16.35,89.9,4.5,mb,us
2006-02-06,18:39:54,-71.65,-32.63,28.0,3.4,ml,guc
2006-02-06,21:44:46,-70.58,-35.11,17.2,2.6,ml,guc
2006-02-07,01:51:17,-71.64,-32.68,42.3,3.6,md,guc
2006-02-07,09:12:13,-71.97,-28.84,47.0,4.6,md,guc
2006-02-07,09:47:17,-70.71,-32.03,93.0,3.1,md,guc
2006-02-07,15:04:06,-71.43,-34.01,43.6,3.3,md,guc
2006-02-07,22:56:10,-71.98,-30.61,25.0,3.3,ml,guc
2006-02-08,00:43:07,-71.21,-32.22,60.0,3.4,md,guc
2006-02-08,01:58:33,-72.66,-34.46,25.4,3.6,ml,guc
2006-02-08,03:08:46,-69.34,-31.59,168.8,3.6,md,guc
2006-02-08,03:29:22,-71.69,-32.23,36.7,3.6,md,guc
2006-02-08,09:10:37,-67.27,-23.83,248.1,3.6,md,guc
2006-02-08,09:19:58,-71.11,-32.12,67.6,3.7,md,guc
2006-02-08,09:44:14,-66.93,-22.66,303.7,3.3,mb,us
2006-02-08,13:57:49,-67.28,-28.79,114.8,4.5,mb,us
2006-02-08,14:31:27,-70.57,-34.43,104.3,2.6,md,guc
2006-02-08,14:56:24,-68.29,-31.4,161.9,0.0,,us
2006-02-08,16:12:38,-95.85,-36.02,10.0,4.2,mb,us
2006-02-08,19:39:47,-70.62,-16.85,15.4,4.5,mb,us
2006-02-08,22:29:46,-70.7,-17.06,5.7,0.0,no,us
2006-02-08,23:38:46,-70.28,-32.4,110.5,3.2,md,guc
2006-02-09,00:14:56,-70.01,-26.99,63.3,3.6,md,guc
2006-02-09,01:53:02,-68.8,-31.47,123.8,3.5,md,guc
2006-02-09,04:07:40,-89.2,-41.09,10.0,4.5,mb,us
2006-02-09,07:35:51,-68.9,-21.1,95.0,4.0,md,guc
2006-02-09,07:59:34,-70.86,-35.3,106.9,3.5,md,guc
2006-02-09,08:07:04,-69.18,-31.36,150.0,3.5,md,guc
2006-02-09,13:38:17,-69.21,-21.39,124.6,3.9,md,guc
2006-02-09,17:08:37,-68.78,-27.47,94.2,4.6,mb,us
2006-02-10,01:48:44,-75.23,-8.31,35.0,3.8,mb,us
2006-02-10,03:33:07,-70.32,-20.41,49.4,3.3,mb,us
2006-02-10,17:51:54,-71.39,-32.52,32.8,5.2,mwc,hrv
2006-02-10,20:43:39,-68.43,-22.02,106.4,0.0,,us
2006-02-10,22:12:51,-114.08,-20.96,10.0,4.6,mb,us
2006-02-11,04:40:08,-67.08,-24.22,170.8,4.0,mb,us
2006-02-11,11:49:40,-67.62,-32.42,32.4,4.8,mb,us
2006-02-12,11:46:58,-70.02,-21.62,57.8,3.7,mb,us
2006-02-12,12:14:12,-65.88,-22.11,258.9,3.9,mb,us
2006-02-12,23:58:23,-115.83,-25.04,10.0,4.3,mb,us
2006-02-14,03:46:11,-68.3,-23.13,35.0,3.8,mb,us
2006-02-14,09:37:00,-71.66,-30.76,64.6,3.7,mb,us
2006-02-14,21:52:19,-67.31,-28.51,127.2,4.0,mb,us
2006-02-15,16:42:06,-67.26,-24.31,187.1,4.2,mb,us
2006-02-16,20:40:13,-68.32,-21.14,132.2,4.0,mb,us
2006-02-17,14:33:37,-66.6,-23.2,202.5,3.9,mb,us
2006-02-17,18:24:16,-71.63,-30.88,3.6,3.4,ml,guc
2006-02-18,03:02:05,-66.82,-24.03,193.3,3.8,mb,us
2006-02-18,09:06:06,-71.68,-32.71,42.9,3.2,md,guc
2006-02-18,10:40:51,-69.73,-18.2,128.5,4.4,mb,us
2006-02-18,12:04:06,-68.52,-31.86,150.0,3.4,md,guc
2006-02-18,13:09:35,-71.92,-34.59,30.3,2.8,ml,guc
2006-02-18,18:24:04,-66.53,-20.26,230.5,4.5,mb,us
2006-02-18,19:21:53,-70.37,-34.59,5.4,2.7,ml,guc
2006-02-18,21:07:28,-79.38,-4.27,93.3,4.5,mb,us
2006-02-18,23:32:00,-71.76,-32.7,15.4,2.7,ml,guc
2006-02-18,23:42:47,-68.17,-23.48,102.7,4.0,mb,us
2006-02-19,00:37:03,-71.87,-31.43,13.4,3.8,ml,guc
2006-02-19,01:00:14,-71.8,-31.45,17.3,3.3,ml,guc
2006-02-19,04:57:23,-70.73,-32.0,98.6,3.3,md,guc
2006-02-19,15:50:05,-67.18,-22.22,156.9,4.0,mb,us
2006-02-19,19:18:14,-72.06,-33.23,53.5,4.5,mb,us
2006-02-19,20:03:47,-81.16,-5.88,38.4,3.5,mb,us
2006-02-19,23:32:20,-71.78,-39.23,121.2,4.5,mb,us
2006-02-20,00:20:23,-71.78,-15.17,125.6,3.9,mb,us
2006-02-20,02:20:29,-71.04,-33.32,69.5,2.8,md,guc
2006-02-20,18:37:47,-70.19,-33.17,3.4,3.6,md,guc
2006-02-20,20:16:08,-78.47,-9.17,84.8,4.2,mb,us
2006-02-20,20:17:03,-67.01,-24.16,159.7,0.0,,us
2006-02-20,22:01:16,-70.09,-33.33,109.5,3.5,md,guc
2006-02-20,23:02:43,-70.29,-16.88,62.0,4.6,mb,us
2006-02-21,00:22:29,-71.59,-32.49,46.7,3.0,md,guc
2006-02-21,02:29:40,-71.66,-32.12,35.8,3.5,md,guc
2006-02-21,02:39:33,-67.24,-24.08,240.0,4.5,mb,us
2006-02-21,05:33:21,-70.28,-32.75,102.1,2.9,md,guc
2006-02-21,11:50:58,-71.81,-31.65,31.3,3.1,ml,guc
2006-02-21,14:13:17,-71.73,-32.43,30.9,3.4,ml,guc
2006-02-21,14:47:04,-71.24,-29.16,47.0,4.1,md,guc
2006-02-21,19:06:05,-70.18,-32.29,111.5,3.3,md,guc
2006-02-21,21:00:22,-75.45,-10.28,13.7,5.1,mwc,hrv
2006-02-22,01:02:38,-71.63,-23.28,76.9,3.7,mb,us
2006-02-22,02:08:45,-71.13,-31.91,81.3,3.3,md,guc
2006-02-22,07:59:25,-71.44,-31.64,52.8,4.2,md,guc
2006-02-22,11:51:48,-70.99,-35.32,123.5,4.3,mb,us
2006-02-22,14:05:19,-72.04,-29.96,8.7,4.1,mb,us
2006-02-22,14:55:10,-71.56,-32.76,51.8,3.4,md,guc
2006-02-22,16:11:28,-71.53,-32.57,44.5,3.0,md,guc
2006-02-22,17:30:10,-115.23,-23.54,10.0,4.3,mb,us
2006-02-22,19:35:03,-66.4,-27.95,167.5,4.6,mb,us
2006-02-23,05:22:02,-70.22,-35.04,155.8,4.0,md,guc
2006-02-23,06:47:45,-70.54,-34.35,113.8,3.3,md,guc
2006-02-23,12:45:52,-71.57,-32.56,44.4,3.5,md,guc
2006-02-23,18:10:02,-71.79,-30.68,11.1,3.5,ml,guc
2006-02-24,00:45:14,-71.89,-29.66,38.0,4.3,md,guc
2006-02-24,03:21:13,-71.41,-30.28,6.9,3.7,ml,guc
2006-02-24,21:14:57,-75.54,-44.66,10.0,4.8,mb,us
2006-02-25,03:22:17,-69.4,-17.28,161.6,0.0,,us
2006-02-26,00:51:41,-75.02,-12.47,36.3,4.8,mb,us
2006-02-26,03:10:24,-74.4,-42.62,31.9,4.9,mb,us
2006-02-26,07:11:53,-74.98,-12.17,18.6,3.8,ml,lim
2006-02-26,23:02:47,-66.63,-23.29,191.9,4.1,mb,us
2006-02-27,05:45:04,-68.08,-21.22,144.5,3.8,mb,us
2006-02-27,07:49:41,-115.3,-26.53,10.0,4.5,mb,us
2006-02-27,19:01:18,-75.66,-13.55,124.7,4.0,mb,us
2006-02-28,23:35:23,-83.98,-42.53,10.0,4.4,mb,us
2006-03-01,00:11:57,-71.74,-32.21,28.7,3.5,ml,guc
2006-03-01,01:55:17,-69.7,-31.38,164.4,3.3,md,guc
2006-03-01,07:15:43,-71.34,-32.13,45.3,3.8,md,guc
2006-03-01,07:56:52,-70.73,-31.95,85.9,3.1,md,guc
2006-03-01,09:27:32,-67.9,-23.94,108.5,4.7,mb,us
2006-03-01,09:41:11,-73.1,-38.32,39.8,4.4,mb,us
2006-03-01,14:10:40,-71.6,-33.14,38.8,4.3,md,guc
2006-03-01,14:37:18,-70.56,-33.4,86.6,2.8,md,guc
2006-03-01,18:01:43,-71.12,-36.34,152.3,4.6,mb,us
2006-03-01,20:21:44,-69.03,-18.23,126.9,5.1,mwc,hrv
2006-03-01,22:30:10,-71.62,-31.96,33.2,2.6,ml,guc
2006-03-02,00:11:04,-70.84,-31.29,121.8,3.5,md,guc
2006-03-02,02:03:54,-70.48,-29.07,85.8,3.2,md,guc
2006-03-02,05:49:34,-66.03,-22.68,259.6,3.6,mb,us
2006-03-02,09:31:31,-68.55,-21.18,111.4,4.0,mb,us
2006-03-02,10:59:25,-70.11,-33.65,110.3,3.0,md,guc
2006-03-02,13:10:30,-72.75,-39.8,69.9,4.4,mb,us
2006-03-02,22:32:25,-69.68,-31.66,169.5,3.4,md,guc
2006-03-03,03:54:25,-73.02,-32.86,29.3,3.0,ml,guc
2006-03-03,06:52:41,-71.5,-35.81,90.8,3.6,md,guc
2006-03-03,07:12:12,-69.18,-31.06,140.0,3.7,md,guc
2006-03-03,07:44:14,-67.04,-24.05,179.2,4.2,mb,us
2006-03-03,08:11:18,-67.38,-22.59,145.7,3.6,mb,us
2006-03-03,09:13:04,-69.2,-19.06,138.5,4.0,mb,us
2006-03-03,09:26:17,-71.58,-16.2,116.7,3.9,mb,us
2006-03-03,14:12:44,-73.15,-36.16,10.3,3.3,ml,guc
2006-03-03,18:33:08,-70.96,-34.2,83.6,2.5,md,guc
2006-03-03,19:07:09,-70.89,-34.08,79.9,2.9,md,guc
2006-03-03,21:00:18,-74.94,-15.72,61.3,3.7,mb,us
2006-03-04,00:17:01,-75.45,-16.01,35.0,3.5,mb,us
2006-03-04,13:57:31,-71.52,-34.88,52.1,3.7,md,guc
2006-03-04,18:17:45,-71.99,-35.9,76.8,3.1,md,guc
2006-03-04,18:32:22,-72.89,-15.21,99.6,0.0,,us
2006-03-04,23:23:49,-70.32,-31.8,130.3,0.0,,us
2006-03-04,23:32:30,-68.56,-31.95,145.4,4.1,mb,us
2006-03-05,03:06:57,-69.89,-32.32,130.0,3.8,md,guc
2006-03-05,04:44:58,-66.88,-24.04,191.2,4.7,mb,us
2006-03-05,05:06:01,-69.76,-24.01,58.0,4.5,mb,us
2006-03-05,06:48:24,-65.44,-21.59,318.6,3.9,mb,us
2006-03-05,17:46:39,-66.66,-23.44,186.1,3.7,mb,us
2006-03-05,18:39:49,-71.44,-32.0,34.9,3.1,ml,guc
2006-03-05,20:22:46,-124.43,-55.81,10.0,4.5,mb,us
2006-03-05,23:04:04,-69.7,-32.38,126.5,2.8,md,guc
2006-03-06,01:49:45,-71.1,-31.97,80.7,3.2,md,guc
2006-03-06,03:57:34,-73.05,-32.69,35.3,4.3,mb,us
2006-03-06,09:49:48,-91.94,-40.36,10.0,4.6,mb,us
2006-03-06,15:14:32,-69.58,-16.03,208.9,3.8,mb,us
2006-03-06,16:25:08,-74.66,-15.79,58.7,4.3,mb,us
2006-03-06,23:01:11,-72.5,-34.77,29.3,3.0,ml,guc
2006-03-07,02:45:58,-71.5,-31.88,41.4,3.8,md,guc
2006-03-07,04:42:58,-68.63,-23.08,97.2,4.6,mb,us
2006-03-07,21:29:08,-67.22,-23.2,145.0,0.0,,us
2006-03-07,22:47:34,-68.37,-21.18,97.9,4.0,mb,us
2006-03-08,00:51:07,-71.13,-27.87,46.5,0.0,,us
2006-03-08,02:39:20,-71.74,-28.78,29.4,4.6,mb,us
2006-03-08,03:13:31,-69.5,-25.64,100.0,3.7,md,guc
2006-03-08,10:13:58,-72.48,-34.96,15.0,3.2,ml,guc
2006-03-08,14:44:17,-72.37,-30.82,55.5,0.0,,us
2006-03-08,16:27:29,-72.0,-14.95,110.8,4.7,mb,us
2006-03-08,17:59:52,-66.57,-23.83,206.0,4.3,mb,us
2006-03-08,20:09:29,-71.04,-32.74,61.2,3.6,md,guc
2006-03-10,06:12:02,-66.73,-24.03,190.6,3.4,mb,us
2006-03-10,12:57:10,-80.94,-5.43,68.9,4.4,mb,us
2006-03-10,22:08:48,-78.9,-5.05,123.1,4.5,mb,us
2006-03-11,04:17:16,-72.74,-33.76,33.4,3.4,ml,guc
2006-03-11,09:03:23,-71.82,-31.73,35.9,3.6,m,guc
2006-03-11,20:24:18,-70.16,-35.11,159.5,3.1,md,guc
2006-03-11,21:10:01,-68.68,-22.74,100.0,3.9,mb,us
2006-03-12,08:22:42,-72.4,-33.4,34.9,3.4,ml,guc
2006-03-12,11:41:21,-68.45,-21.09,129.3,4.0,mb,us
2006-03-12,11:52:58,-69.95,-31.64,141.3,3.4,md,guc
2006-03-12,19:11:07,-68.46,-33.64,5.0,3.2,ml,guc
2006-03-12,23:00:04,-67.23,-21.88,167.5,4.2,mb,us
2006-03-13,00:11:49,-67.54,-19.2,195.7,3.9,mb,us
2006-03-13,02:48:28,-70.59,-28.38,90.0,3.3,md,guc
2006-03-13,14:17:26,-71.34,-30.98,62.9,4.6,mb,us
2006-03-13,15:12:58,-67.04,-24.26,148.9,4.8,mb,us
2006-03-13,19:05:44,-70.84,-33.58,72.7,2.5,md,guc
2006-03-13,23:28:33,-67.02,-24.1,172.4,3.6,mb,us
2006-03-14,04:03:16,-69.04,-28.57,112.1,4.8,mb,us
2006-03-14,09:08:34,-71.82,-30.86,29.4,4.6,mb,us
2006-03-14,12:24:28,-70.76,-31.94,102.6,3.1,md,guc
2006-03-14,15:39:39,-65.95,-22.09,271.1,3.8,mb,us
2006-03-15,02:00:26,-70.18,-32.92,104.5,3.1,md,guc
2006-03-15,04:06:56,-68.74,-20.57,117.0,3.4,mb,us
2006-03-15,04:39:54,-66.23,-22.98,225.6,0.0,,us
2006-03-15,07:39:15,-69.91,-31.66,145.3,3.1,md,guc
2006-03-15,08:06:06,-68.94,-19.6,112.8,4.8,mb,us
2006-03-15,11:41:47,-73.44,-37.09,15.0,4.0,ml,guc
2006-03-15,17:18:52,-70.93,-35.35,102.0,2.8,md,guc
2006-03-16,02:50:06,-70.58,-31.84,97.4,3.3,md,guc
2006-03-16,07:10:18,-71.71,-32.67,4.6,3.2,md,guc
2006-03-16,08:20:13,-71.19,-33.22,59.3,2.5,md,guc
2006-03-16,15:46:03,-69.15,-31.22,150.0,3.7,md,guc
2006-03-16,21:39:41,-72.0,-16.3,24.7,4.2,ml,lim
2006-03-16,23:16:06,-69.36,-34.86,150.0,3.5,md,guc
2006-03-17,02:16:12,-70.03,-32.59,109.6,3.5,md,guc
2006-03-17,04:41:21,-68.8,-23.21,77.0,4.2,mb,us
2006-03-17,05:19:03,-71.27,-34.83,78.0,3.2,md,guc
2006-03-17,07:06:17,-71.32,-34.33,63.4,2.7,md,guc
2006-03-17,09:22:14,-69.64,-31.58,154.3,3.1,md,guc
2006-03-17,10:29:45,-70.26,-24.9,55.0,3.8,md,guc
2006-03-17,21:01:01,-66.77,-24.09,185.3,4.0,mb,us
2006-03-18,01:43:42,-74.51,-37.68,28.0,4.4,mb,us
2006-03-18,03:16:12,-71.4,-33.34,44.5,3.8,md,guc
2006-03-18,04:01:48,-71.24,-28.72,47.2,4.2,md,guc
2006-03-18,09:22:37,-66.84,-19.96,237.6,4.0,mb,us
2006-03-18,15:16:30,-72.27,-35.13,38.9,4.2,md,guc
2006-03-18,19:44:35,-65.67,-17.04,53.3,3.8,mb,us
2006-03-18,22:11:38,-68.36,-22.72,130.0,3.8,mb,us
2006-03-19,03:33:59,-69.82,-31.94,124.3,3.6,md,guc
2006-03-19,09:14:41,-70.1,-34.03,6.9,3.6,md,guc
2006-03-19,10:51:45,-70.27,-33.03,102.7,2.9,md,guc
2006-03-19,15:52:06,-70.69,-34.13,94.9,3.5,md,guc
2006-03-19,19:59:37,-71.68,-37.03,127.7,3.4,md,guc
2006-03-19,20:45:53,-66.91,-24.04,178.4,3.4,mb,us
2006-03-19,22:31:45,-68.78,-20.53,121.9,3.5,mb,us
2006-03-20,03:26:51,-71.57,-28.79,35.0,4.3,mb,us
2006-03-20,11:02:48,-70.26,-33.02,100.4,3.6,md,guc
2006-03-20,20:14:16,-71.31,-33.38,58.4,3.0,md,guc
2006-03-21,04:26:30,-69.23,-29.43,35.0,0.0,,us
2006-03-21,05:02:20,-70.97,-32.39,83.1,2.9,md,guc
2006-03-21,08:24:27,-68.56,-20.65,128.0,4.0,mb,us
2006-03-21,08:49:10,-71.35,-33.05,54.2,4.3,md,guc
2006-03-21,13:53:46,-84.32,-41.7,10.0,4.7,mb,us
2006-03-21,14:00:46,-70.27,-32.48,116.2,3.1,md,guc
2006-03-21,21:27:54,-71.76,-35.54,82.6,2.9,md,guc
2006-03-22,06:25:20,-70.03,-33.56,7.9,2.7,ml,guc
2006-03-22,08:41:33,-69.24,-19.34,113.2,3.9,mb,us
2006-03-22,11:51:00,-68.61,-21.77,104.7,4.7,mb,us
2006-03-22,12:44:32,-67.58,-24.31,200.0,3.5,md,guc
2006-03-22,19:58:29,-67.16,-28.61,126.4,3.6,mb,us
2006-03-23,00:02:33,-71.65,-33.63,37.2,3.2,md,guc
2006-03-23,03:09:42,-69.14,-19.32,98.5,4.3,mb,us
2006-03-23,03:23:54,-71.12,-34.23,65.0,2.9,md,guc
2006-03-23,04:09:30,-74.27,-8.15,137.8,3.9,mb,us
2006-03-23,09:32:44,-71.76,-32.61,17.1,2.7,ml,guc
2006-03-23,10:56:22,-71.61,-31.31,19.7,2.9,ml,guc
2006-03-23,12:23:23,-72.66,-32.63,30.0,3.2,ml,guc
2006-03-23,21:56:09,-71.33,-34.7,61.7,2.9,md,guc
2006-03-24,00:19:33,-70.16,-32.14,110.4,3.0,md,guc
2006-03-24,00:39:05,-68.24,-23.4,150.0,4.0,mb,us
2006-03-24,00:43:03,-67.04,-21.34,177.1,4.5,mb,us
2006-03-24,04:24:52,-70.16,-27.34,63.0,0.0,,us
2006-03-24,05:27:41,-72.71,-35.37,22.2,2.9,ml,guc
2006-03-24,05:40:14,-71.46,-30.18,2.0,4.3,ml,guc
2006-03-24,08:49:04,-71.4,-32.02,47.1,3.7,md,guc
2006-03-24,15:34:11,-71.84,-32.28,29.3,3.1,ml,guc
2006-03-24,16:41:25,-71.84,-32.29,25.4,2.7,ml,guc
2006-03-24,18:38:30,-70.75,-32.79,72.4,3.3,md,guc
2006-03-24,19:00:47,-71.22,-18.46,41.4,0.0,,us
2006-03-24,22:09:35,-71.57,-31.84,44.9,4.4,mb,us
2006-03-24,23:17:47,-69.0,-31.53,100.5,4.4,mb,us
2006-03-25,00:51:59,-70.06,-32.11,108.3,3.3,md,guc
2006-03-25,01:08:32,-68.53,-31.85,150.0,3.8,md,guc
2006-03-25,08:56:28,-75.62,-10.09,108.3,4.8,mb,us
2006-03-25,11:59:18,-71.96,-31.58,5.7,3.7,ml,guc
2006-03-25,15:20:25,-63.72,-22.06,526.6,3.9,mb,us
2006-03-25,18:15:49,-74.43,-7.76,105.5,4.2,mb,us
2006-03-25,21:59:28,-69.0,-19.89,100.0,3.8,mb,us
2006-03-26,02:25:26,-71.54,-31.15,72.2,3.0,md,guc
2006-03-26,03:13:23,-69.34,-31.46,153.7,3.5,md,guc
2006-03-26,03:27:08,-68.85,-19.74,105.0,3.7,mb,us
2006-03-26,05:14:53,-76.95,-13.51,26.9,4.7,mb,us
2006-03-26,14:30:41,-67.16,-22.19,125.7,3.7,mb,us
2006-03-27,01:43:12,-71.38,-32.02,48.0,3.4,md,guc
2006-03-27,02:19:28,-70.12,-33.91,8.2,2.5,ml,guc
2006-03-27,02:52:14,-71.66,-30.96,31.8,2.8,ml,guc
2006-03-27,03:03:17,-71.7,-32.71,27.5,2.8,ml,guc
2006-03-27,03:44:57,-71.57,-32.18,57.5,2.9,md,guc
2006-03-27,05:24:00,-69.47,-20.8,57.9,5.2,mwc,hrv
2006-03-27,08:46:36,-70.19,-33.44,107.8,2.7,md,guc
2006-03-27,11:35:56,-68.73,-32.21,151.1,3.1,md,guc
2006-03-27,13:06:35,-71.28,-32.39,66.6,2.6,md,guc
2006-03-27,15:40:30,-68.6,-21.17,112.8,3.8,mb,us
2006-03-27,16:47:07,-71.92,-33.76,9.6,3.0,md,guc
2006-03-27,17:28:24,-76.77,-13.59,65.4,4.0,mb,us
2006-03-27,20:07:06,-75.78,-15.57,10.0,4.1,mb,us
2006-03-28,03:52:50,-72.28,-17.26,53.3,0.0,,us
2006-03-28,04:39:47,-66.36,-22.83,232.1,3.9,mb,us
2006-03-28,06:21:47,-71.39,-28.5,47.0,3.9,md,guc
2006-03-28,19:21:27,-69.92,-31.76,133.3,2.6,md,guc
2006-03-28,23:44:10,-66.54,-23.55,195.0,4.7,mb,us
2006-03-28,23:52:46,-71.83,-32.67,36.7,4.5,ml,guc
2006-03-29,00:07:52,-71.76,-32.67,36.3,4.3,md,guc
2006-03-29,01:01:37,-71.8,-32.69,15.0,2.7,ml,guc
2006-03-29,01:34:12,-71.52,-32.58,47.1,3.5,md,guc
2006-03-29,03:42:36,-71.51,-31.42,69.0,3.6,md,guc
2006-03-29,06:29:55,-69.53,-17.27,165.9,4.0,mb,us
2006-03-29,10:41:03,-67.47,-24.48,190.0,3.9,mb,us
2006-03-29,15:13:06,-80.88,-5.2,53.1,3.8,mb,us
2006-03-29,18:45:21,-68.47,-32.09,119.8,3.7,md,guc
2006-03-30,01:57:12,-71.36,-32.47,53.0,4.3,mb,us
2006-03-30,03:38:09,-69.11,-31.26,152.1,4.2,mb,us
2006-03-30,06:00:43,-70.72,-33.75,88.3,2.6,md,guc
2006-03-30,09:59:06,-69.32,-31.28,177.0,3.9,md,guc
2006-03-30,14:08:18,-69.77,-31.79,141.8,3.1,md,guc
2006-03-30,15:07:36,-71.16,-30.5,55.6,3.8,md,guc
2006-03-30,17:08:18,-70.37,-33.02,101.2,2.9,md,guc
2006-03-30,17:24:47,-72.36,-36.29,64.7,3.6,md,guc
2006-03-30,17:35:26,-70.32,-33.42,95.8,2.6,md,guc
2006-03-30,20:36:42,-67.39,-22.57,144.5,4.3,mb,us
2006-03-31,00:19:36,-70.87,-35.37,103.1,3.1,md,guc
2006-03-31,00:55:17,-70.74,-34.95,123.5,3.5,md,guc
2006-03-31,03:41:51,-68.24,-22.06,105.9,4.0,mb,us
2006-03-31,14:47:22,-69.51,-31.36,145.3,3.6,md,guc
2006-04-01,02:42:49,-70.96,-33.57,78.5,3.8,md,guc
2006-04-01,04:06:53,-70.13,-34.94,146.5,2.7,md,guc
2006-04-01,05:42:17,-72.84,-33.34,33.3,2.6,ml,guc
2006-04-01,09:32:28,-69.63,-29.32,125.9,3.9,md,guc
2006-04-01,09:56:14,-70.35,-24.54,58.8,3.4,md,guc
2006-04-01,11:16:50,-71.37,-34.44,77.8,2.6,md,guc
2006-04-01,13:17:49,-71.7,-29.94,52.6,3.5,md,guc
2006-04-01,15:32:56,-71.8,-32.66,15.0,3.6,ml,guc
2006-04-01,17:57:08,-70.31,-31.65,130.8,3.6,md,guc
2006-04-01,19:52:42,-71.88,-15.65,48.5,4.1,mb,us
2006-04-01,20:42:00,-68.46,-31.17,106.1,4.4,mb,us
2006-04-02,07:10:23,-71.1,-27.37,47.0,4.1,md,guc
2006-04-02,09:30:14,-68.88,-20.2,111.2,4.0,mb,us
2006-04-02,12:55:07,-73.52,-16.03,64.6,0.0,,us
2006-04-02,16:58:37,-71.6,-32.64,45.4,3.5,md,guc
2006-04-02,18:50:48,-74.09,-34.88,50.0,3.7,md,guc
2006-04-02,21:26:17,-71.26,-29.77,42.4,4.1,md,guc
2006-04-03,00:49:39,-68.74,-20.86,102.2,3.5,mb,us
2006-04-03,03:33:47,-71.19,-8.9,594.3,4.2,mb,us
2006-04-03,06:34:27,-68.57,-24.08,90.8,3.9,md,guc
2006-04-03,09:19:44,-70.15,-34.51,13.2,2.5,ml,guc
2006-04-03,09:50:59,-71.88,-32.15,21.6,3.1,ml,guc
2006-04-03,11:44:26,-71.82,-32.1,37.4,3.2,md,guc
2006-04-03,19:12:35,-71.5,-30.21,4.2,3.5,ml,guc
2006-04-03,22:07:58,-70.08,-31.84,147.6,3.7,md,guc
2006-04-04,02:41:57,-70.64,-33.08,88.0,2.7,md,guc
2006-04-04,05:47:29,-66.88,-23.9,168.1,4.6,mb,us
2006-04-04,14:47:27,-71.01,-31.46,37.2,3.4,md,guc
2006-04-04,15:06:16,-69.51,-27.88,90.9,0.0,,us
2006-04-04,22:56:32,-68.86,-20.27,114.1,3.9,mb,us
2006-04-05,01:34:20,-70.28,-32.2,108.7,4.7,mb,us
2006-04-05,07:31:35,-71.03,-32.83,59.5,2.9,md,guc
2006-04-06,01:03:27,-65.95,-22.69,245.2,3.9,mb,us
2006-04-06,01:55:33,-69.32,-17.4,150.0,4.0,mb,us
2006-04-06,05:26:26,-72.35,-34.11,44.9,3.4,md,guc
2006-04-06,09:45:53,-70.81,-30.22,80.5,3.7,md,guc
2006-04-06,11:13:56,-71.38,-33.98,44.7,2.7,md,guc
2006-04-06,15:21:35,-73.34,-37.64,28.5,4.1,ml,guc
2006-04-06,18:26:25,-66.61,-23.97,189.0,3.9,mb,us
2006-04-06,22:11:49,-70.64,-32.26,81.9,2.5,md,guc
2006-04-07,09:01:40,-70.45,-31.73,110.2,3.3,md,guc
2006-04-07,09:44:46,-70.2,-24.89,34.6,2.9,ml,guc
2006-04-07,11:36:33,-71.67,-36.87,6.4,3.3,ml,guc
2006-04-07,16:01:04,-69.23,-31.38,113.4,4.4,mb,us
2006-04-07,17:12:28,-70.89,-32.76,67.4,2.6,md,guc
2006-04-07,18:55:58,-71.62,-35.72,111.9,3.5,md,guc
2006-04-07,21:38:06,-69.58,-31.74,136.2,0.0,,us
2006-04-07,22:03:41,-71.67,-32.01,59.5,3.3,md,guc
2006-04-07,22:50:11,-70.69,-26.46,37.6,3.6,ml,guc
2006-04-08,02:49:41,-79.0,-9.25,56.1,4.2,mb,us
2006-04-08,03:06:16,-76.12,-14.25,39.1,5.0,mwc,hrv
2006-04-08,09:17:45,-70.47,-35.05,17.2,3.0,ml,guc
2006-04-08,11:10:59,-67.62,-28.4,117.3,4.5,mb,us
2006-04-08,17:07:30,-68.76,-31.28,150.0,3.5,md,guc
2006-04-08,17:43:38,-71.05,-34.25,68.3,2.6,md,guc
2006-04-08,21:01:20,-70.5,-31.88,103.2,2.8,md,guc
2006-04-09,01:08:34,-69.12,-31.58,174.1,3.3,md,guc
2006-04-09,03:35:31,-68.76,-31.36,102.2,4.4,mb,us
2006-04-09,03:58:52,-74.83,-10.46,124.5,3.9,mb,us
2006-04-09,06:47:07,-71.15,-31.7,56.9,3.3,md,guc
2006-04-09,12:29:48,-69.96,-33.86,3.4,2.6,ml,guc
2006-04-09,17:07:28,-68.87,-19.21,129.0,4.4,mb,us
2006-04-09,20:50:46,-70.24,-20.45,34.6,5.8,mwb,us
2006-04-09,23:59:06,-70.12,-33.2,101.9,2.7,md,guc
2006-04-10,00:09:15,-72.37,-34.11,26.5,3.6,md,guc
2006-04-10,07:59:12,-72.09,-31.56,33.3,3.1,ml,guc
2006-04-10,09:32:36,-71.56,-31.81,62.3,3.2,md,guc
2006-04-10,13:15:58,-68.79,-30.66,111.0,4.2,md,guc
2006-04-10,23:06:16,-72.17,-34.32,36.9,3.3,md,guc
2006-04-11,00:05:06,-69.42,-31.86,150.4,3.3,md,guc
2006-04-11,00:19:52,-71.47,-32.18,65.8,3.3,md,guc
2006-04-11,02:06:38,-66.89,-24.22,200.0,4.5,mb,us
2006-04-11,02:37:00,-73.89,-14.85,100.0,4.4,mb,us
2006-04-11,03:25:52,-70.73,-32.04,100.7,3.4,md,guc
2006-04-11,08:10:59,-68.3,-31.11,145.0,0.0,,us
2006-04-11,12:22:03,-70.98,-35.25,112.2,3.4,md,guc
2006-04-11,16:22:03,-70.48,-35.06,16.9,2.9,ml,guc
2006-04-11,16:37:38,-71.83,-31.74,35.0,3.9,ml,guc
2006-04-11,16:50:22,-71.0,-27.96,55.0,0.0,,us
2006-04-12,07:08:09,-74.27,-8.11,158.0,4.3,mb,us
2006-04-12,08:59:21,-66.67,-23.93,188.7,4.4,mb,us
2006-04-12,13:20:37,-71.58,-35.54,100.9,3.7,md,guc
2006-04-12,14:28:30,-71.86,-31.77,28.0,3.3,ml,guc
2006-04-12,20:33:27,-72.83,-37.8,39.4,3.8,mb,us
2006-04-13,01:42:35,-70.47,-34.4,118.8,3.3,md,guc
2006-04-13,05:48:48,-108.59,-9.13,10.0,4.9,mwc,hrv
2006-04-13,06:04:12,-71.74,-31.26,10.5,3.0,ml,guc
2006-04-13,06:30:20,-70.91,-31.29,87.6,3.1,md,guc
2006-04-13,06:48:17,-71.64,-34.6,50.1,3.7,md,guc
2006-04-13,14:39:35,-69.76,-33.82,140.6,3.0,md,guc
2006-04-13,17:24:28,-70.34,-34.71,16.0,2.7,ml,guc
2006-04-13,18:11:13,-72.6,-17.67,62.1,3.6,mb,us
2006-04-13,19:23:54,-70.02,-32.0,114.3,0.0,,us
2006-04-13,19:23:58,-106.99,-35.22,10.0,5.2,mwc,hrv
2006-04-13,20:03:37,-71.79,-31.39,29.3,3.1,ml,guc
2006-04-13,20:20:50,-71.97,-30.82,46.0,0.0,,us
2006-04-13,21:57:58,-69.24,-31.34,155.5,3.3,md,guc
2006-04-13,22:59:22,-71.22,-31.73,40.1,3.4,md,guc
2006-04-13,23:09:47,-69.17,-27.52,108.3,0.0,,us
2006-04-13,23:50:47,-70.84,-33.14,70.3,2.7,md,guc
2006-04-14,06:32:27,-70.67,-30.98,9.1,2.7,ml,guc
2006-04-14,09:24:20,-70.09,-31.94,121.2,2.9,md,guc
2006-04-14,11:07:51,-71.83,-31.32,24.9,3.2,ml,guc
2006-04-14,13:23:23,-68.7,-21.43,103.4,4.2,mb,us
2006-04-14,13:37:54,-87.59,-41.34,10.0,5.1,mwc,hrv
2006-04-14,22:50:23,-71.48,-32.45,41.9,3.9,md,guc
2006-04-15,00:17:16,-66.58,-21.28,200.0,4.1,mb,us
2006-04-15,00:36:52,-72.58,-33.88,36.2,3.5,md,guc
2006-04-15,01:04:50,-67.4,-21.26,175.0,4.5,mb,us
2006-04-15,01:39:22,-69.94,-31.64,150.0,3.1,md,guc
2006-04-15,07:48:30,-71.64,-31.07,60.2,3.0,md,guc
2006-04-15,08:23:47,-71.0,-34.05,73.4,2.8,md,guc
2006-04-15,09:47:28,-71.56,-28.8,23.9,3.1,ml,guc
2006-04-15,10:03:14,-66.66,-24.03,186.8,3.4,mb,us
2006-04-15,14:42:14,-71.75,-30.98,38.5,5.2,mwc,hrv
2006-04-15,14:59:29,-71.93,-31.0,19.0,3.3,ml,guc
2006-04-15,15:52:38,-72.02,-32.69,39.3,3.5,md,guc
2006-04-15,23:50:03,-72.28,-14.89,98.9,0.0,,us
2006-04-15,23:50:15,-72.0,-29.77,19.8,6.0,mwc,hrv
2006-04-16,02:31:55,-71.21,-27.99,47.2,3.9,md,guc
2006-04-16,03:03:23,-72.07,-29.65,35.6,3.7,md,guc
2006-04-16,03:43:21,-107.64,-35.21,10.0,4.2,mb,us
2006-04-16,06:07:13,-71.62,-31.98,30.8,2.5,ml,guc
2006-04-16,06:28:18,-71.91,-31.04,16.6,3.0,ml,guc
2006-04-16,07:40:29,-70.25,-31.69,146.7,2.8,md,guc
2006-04-16,09:53:18,-72.07,-29.68,25.0,3.8,ml,guc
2006-04-16,11:34:26,-68.4,-33.26,0.2,3.3,ml,guc
2006-04-16,16:41:58,-68.34,-21.19,136.0,4.7,mb,us
2006-04-16,17:33:02,-71.24,-31.03,63.7,3.3,md,guc
2006-04-17,05:18:42,-72.1,-29.58,30.8,4.5,mb,us
2006-04-17,05:38:31,-72.34,-34.27,31.9,2.5,ml,guc
2006-04-17,08:53:35,-71.85,-31.03,6.9,3.6,ml,guc
2006-04-17,10:49:12,-70.74,-26.26,47.0,4.1,md,guc
2006-04-17,14:03:53,-71.24,-35.73,109.2,3.6,md,guc
2006-04-17,16:30:03,-70.51,-32.44,94.7,2.7,md,guc
2006-04-17,17:26:06,-68.93,-33.12,10.0,3.1,ml,guc
2006-04-17,20:11:48,-71.73,-32.16,10.8,3.1,ml,guc
2006-04-17,20:35:00,-72.3,-34.53,31.4,4.9,mwc,hrv
2006-04-17,23:56:44,-68.25,-31.18,150.0,3.9,md,guc
2006-04-18,00:13:40,-71.14,-28.9,47.0,4.0,md,guc
2006-04-18,00:17:20,-70.86,-32.76,71.8,3.3,md,guc
2006-04-18,01:49:08,-70.47,-34.37,103.4,4.1,md,guc
2006-04-18,11:31:33,-68.35,-21.7,116.0,3.9,md,guc
2006-04-18,13:35:48,-71.17,-27.92,21.7,4.1,ml,guc
2006-04-18,16:20:30,-69.94,-32.03,117.9,3.2,md,guc
2006-04-19,00:29:54,-67.04,-23.93,210.0,3.7,mb,us
2006-04-19,01:39:18,-72.84,-32.58,25.9,2.8,ml,guc
2006-04-19,03:30:14,-71.68,-31.65,32.9,3.7,ml,guc
2006-04-19,04:27:00,-68.82,-27.85,125.4,3.4,md,guc
2006-04-19,04:46:18,-68.76,-22.32,111.5,4.0,mb,us
2006-04-19,06:44:05,-71.12,-33.02,58.3,3.4,md,guc
2006-04-19,07:06:15,-71.89,-29.62,43.9,4.3,md,guc
2006-04-19,10:50:40,-70.97,-34.25,81.8,3.8,md,guc
2006-04-19,13:03:45,-70.47,-17.56,103.5,4.5,mb,us
2006-04-19,17:49:05,-71.22,-27.07,13.9,5.6,mwc,hrv
2006-04-19,17:52:23,-71.27,-26.83,26.6,4.6,mb,us
2006-04-19,17:52:52,-70.99,-26.94,10.0,5.1,mb,us
2006-04-19,17:58:16,-71.14,-26.89,38.0,4.0,mb,us
2006-04-19,18:52:27,-71.2,-27.1,21.3,3.1,ml,guc
2006-04-19,19:04:36,-71.21,-27.09,15.9,4.0,ml,guc
2006-04-19,19:05:29,-71.27,-36.24,128.3,0.0,,us
2006-04-19,19:12:53,-71.21,-27.1,15.0,2.9,ml,guc
2006-04-19,19:25:36,-71.22,-27.1,15.0,3.4,ml,guc
2006-04-19,19:56:14,-71.24,-27.11,11.1,3.6,ml,guc
2006-04-19,20:34:26,-71.19,-27.12,12.6,4.1,mb,us
2006-04-19,20:38:58,-71.13,-27.1,30.2,3.4,ml,guc
2006-04-19,21:02:56,-71.1,-27.1,31.5,3.3,ml,guc
2006-04-19,21:37:54,-71.21,-27.1,13.4,3.6,ml,guc
2006-04-19,23:10:23,-71.16,-27.05,27.7,3.4,ml,guc
2006-04-19,23:31:42,-71.25,-27.08,9.8,3.7,ml,guc
2006-04-20,03:39:48,-71.63,-32.71,51.6,4.3,md,guc
2006-04-20,06:52:05,-65.72,-16.97,54.9,0.0,,us
2006-04-20,07:14:06,-70.49,-34.95,0.0,3.2,md,guc
2006-04-20,12:09:46,-71.25,-27.1,4.3,3.5,ml,guc
2006-04-20,14:41:45,-112.25,-23.27,10.0,4.1,mb,us
2006-04-20,15:44:43,-71.11,-29.55,54.5,3.6,md,guc
2006-04-20,16:25:19,-68.4,-34.08,13.5,3.0,ml,guc
2006-04-20,17:59:02,-71.72,-32.13,32.5,3.1,ml,guc
2006-04-20,19:12:26,-71.96,-31.04,25.2,3.0,ml,guc
2006-04-20,23:24:16,-70.59,-33.84,94.3,3.0,md,guc
2006-04-21,00:14:38,-67.39,-24.37,200.0,4.5,mb,us
2006-04-21,01:48:15,-71.19,-27.14,11.3,3.5,ml,guc
2006-04-21,10:22:28,-71.16,-27.86,48.0,0.0,,us
2006-04-21,10:36:39,-71.01,-28.39,33.3,3.5,ml,guc
2006-04-21,13:33:15,-71.99,-29.48,42.6,0.0,,us
2006-04-21,16:28:00,-71.21,-27.16,14.7,3.7,ml,guc
2006-04-21,19:07:45,-70.04,-32.74,110.1,3.8,md,guc
2006-04-21,22:43:54,-71.18,-27.09,28.0,3.7,ml,guc
2006-04-22,02:01:26,-70.51,-34.48,117.0,2.5,md,guc
2006-04-22,05:19:29,-71.22,-27.1,15.0,4.7,mb,us
2006-04-22,10:47:27,-71.23,-32.06,65.9,2.6,md,guc
2006-04-22,16:03:21,-71.17,-27.26,15.0,4.3,ml,guc
2006-04-22,16:25:04,-69.9,-32.19,115.0,2.5,md,guc
2006-04-22,16:32:44,-72.18,-11.92,28.4,4.4,mb,us
2006-04-22,19:27:26,-66.59,-27.94,154.5,4.6,mb,us
2006-04-22,20:10:29,-71.87,-32.47,24.6,2.7,ml,guc
2006-04-22,20:12:15,-68.43,-21.41,90.6,0.0,,us
2006-04-22,20:57:30,-66.7,-24.09,193.8,3.5,mb,us
2006-04-23,00:11:20,-70.94,-27.06,35.0,4.6,mb,us
2006-04-23,04:53:09,-70.63,-34.99,124.2,3.3,md,guc
2006-04-23,05:14:26,-71.88,-39.6,70.0,3.9,mb,us
2006-04-23,05:49:56,-71.7,-32.65,26.1,3.2,ml,guc
2006-04-23,06:46:08,-67.15,-24.22,153.7,4.4,mb,us
2006-04-23,08:16:29,-71.32,-27.06,9.5,3.1,ml,guc
2006-04-23,10:05:43,-68.57,-31.86,150.0,3.7,md,guc
2006-04-23,11:41:42,-71.37,-27.05,15.6,4.1,ml,guc
2006-04-23,12:31:56,-71.17,-27.16,22.3,3.6,ml,guc
2006-04-23,22:50:08,-71.32,-27.02,31.1,3.6,ml,guc
2006-04-24,15:41:30,-71.45,-30.17,66.0,3.7,md,guc
2006-04-24,16:03:26,-71.07,-28.43,58.7,3.1,md,guc
2006-04-24,17:34:59,-71.12,-32.41,64.7,3.7,md,guc
2006-04-24,19:44:27,-66.86,-24.15,195.7,3.8,mb,us
2006-04-24,20:37:18,-66.74,-24.0,195.4,4.0,md,guc
2006-04-25,01:18:21,-70.28,-34.61,16.2,2.6,ml,guc
2006-04-25,05:23:31,-71.38,-27.12,5.0,5.0,mwc,hrv
2006-04-25,06:34:48,-71.13,-27.2,25.2,3.6,ml,guc
2006-04-25,07:24:14,-70.96,-27.04,32.4,4.8,mwc,hrv
2006-04-25,07:37:12,-71.2,-33.28,59.9,3.2,md,guc
2006-04-25,11:49:10,-71.23,-27.19,14.7,3.5,ml,guc
2006-04-25,12:26:27,-71.72,-32.92,38.0,3.4,md,guc
2006-04-25,14:41:21,-71.12,-32.41,62.1,3.7,md,guc
2006-04-25,16:14:20,-71.32,-28.3,15.0,3.3,ml,guc
2006-04-25,16:51:40,-70.9,-32.68,67.8,2.9,md,guc
2006-04-25,16:57:46,-70.67,-27.2,32.8,3.4,ml,guc
2006-04-25,18:07:11,-71.01,-27.14,35.8,4.5,mb,us
2006-04-25,18:59:26,-71.14,-27.07,25.0,3.8,ml,guc
2006-04-25,19:37:07,-70.1,-33.49,100.1,2.9,md,guc
2006-04-25,20:05:06,-71.12,-26.95,26.3,4.1,mb,us
2006-04-25,21:04:49,-70.68,-27.18,33.2,4.4,mb,us
2006-04-26,03:12:38,-68.74,-20.75,110.3,4.1,mb,us
2006-04-26,04:28:16,-70.72,-26.13,40.9,4.7,mb,us
2006-04-26,06:16:06,-71.32,-31.04,61.8,3.6,md,guc
2006-04-26,16:00:48,-70.47,-33.57,93.4,3.3,md,guc
2006-04-26,18:21:38,-68.04,-22.51,102.6,4.2,mb,us
2006-04-26,23:39:01,-72.45,-33.38,25.7,3.0,ml,guc
2006-04-27,03:05:16,-69.44,-31.3,147.9,3.7,md,guc
2006-04-27,07:24:24,-69.22,-32.79,9.1,3.8,ml,guc
2006-04-27,11:52:25,-71.06,-27.13,35.4,3.9,md,guc
2006-04-27,12:14:43,-70.6,-27.18,26.5,3.6,ml,guc
2006-04-27,13:25:32,-71.0,-26.25,43.3,3.8,md,guc
2006-04-27,16:35:23,-105.61,-25.33,10.0,4.8,mwc,hrv
2006-04-28,01:30:10,-70.98,-27.05,29.2,3.3,ml,guc
2006-04-28,02:17:28,-69.77,-31.68,129.4,3.1,md,guc
2006-04-28,02:56:55,-71.24,-27.02,2.7,3.4,ml,guc
2006-04-28,03:20:48,-69.98,-24.68,75.6,0.0,,us
2006-04-28,03:39:50,-71.28,-27.12,15.0,2.7,ml,guc
2006-04-28,05:46:27,-71.83,-34.21,38.8,3.2,md,guc
2006-04-28,10:10:35,-67.4,-22.72,148.1,4.5,mb,us
2006-04-28,13:49:56,-70.43,-33.01,110.7,2.5,md,guc
2006-04-28,14:00:27,-71.18,-34.86,97.0,3.4,md,guc
2006-04-28,16:53:05,-71.57,-27.21,39.4,3.9,md,guc
2006-04-28,18:21:55,-76.25,-45.69,10.0,5.3,mwc,hrv
2006-04-28,19:47:23,-71.46,-27.22,21.4,3.0,ml,guc
2006-04-28,22:06:37,-71.07,-27.19,35.0,3.6,ml,guc
2006-04-28,22:46:57,-71.33,-27.2,10.0,3.2,ml,guc
2006-04-29,03:19:08,-71.17,-35.44,129.7,2.5,md,guc
2006-04-29,03:56:07,-105.59,-25.3,10.0,4.4,mb,us
2006-04-29,05:13:38,-71.23,-27.03,39.9,4.1,md,guc
2006-04-29,05:51:30,-71.33,-27.25,10.0,3.6,ml,guc
2006-04-29,08:05:39,-71.44,-27.16,4.8,4.1,ml,guc
2006-04-29,09:25:08,-71.33,-27.28,17.7,3.9,ml,guc
2006-04-29,09:46:44,-71.29,-27.27,19.9,3.7,ml,guc
2006-04-29,09:54:59,-71.35,-27.12,30.7,4.3,ml,guc
2006-04-29,10:16:20,-71.07,-32.49,63.5,2.5,md,guc
2006-04-29,10:23:24,-71.36,-27.22,21.7,4.1,ml,guc
2006-04-29,10:25:11,-72.47,-32.55,41.7,3.7,md,guc
2006-04-29,14:06:23,-71.31,-31.86,43.5,4.4,mb,us
2006-04-29,16:39:43,-71.91,-29.45,17.0,3.5,ml,guc
2006-04-29,17:30:54,-71.28,-27.17,45.5,3.7,md,guc
2006-04-29,18:35:19,-71.47,-27.04,39.6,4.0,md,guc
2006-04-29,23:54:55,-112.16,-22.92,10.0,4.4,mb,us
2006-04-30,01:17:31,-71.25,-29.92,23.2,3.7,ml,guc
2006-04-30,05:49:24,-72.62,-33.96,36.1,3.3,md,guc
2006-04-30,07:28:47,-75.02,-12.2,93.9,0.0,,us
2006-04-30,10:31:19,-71.26,-27.09,21.5,5.3,mwc,hrv
2006-04-30,11:01:23,-71.21,-27.09,11.9,3.3,ml,guc
2006-04-30,11:13:57,-71.27,-27.1,8.7,5.3,mwc,hrv
2006-04-30,12:11:45,-71.32,-35.54,94.0,4.4,mb,us
2006-04-30,15:36:24,-71.33,-27.22,3.9,2.9,ml,guc
2006-04-30,17:02:30,-70.97,-34.97,99.7,2.8,md,guc
2006-04-30,18:18:21,-71.28,-27.11,3.8,3.2,ml,guc
2006-04-30,18:38:09,-71.32,-27.27,6.2,3.7,ml,guc
2006-04-30,19:17:15,-71.02,-27.02,12.0,6.7,mwb,us
2006-04-30,19:21:07,-71.05,-27.06,17.3,5.1,mb,us
2006-04-30,19:26:14,-71.03,-27.02,10.0,5.2,mb,us
2006-04-30,19:37:49,-71.16,-27.03,32.5,4.3,mb,us
2006-04-30,19:50:31,-71.16,-27.04,10.0,0.0,,us
2006-04-30,19:54:12,-71.16,-27.17,13.8,4.4,mb,us
2006-04-30,19:59:28,-71.41,-27.11,26.6,3.6,ml,guc
2006-04-30,20:09:27,-71.14,-27.07,48.4,5.2,mb,us
2006-04-30,20:12:19,-71.24,-27.28,19.8,5.7,mwc,hrv
2006-04-30,20:24:15,-71.24,-26.97,10.0,4.2,mb,us
2006-04-30,20:24:46,-70.8,-26.87,39.5,3.9,mb,us
2006-04-30,20:25:56,-71.24,-27.2,6.6,5.0,mb,us
2006-04-30,20:42:17,-71.2,-27.12,27.2,4.4,ml,guc
2006-04-30,20:48:50,-71.16,-27.18,12.9,4.1,mb,us
2006-04-30,20:56:43,-71.1,-27.15,29.1,4.1,ml,guc
2006-04-30,20:59:32,-71.26,-27.18,30.5,3.9,ml,guc
2006-04-30,21:02:08,-71.17,-27.26,12.9,3.3,ml,guc
2006-04-30,21:14:26,-71.17,-27.17,16.0,3.2,ml,guc
2006-04-30,21:25:21,-71.11,-27.08,33.6,5.8,mwc,hrv
2006-04-30,21:32:55,-71.22,-27.22,35.0,5.9,mwc,hrv
2006-04-30,21:38:01,-71.31,-27.03,22.9,4.3,mb,us
2006-04-30,21:40:58,-71.06,-27.21,12.0,6.5,mwc,hrv
2006-04-30,21:46:18,-71.34,-26.81,35.0,4.5,mb,us
2006-04-30,21:52:38,-71.62,-27.05,10.0,4.2,mb,us
2006-04-30,21:59:52,-70.99,-27.15,30.5,5.3,mb,us
2006-04-30,22:01:38,-71.36,-27.26,39.5,4.1,mb,us
2006-04-30,22:10:08,-71.12,-27.3,37.2,3.7,ml,guc
2006-04-30,22:14:04,-71.29,-27.07,0.1,4.1,ml,guc
2006-04-30,22:45:37,-71.21,-27.11,11.2,4.1,mb,us
2006-04-30,22:55:53,-71.18,-27.09,30.4,4.8,mb,us
2006-04-30,23:04:41,-71.2,-27.23,37.3,5.8,mwc,hrv
2006-04-30,23:24:08,-71.12,-27.31,13.9,4.3,ml,guc
2006-04-30,23:32:09,-71.21,-26.97,43.1,4.4,mb,us
2006-04-30,23:42:28,-71.22,-27.29,34.6,3.5,ml,guc
2006-05-01,00:08:32,-71.28,-27.07,38.5,3.7,m,guc
2006-05-01,00:16:57,-71.25,-27.29,45.4,3.0,m,guc
2006-05-01,00:20:54,-71.2,-27.18,43.5,3.5,mb,us
2006-05-01,00:34:32,-71.21,-27.28,15.5,3.6,ml,guc
2006-05-01,00:47:02,-71.3,-27.15,37.8,3.0,m,guc
2006-05-01,00:50:36,-71.52,-32.42,53.9,2.5,m,guc
2006-05-01,01:08:50,-71.29,-27.07,40.8,3.9,mb,us
2006-05-01,01:14:26,-71.14,-27.06,38.7,3.2,m,guc
2006-05-01,01:26:26,-71.26,-27.09,19.0,4.0,ml,guc
2006-05-01,01:35:49,-71.18,-27.26,16.0,5.4,mwc,hrv
2006-05-01,01:48:07,-71.24,-27.32,20.2,3.1,ml,guc
2006-05-01,02:46:25,-69.21,-31.04,10.0,3.9,ml,guc
2006-05-01,02:49:41,-70.95,-27.22,23.7,5.4,mwc,hrv
2006-05-01,02:55:06,-68.27,-21.59,125.4,0.0,,us
2006-05-01,03:02:14,-71.26,-27.49,11.6,3.6,ml,guc
2006-05-01,03:29:23,-71.26,-27.25,43.4,3.5,m,guc
2006-05-01,03:42:19,-71.36,-27.23,45.0,3.9,m,guc
2006-05-01,04:14:22,-71.04,-27.16,33.3,3.8,ml,guc
2006-05-01,04:26:47,-71.29,-26.91,10.0,4.0,mb,us
2006-05-01,04:42:06,-71.13,-26.93,38.5,3.9,m,guc
2006-05-01,04:46:02,-71.29,-27.18,37.9,3.5,m,guc
2006-05-01,05:45:54,-71.25,-27.28,15.0,3.4,ml,guc
2006-05-01,06:35:11,-71.28,-27.37,7.6,3.5,ml,guc
2006-05-01,06:38:48,-68.46,-22.16,106.7,4.4,mb,us
2006-05-01,07:32:44,-71.34,-27.33,6.0,4.4,ml,guc
2006-05-01,10:57:51,-71.3,-27.25,8.3,2.7,ml,guc
2006-05-01,10:59:26,-71.19,-27.35,3.3,2.6,ml,guc
2006-05-01,11:32:04,-75.39,-10.18,20.0,4.4,mb,us
2006-05-01,11:44:07,-71.37,-27.21,7.8,3.9,ml,guc
2006-05-01,12:05:44,-71.26,-27.28,8.1,2.8,ml,guc
2006-05-01,12:16:22,-71.51,-27.37,39.7,2.6,m,guc
2006-05-01,12:22:08,-62.28,-62.67,55.3,4.2,mb,us
2006-05-01,12:25:05,-71.16,-27.32,29.6,3.0,ml,guc
2006-05-01,12:26:09,-70.57,-33.5,88.5,2.5,m,guc
2006-05-01,12:32:56,-71.11,-27.33,25.8,2.7,ml,guc
2006-05-01,12:42:47,-71.4,-27.18,10.0,3.9,ml,guc
2006-05-01,12:47:20,-71.34,-27.25,15.0,2.7,ml,guc
2006-05-01,13:57:30,-71.09,-27.13,29.2,4.4,mb,us
2006-05-01,14:00:22,-71.31,-27.03,10.0,3.9,mb,us
2006-05-01,14:16:04,-71.32,-27.44,25.5,2.9,ml,guc
2006-05-01,15:01:08,-71.23,-27.22,15.1,3.1,ml,guc
2006-05-01,15:35:51,-71.25,-27.17,10.8,2.9,ml,guc
2006-05-01,15:41:24,-71.51,-27.23,15.1,2.7,ml,guc
2006-05-01,15:44:33,-71.17,-27.35,35.0,2.8,ml,guc
2006-05-01,15:56:59,-70.96,-26.88,32.8,4.3,mb,us
2006-05-01,17:39:24,-71.22,-27.2,45.0,3.4,m,guc
2006-05-01,17:47:10,-71.36,-27.15,44.2,3.2,m,guc
2006-05-01,19:19:57,-71.28,-27.17,40.5,3.4,m,guc
2006-05-01,20:06:19,-71.23,-27.31,14.8,2.6,ml,guc
2006-05-01,20:25:02,-71.3,-27.29,21.9,3.6,ml,guc
2006-05-01,21:10:41,-77.04,-6.16,110.8,4.6,mb,us
2006-05-01,21:18:03,-71.43,-27.61,27.2,3.0,ml,guc
2006-05-01,21:34:15,-67.12,-24.12,180.2,3.8,mb,us
2006-05-02,00:07:39,-71.32,-27.42,2.3,3.8,ml,guc
2006-05-02,01:09:37,-71.25,-27.27,9.4,4.0,ml,guc
2006-05-02,01:21:55,-71.35,-27.44,20.0,4.0,ml,guc
2006-05-02,01:39:19,-71.25,-27.32,13.7,2.8,ml,guc
2006-05-02,02:24:34,-71.25,-27.31,5.5,2.8,ml,guc
2006-05-02,02:47:50,-70.66,-27.3,23.7,2.7,ml,guc
2006-05-02,02:49:21,-71.36,-31.47,74.7,3.0,m,guc
2006-05-02,02:58:28,-71.28,-27.26,9.9,2.8,ml,guc
2006-05-02,03:52:19,-71.26,-27.09,15.0,3.3,ml,guc
2006-05-02,04:11:20,-71.21,-27.45,21.0,5.2,mwc,hrv
2006-05-02,05:34:01,-71.22,-27.17,9.3,4.4,mb,us
2006-05-02,06:32:40,-71.27,-27.3,24.6,3.9,ml,guc
2006-05-02,07:25:34,-71.01,-26.89,30.8,4.6,ml,guc
2006-05-02,09:05:06,-72.07,-29.63,32.0,3.6,ml,guc
2006-05-02,09:33:08,-71.53,-27.27,15.0,3.3,ml,guc
2006-05-02,09:54:47,-71.21,-27.44,8.0,4.0,ml,guc
2006-05-02,10:34:00,-71.09,-27.08,29.3,3.0,ml,guc
2006-05-02,10:53:11,-71.07,-27.08,32.7,3.3,ml,guc
2006-05-02,10:58:37,-71.09,-27.08,32.7,2.9,ml,guc
2006-05-02,12:10:38,-71.08,-27.51,21.8,4.2,ml,guc
2006-05-02,13:27:41,-71.31,-27.29,5.3,3.0,ml,guc
2006-05-02,13:42:40,-71.23,-27.51,22.2,5.3,mwc,hrv
2006-05-02,13:48:58,-71.17,-27.43,28.0,4.8,mb,us
2006-05-02,13:58:27,-71.68,-27.44,31.8,5.2,mwc,hrv
2006-05-02,14:10:13,-70.99,-27.27,32.1,4.3,mb,us
2006-05-02,14:26:26,-71.57,-27.53,29.4,3.3,ml,guc
2006-05-02,15:35:45,-71.47,-27.41,43.2,3.3,m,guc
2006-05-02,15:35:54,-70.08,-34.42,16.3,2.8,ml,guc
2006-05-02,17:56:58,-71.44,-27.27,18.4,3.8,ml,guc
2006-05-02,19:31:59,-71.39,-27.28,14.3,3.1,ml,guc
2006-05-02,19:44:42,-71.64,-32.2,24.8,2.6,ml,guc
2006-05-02,19:54:47,-71.19,-27.26,18.9,3.1,ml,guc
2006-05-02,20:39:31,-71.43,-27.45,13.1,3.8,ml,guc
2006-05-02,21:06:09,-71.06,-26.97,24.7,4.7,mb,us
2006-05-02,21:20:46,-71.27,-27.08,9.5,3.3,ml,guc
2006-05-02,23:03:25,-71.56,-27.58,18.8,3.7,ml,guc
2006-05-02,23:09:05,-71.66,-27.53,15.1,4.4,ml,guc
2006-05-02,23:45:02,-71.29,-27.31,14.9,2.7,ml,guc
2006-05-03,00:27:57,-71.42,-27.28,20.4,3.9,ml,guc
2006-05-03,01:28:35,-71.49,-27.53,39.5,3.2,mb,us
2006-05-03,01:41:43,-71.25,-27.31,21.2,3.7,ml,guc
2006-05-03,06:40:43,-71.23,-27.2,16.6,4.0,ml,guc
2006-05-03,10:57:02,-70.09,-34.43,16.3,2.6,ml,guc
2006-05-03,12:04:36,-70.81,-26.92,34.2,3.7,ml,guc
2006-05-03,14:46:08,-70.89,-26.51,35.0,3.9,ml,guc
2006-05-03,14:48:26,-71.6,-29.88,25.0,3.4,ml,guc
2006-05-03,15:22:58,-71.28,-27.25,10.4,3.3,ml,guc
2006-05-03,17:31:45,-71.24,-27.21,14.6,3.0,ml,guc
2006-05-03,17:39:13,-71.17,-27.23,19.2,4.8,mb,us
2006-05-03,18:24:10,-70.09,-31.7,144.5,3.1,m,guc
2006-05-03,19:13:58,-71.78,-32.7,9.6,2.7,ml,guc
2006-05-03,21:07:24,-70.9,-33.6,69.5,2.8,m,guc
2006-05-03,22:58:00,-68.48,-33.42,5.0,2.9,ml,guc
2006-05-04,01:31:43,-71.2,-27.22,19.4,4.1,ml,guc
2006-05-04,03:40:31,-71.2,-26.99,9.4,4.8,mb,us
2006-05-04,04:37:10,-71.32,-27.09,15.1,3.6,md,guc
2006-05-04,04:48:45,-72.25,-34.57,26.0,2.9,ml,guc
2006-05-04,04:51:43,-71.12,-27.1,25.8,4.1,ml,guc
2006-05-04,05:01:59,-71.72,-30.9,54.3,0.0,,us
2006-05-04,05:14:00,-71.63,-27.56,29.1,3.8,ml,guc
2006-05-04,06:00:49,-70.16,-31.82,116.6,3.2,m,guc
2006-05-04,10:01:30,-71.13,-27.29,33.6,3.2,ml,guc
2006-05-04,11:03:22,-71.32,-27.08,26.3,4.5,mb,us
2006-05-04,11:12:11,-71.16,-27.18,10.0,3.5,ml,guc
2006-05-04,11:48:33,-71.25,-27.02,7.9,3.9,ml,guc
2006-05-04,13:56:16,-70.29,-34.55,14.3,2.5,ml,guc
2006-05-04,15:45:03,-71.54,-32.57,46.9,3.5,m,guc
2006-05-04,16:34:36,-71.03,-26.78,30.9,3.9,ml,guc
2006-05-04,17:08:55,-70.05,-33.62,9.3,2.8,ml,guc
2006-05-04,21:40:19,-71.68,-32.11,35.0,2.7,ml,guc
2006-05-05,02:23:40,-71.48,-27.57,13.3,4.1,ml,guc
2006-05-05,03:26:23,-71.19,-27.1,25.0,3.8,ml,guc
2006-05-05,03:35:42,-70.06,-33.63,10.2,3.2,ml,guc
2006-05-05,06:33:07,-71.17,-27.26,35.0,4.6,ml,guc
2006-05-05,07:03:18,-71.51,-27.49,30.4,3.7,ml,guc
2006-05-05,07:12:27,-71.22,-27.08,28.1,4.0,ml,guc
2006-05-05,08:04:19,-71.17,-27.26,29.7,4.7,mb,us
2006-05-05,08:06:41,-71.19,-27.29,1.8,4.6,mb,us
2006-05-05,10:35:15,-68.65,-31.97,150.0,3.3,m,guc
2006-05-05,11:18:22,-71.25,-27.25,46.3,3.8,m,guc
2006-05-05,11:20:30,-71.17,-27.34,8.2,3.8,ml,guc
2006-05-05,11:50:31,-71.14,-26.89,39.0,3.8,mb,us
2006-05-05,12:27:47,-71.22,-28.28,48.6,4.0,mb,us
2006-05-05,12:51:14,-70.09,-34.41,17.2,3.2,ml,guc
2006-05-05,13:56:30,-71.54,-32.62,14.8,2.8,ml,guc
2006-05-05,14:23:36,-71.1,-25.11,31.5,4.4,mb,us
2006-05-05,15:25:04,-68.86,-31.37,150.0,3.4,m,guc
2006-05-05,18:55:45,-76.39,-12.8,60.9,4.1,mb,us
2006-05-05,18:56:43,-71.2,-27.16,19.6,3.3,ml,guc
2006-05-05,20:54:41,-68.88,-24.46,106.3,4.7,mb,us
2006-05-05,22:22:01,-70.09,-34.42,14.0,3.2,ml,guc
2006-05-05,22:31:29,-70.1,-34.41,13.5,3.1,ml,guc
2006-05-05,22:37:15,-70.09,-34.43,16.8,2.6,ml,guc
2006-05-06,01:50:56,-71.39,-31.99,42.3,2.7,m,guc
2006-05-06,06:06:49,-71.64,-27.25,15.0,3.8,ml,guc
2006-05-06,12:37:58,-71.51,-27.6,17.1,3.2,ml,guc
2006-05-06,14:39:32,-71.35,-27.45,10.0,4.7,mb,us
2006-05-06,16:59:35,-71.49,-27.5,6.4,3.8,ml,guc
2006-05-06,17:00:55,-71.54,-27.4,40.1,4.0,m,guc
2006-05-07,00:13:39,-67.04,-27.37,130.6,3.7,mb,us
2006-05-07,02:00:21,-71.26,-28.28,15.0,3.6,ml,guc
2006-05-07,08:15:26,-69.84,-32.08,126.3,2.9,m,guc
2006-05-07,08:37:20,-71.61,-35.92,101.3,2.7,m,guc
2006-05-07,09:47:29,-71.34,-29.9,45.2,3.5,m,guc
2006-05-07,10:47:11,-66.98,-24.2,177.4,3.7,mb,us
2006-05-07,13:35:35,-66.92,-24.23,170.5,3.8,mb,us
2006-05-07,13:44:12,-70.73,-27.34,29.1,2.9,ml,guc
2006-05-07,15:14:55,-70.42,-34.66,114.8,2.8,m,guc
2006-05-07,15:41:31,-70.0,-32.14,150.3,2.7,m,guc
2006-05-07,16:14:44,-70.92,-26.79,34.8,3.4,ml,guc
2006-05-07,18:53:14,-64.2,-30.2,34.1,3.9,mb,us
2006-05-07,19:16:38,-71.72,-32.62,9.1,2.9,ml,guc
2006-05-07,22:58:01,-66.14,-22.86,236.4,3.5,mb,us
2006-05-08,01:26:53,-76.26,-11.5,110.0,4.6,mb,us
2006-05-08,02:10:19,-71.45,-27.11,30.4,3.3,ml,guc
2006-05-08,03:14:13,-70.18,-29.3,128.2,3.7,m,guc
2006-05-08,04:21:10,-70.33,-32.26,107.5,3.0,m,guc
2006-05-08,04:50:37,-71.49,-31.02,45.9,3.8,m,guc
2006-05-08,04:53:35,-71.62,-30.0,36.4,3.8,m,guc
2006-05-08,05:56:08,-69.09,-31.44,149.2,3.5,mb,us
2006-05-08,06:10:36,-70.77,-36.04,163.4,3.0,m,guc
2006-05-08,06:45:12,-71.07,-27.3,36.5,3.9,m,guc
2006-05-08,09:07:54,-71.47,-32.37,46.4,2.5,m,guc
2006-05-08,14:42:17,-70.98,-32.34,76.8,2.7,m,guc
2006-05-08,15:24:02,-71.21,-27.18,18.3,3.6,ml,guc
2006-05-08,20:27:40,-71.01,-27.29,35.0,3.0,ml,guc
2006-05-08,22:21:17,-68.97,-31.53,150.0,3.2,m,guc
2006-05-09,00:40:20,-70.2,-34.7,11.3,2.7,ml,guc
2006-05-09,02:26:24,-70.3,-32.89,103.6,2.7,m,guc
2006-05-09,07:23:46,-71.32,-34.89,20.4,3.2,ml,guc
2006-05-09,07:27:50,-68.73,-31.27,150.0,4.2,mb,us
2006-05-09,08:25:40,-69.2,-17.55,150.2,4.2,mb,us
2006-05-09,09:02:27,-69.41,-32.44,125.8,5.0,mwc,hrv
2006-05-09,14:16:54,-69.2,-27.74,90.0,3.5,m,guc
2006-05-09,14:28:32,-67.06,-24.22,171.0,4.0,mb,us
2006-05-09,14:47:36,-71.25,-27.31,17.8,3.4,ml,guc
2006-05-09,15:02:03,-69.54,-16.69,177.9,4.4,mb,us
2006-05-09,16:04:35,-63.74,-22.22,35.0,0.0,,us
2006-05-09,16:21:47,-71.55,-30.96,30.9,2.7,ml,guc
2006-05-09,18:25:40,-70.98,-26.91,32.4,3.6,ml,guc
2006-05-09,19:22:03,-71.69,-30.64,51.0,3.4,m,guc
2006-05-10,00:24:08,-69.29,-24.47,90.0,3.1,m,guc
2006-05-10,04:41:18,-71.61,-36.97,8.5,4.0,ml,guc
2006-05-10,12:31:12,-71.13,-27.22,32.7,3.2,ml,guc
2006-05-10,16:18:09,-72.17,-34.44,47.0,4.3,md,guc
2006-05-10,20:00:13,-72.2,-34.68,13.4,2.9,ml,guc
2006-05-10,21:35:32,-69.12,-21.28,135.0,3.8,m,guc
2006-05-10,23:52:45,-68.17,-22.06,126.4,3.8,mb,us
2006-05-11,06:52:16,-70.52,-29.04,81.6,3.4,m,guc
2006-05-11,09:23:38,-70.11,-29.16,122.3,3.2,m,guc
2006-05-11,09:30:13,-71.23,-27.26,61.8,3.6,m,guc
2006-05-11,09:31:08,-68.39,-22.11,111.7,3.8,mb,us
2006-05-11,11:35:30,-71.07,-27.31,27.5,3.7,ml,guc
2006-05-11,11:51:45,-70.68,-26.9,31.7,3.5,ml,guc
2006-05-11,13:15:16,-70.77,-27.33,27.7,2.7,ml,guc
2006-05-11,13:49:00,-71.3,-27.47,32.1,5.5,mwc,hrv
2006-05-11,16:35:29,-71.34,-30.82,47.9,2.7,m,guc
2006-05-11,17:06:36,-71.47,-27.44,72.4,3.8,m,guc
2006-05-11,19:07:11,-71.46,-27.48,6.2,4.9,mwc,hrv
2006-05-12,03:45:33,-77.41,-11.72,53.3,4.2,mb,us
2006-05-12,05:33:10,-69.0,-21.66,83.2,4.1,mb,us
2006-05-12,06:34:00,-71.36,-27.26,6.8,4.1,ml,guc
2006-05-12,08:38:42,-69.23,-32.94,6.0,3.1,ml,guc
2006-05-12,09:17:54,-71.38,-32.02,40.5,3.0,m,guc
2006-05-12,11:30:15,-69.66,-17.43,144.2,4.3,mb,us
2006-05-12,15:35:16,-67.07,-21.68,176.9,3.7,mb,us
2006-05-12,15:37:31,-70.49,-25.49,41.7,4.1,m,guc
2006-05-12,17:29:54,-66.89,-24.58,74.7,4.0,m,guc
2006-05-12,18:47:02,-70.39,-34.46,125.0,2.6,m,guc
2006-05-12,19:33:09,-68.44,-23.58,17.8,3.6,ml,guc
2006-05-13,01:23:16,-66.82,-24.19,156.3,3.6,mb,us
2006-05-13,01:50:27,-70.32,-33.54,15.0,3.0,ml,guc
2006-05-13,03:47:36,-68.8,-19.12,131.6,4.3,mb,us
2006-05-13,09:42:58,-71.26,-18.53,63.6,4.6,mb,us
2006-05-13,10:08:23,-69.58,-32.02,137.7,3.0,m,guc
2006-05-13,14:47:08,-71.73,-32.7,15.3,2.7,ml,guc
2006-05-13,17:13:54,-76.18,-7.49,38.3,4.5,mb,us
2006-05-13,17:46:28,-67.18,-24.1,183.6,3.9,mb,us
2006-05-13,18:05:15,-72.37,-34.69,24.0,2.6,ml,guc
2006-05-13,21:40:29,-66.93,-24.19,164.0,3.9,mb,us
2006-05-13,22:56:41,-67.05,-24.21,176.2,4.5,mb,us
2006-05-14,00:08:51,-72.06,-32.96,18.6,2.6,ml,guc
2006-05-14,12:53:40,-66.79,-27.92,148.8,3.9,mb,us
2006-05-14,13:33:01,-71.44,-29.56,47.0,3.2,m,guc
2006-05-14,13:36:49,-70.27,-21.75,65.6,3.6,mb,us
2006-05-14,15:12:27,-72.39,-33.36,27.0,2.8,ml,guc
2006-05-14,17:05:04,-68.71,-21.07,109.1,5.2,mwc,hrv
2006-05-14,17:21:04,-66.4,-27.91,160.7,4.5,mb,us
2006-05-14,18:32:12,-71.09,-32.2,77.5,2.7,m,guc
2006-05-14,18:49:29,-75.38,-9.94,34.8,0.0,,us
2006-05-14,22:01:17,-66.65,-27.97,171.3,4.0,mb,us
2006-05-15,00:10:36,-71.04,-34.6,90.5,2.6,m,guc
2006-05-15,00:33:31,-69.03,-31.68,146.2,3.1,m,guc
2006-05-15,01:57:23,-67.46,-24.34,170.0,3.6,mb,us
2006-05-15,16:59:31,-71.07,-27.07,29.5,4.6,ml,guc
2006-05-15,17:22:05,-72.38,-36.08,41.1,4.0,m,guc
2006-05-15,18:34:03,-68.78,-20.0,116.5,4.0,mb,us
2006-05-15,22:42:40,-70.63,-31.91,92.4,2.8,m,guc
2006-05-15,23:02:12,-69.72,-32.52,117.2,2.7,m,guc
2006-05-16,01:21:01,-66.75,-27.96,16.2,4.2,md,guc
2006-05-16,03:13:40,-71.56,-29.44,33.9,2.5,ml,guc
2006-05-16,04:49:56,-68.71,-21.67,152.9,3.3,m,guc
2006-05-16,12:39:58,-67.18,-23.78,200.0,4.3,m,guc
2006-05-16,21:47:05,-69.59,-31.48,153.5,3.5,m,guc
2006-05-17,08:11:47,-71.16,-30.66,53.9,4.7,mb,us
2006-05-17,12:31:17,-70.04,-21.96,60.0,3.3,m,guc
2006-05-17,14:00:38,-68.0,-28.82,96.6,3.6,mb,us
2006-05-17,15:08:54,-71.29,-30.88,50.9,2.9,m,guc
2006-05-17,19:57:19,-71.2,-30.61,44.3,2.6,m,guc
2006-05-17,22:29:29,-71.72,-35.72,64.3,4.0,m,guc
2006-05-17,23:07:31,-69.97,-31.99,123.6,3.0,m,guc
2006-05-17,23:40:32,-67.56,-28.42,20.5,4.8,mb,us
2006-05-18,07:10:32,-71.11,-36.34,3.0,3.9,ml,guc
2006-05-18,14:33:20,-71.15,-30.48,55.3,3.2,m,guc
2006-05-18,18:26:20,-71.98,-32.43,10.0,5.0,mwc,hrv
2006-05-18,19:01:53,-71.87,-32.45,13.8,2.6,ml,guc
2006-05-18,19:48:26,-71.85,-32.45,25.0,2.7,ml,guc
2006-05-18,20:07:27,-71.86,-32.45,28.8,3.9,ml,guc
2006-05-18,20:43:59,-71.82,-32.47,26.8,2.5,ml,guc
2006-05-18,21:13:56,-71.88,-32.42,23.9,3.3,ml,guc
2006-05-18,21:30:10,-71.87,-32.46,12.9,3.1,ml,guc
2006-05-18,23:15:17,-71.87,-32.45,11.5,2.6,ml,guc
2006-05-19,00:22:45,-70.82,-28.32,49.8,4.1,mb,us
2006-05-19,04:06:44,-66.01,-22.61,245.2,3.2,mb,us
2006-05-19,04:20:04,-68.14,-21.91,121.7,3.6,mb,us
2006-05-19,14:59:23,-71.64,-30.81,37.4,3.7,m,guc
2006-05-19,16:40:48,-70.47,-34.36,117.7,2.5,m,guc
2006-05-19,17:53:47,-80.64,-4.47,47.0,4.4,mb,us
2006-05-19,23:43:29,-72.13,-33.1,42.0,2.8,m,guc
2006-05-19,23:53:04,-71.43,-30.19,37.7,2.5,m,guc
2006-05-20,01:57:32,-71.63,-27.74,27.4,3.4,ml,guc
2006-05-20,09:46:14,-67.6,-28.57,130.0,4.2,mb,us
2006-05-20,16:52:37,-69.04,-23.39,93.5,4.7,mb,us
2006-05-20,21:20:24,-66.14,-22.68,241.9,3.7,mb,us
2006-05-21,01:27:56,-71.35,-27.04,25.0,3.7,ml,guc
2006-05-21,05:11:39,-73.64,-37.32,22.5,5.2,mwc,hrv
2006-05-21,06:11:25,-71.33,-29.81,23.1,3.6,ml,guc
2006-05-21,06:30:18,-66.81,-24.16,175.1,4.6,mb,us
2006-05-21,07:36:30,-70.7,-27.63,35.6,3.6,m,guc
2006-05-21,07:46:31,-71.61,-29.78,26.8,4.2,mb,us
2006-05-21,08:19:52,-71.86,-32.12,24.7,3.4,ml,guc
2006-05-21,14:00:59,-72.6,-33.91,26.1,2.6,ml,guc
2006-05-21,23:58:31,-69.0,-20.23,111.5,3.9,mb,us
2006-05-22,00:00:18,-71.45,-35.51,100.8,2.7,md,guc
2006-05-22,01:54:20,-71.82,-32.56,15.0,2.6,ml,guc
2006-05-22,02:15:03,-68.6,-19.47,128.4,4.3,mb,us
2006-05-22,03:00:00,-75.27,-9.06,128.3,4.2,mb,us
2006-05-22,04:30:40,-71.65,-36.03,91.9,2.5,m,guc
2006-05-22,04:36:49,-68.44,-22.84,100.0,3.5,m,guc
2006-05-22,10:50:52,-71.6,-30.4,36.9,2.9,m,guc
2006-05-22,12:04:08,-71.95,-33.3,28.9,4.2,ml,guc
2006-05-22,12:32:10,-71.99,-34.08,39.9,3.5,md,guc
2006-05-22,17:03:16,-69.51,-31.65,125.0,3.2,m,guc
2006-05-22,17:26:30,-116.26,-49.21,10.0,4.4,mb,us
2006-05-22,18:01:19,-71.59,-31.31,29.4,3.0,ml,guc
2006-05-22,18:58:35,-116.24,-49.35,10.0,4.5,mb,us
2006-05-22,20:28:30,-69.7,-28.11,107.6,3.5,m,guc
2006-05-22,20:39:09,-71.49,-28.38,10.0,4.5,ml,guc
2006-05-22,22:07:08,-70.25,-34.83,143.1,2.8,m,guc
2006-05-23,00:02:20,-66.69,-23.91,196.6,3.6,mb,us
2006-05-23,02:17:11,-71.62,-20.82,35.0,3.7,mb,us
2006-05-23,02:40:31,-71.09,-27.03,29.5,4.9,mwc,hrv
2006-05-23,02:58:30,-71.34,-27.25,11.8,3.6,ml,guc
2006-05-23,04:39:32,-71.16,-35.0,90.4,2.6,m,guc
2006-05-23,05:00:18,-71.83,-30.96,25.3,2.8,ml,guc
2006-05-23,07:05:06,-69.11,-33.89,150.0,3.3,m,guc
2006-05-23,07:10:32,-70.99,-31.82,83.6,2.5,m,guc
2006-05-23,10:28:57,-69.68,-31.82,130.2,3.3,m,guc
2006-05-23,10:50:39,-71.46,-31.99,35.3,3.6,ml,guc
2006-05-23,11:03:01,-70.69,-31.43,92.0,2.9,m,guc
2006-05-23,12:49:20,-70.05,-34.11,2.0,2.9,ml,guc
2006-05-23,18:19:11,-71.31,-27.18,43.3,3.8,m,guc
2006-05-23,20:07:02,-71.05,-32.64,15.6,2.6,ml,guc
2006-05-23,22:52:08,-71.65,-30.95,13.6,2.7,ml,guc
2006-05-24,00:32:33,-112.79,-27.56,10.0,5.6,mwb,us
2006-05-24,00:50:03,-111.76,-31.62,10.0,5.0,mwc,hrv
2006-05-24,01:45:07,-71.29,-35.52,102.5,3.0,md,guc
2006-05-24,06:23:25,-111.84,-31.83,10.0,5.0,mwc,hrv
2006-05-24,06:59:35,-70.62,-27.86,57.6,3.6,m,guc
2006-05-24,07:58:25,-68.11,-21.77,130.0,4.4,mb,us
2006-05-24,19:52:46,-74.72,-6.24,47.1,4.5,mb,us
2006-05-24,23:33:22,-66.56,-31.56,33.0,4.2,md,guc
2006-05-24,23:58:40,-71.35,-29.66,68.3,4.0,mb,us
2006-05-25,00:40:20,-69.73,-32.31,133.6,3.3,m,guc
2006-05-25,02:39:30,-66.12,-22.66,245.5,3.8,mb,us
2006-05-25,02:48:28,-72.17,-14.4,118.7,4.1,mb,us
2006-05-25,03:04:56,-66.78,-24.21,176.0,3.5,mb,us
2006-05-25,10:18:33,-71.17,-30.38,71.9,3.3,m,guc
2006-05-25,11:14:41,-71.02,-34.96,102.8,3.3,m,guc
2006-05-25,11:52:41,-70.94,-32.81,70.9,2.8,md,guc
2006-05-25,15:23:16,-70.21,-31.72,128.3,3.6,m,guc
2006-05-25,15:39:20,-71.27,-27.27,30.0,4.1,ml,guc
2006-05-25,18:02:00,-71.19,-18.37,68.6,3.9,mb,us
2006-05-25,18:17:15,-71.15,-27.09,16.9,4.0,ml,guc
2006-05-25,20:12:13,-71.06,-18.48,86.5,3.7,mb,us
2006-05-25,20:27:35,-68.61,-21.05,98.7,3.9,mb,us
2006-05-25,20:48:05,-71.16,-18.14,34.8,5.6,mwb,us
2006-05-25,22:17:33,-71.39,-18.44,74.3,3.9,mb,us
2006-05-26,01:41:09,-71.65,-31.43,8.3,2.5,ml,guc
2006-05-26,01:51:22,-70.03,-32.06,116.3,4.0,mb,us
2006-05-26,01:57:28,-77.89,-11.99,35.0,4.3,mb,us
2006-05-26,04:30:29,-70.23,-31.86,128.3,2.9,m,guc
2006-05-26,04:30:46,-69.55,-18.81,103.2,4.1,mb,us
2006-05-26,04:58:31,-72.58,-35.49,29.1,3.1,ml,guc
2006-05-26,05:07:25,-72.62,-35.42,40.4,3.1,m,guc
2006-05-26,05:15:27,-72.63,-35.47,26.9,3.8,ml,guc
2006-05-26,05:47:50,-70.67,-26.12,47.6,3.1,m,guc
2006-05-26,18:42:33,-71.78,-32.66,31.9,3.9,ml,guc
2006-05-26,21:47:01,-71.33,-27.3,5.8,3.2,ml,guc
2006-05-27,04:35:21,-67.25,-26.52,24.4,0.0,,us
2006-05-27,09:00:26,-71.58,-32.63,31.2,2.5,ml,guc
2006-05-27,10:24:06,-70.57,-33.07,91.2,2.8,m,guc
2006-05-27,13:45:51,-71.44,-30.47,50.5,3.8,m,guc
2006-05-27,22:24:10,-68.39,-31.99,119.6,4.7,mb,us
2006-05-27,23:06:42,-68.88,-20.04,116.9,0.0,,us
2006-05-28,00:12:05,-71.72,-32.58,27.9,2.6,ml,guc
2006-05-28,01:23:36,-63.83,-22.86,539.2,4.4,mb,us
2006-05-28,14:10:00,-68.32,-21.23,108.8,0.0,,us
2006-05-28,14:45:23,-67.11,-24.25,161.9,4.0,mb,us
2006-05-28,16:07:54,-68.9,-20.01,112.4,3.8,mb,us
2006-05-28,17:59:11,-66.8,-24.2,117.3,0.0,,us
2006-05-29,03:22:47,-63.25,-18.41,35.0,4.4,mb,us
2006-05-29,03:53:26,-71.18,-26.94,45.0,3.8,mb,us
2006-05-29,13:39:42,-76.17,-46.02,10.0,4.4,mb,us
2006-05-29,16:24:08,-69.93,-32.68,111.3,2.8,m,guc
2006-05-29,17:26:37,-71.11,-27.35,23.3,3.5,ml,guc
2006-05-29,17:43:48,-70.71,-33.9,82.5,2.5,m,guc
2006-05-29,18:56:21,-75.09,-46.35,10.0,4.5,mb,us
2006-05-29,22:19:51,-75.85,-45.84,10.0,4.8,mwc,hrv
2006-05-29,22:43:11,-70.95,-32.21,90.4,3.0,m,guc
2006-05-29,22:54:46,-69.48,-31.54,134.2,2.8,m,guc
2006-05-30,00:43:12,-70.27,-33.1,104.1,2.9,m,guc
2006-05-30,02:50:10,-75.52,-45.76,36.3,5.7,mwc,hrv
2006-05-30,03:09:00,-68.25,-21.16,95.3,0.0,,us
2006-05-30,03:31:56,-68.13,-30.55,133.9,4.0,mb,us
2006-05-30,05:03:13,-71.45,-27.55,5.6,3.2,ml,guc
2006-05-30,05:33:40,-69.37,-17.55,152.9,3.8,mb,us
2006-05-30,08:49:58,-70.81,-34.24,97.7,3.2,m,guc
2006-05-30,10:23:02,-70.85,-16.65,115.3,5.2,mwc,hrv
2006-05-30,15:44:37,-71.41,-27.24,7.7,3.0,ml,guc
2006-05-30,16:00:35,-71.12,-30.5,55.8,2.9,m,guc
2006-05-30,21:22:46,-67.41,-24.09,256.2,3.7,mb,us
2006-05-30,23:32:35,-71.79,-32.11,29.3,4.2,mb,us
2006-05-31,07:04:27,-67.76,-21.27,150.5,4.2,mb,us
2006-05-31,11:29:03,-71.23,-35.31,107.4,2.6,m,guc
2006-05-31,13:00:08,-66.13,-22.93,265.8,4.6,mb,us
2006-05-31,18:53:36,-70.95,-31.54,109.0,3.7,m,guc
2006-05-31,22:42:30,-71.14,-31.45,55.4,2.7,m,guc
2006-06-01,01:47:31,-70.47,-34.69,19.9,3.3,ml,guc
2006-06-01,02:13:53,-69.45,-19.01,121.8,3.7,mb,us
2006-06-01,04:11:19,-79.85,-8.44,33.5,4.8,mb,us
2006-06-01,09:49:26,-72.22,-34.6,10.9,3.0,md,guc
2006-06-01,19:22:51,-72.05,-32.4,24.4,2.5,ml,guc
2006-06-01,20:09:34,-71.06,-32.67,5.1,3.3,md,guc
2006-06-01,20:55:11,-67.09,-24.22,172.3,4.2,mb,us
2006-06-01,22:14:04,-69.55,-17.2,168.5,3.4,mb,us
2006-06-01,23:07:21,-71.0,-27.66,21.9,3.1,ml,guc
2006-06-02,00:09:18,-70.35,-33.3,112.3,3.6,m,guc
2006-06-02,01:25:33,-71.71,-32.64,26.5,2.8,ml,guc
2006-06-02,09:02:48,-71.35,-28.86,39.0,3.2,m,guc
2006-06-02,10:41:52,-71.37,-27.14,7.4,2.8,ml,guc
2006-06-02,21:49:19,-67.24,-24.21,187.6,3.9,mb,us
2006-06-03,07:28:46,-69.51,-31.53,134.7,3.4,m,guc
2006-06-03,17:14:56,-68.17,-32.77,150.0,3.5,m,guc
2006-06-03,17:34:40,-71.61,-30.43,32.4,2.8,ml,guc
2006-06-03,18:48:33,-70.26,-34.04,2.3,2.8,md,guc
2006-06-03,19:49:18,-70.13,-33.12,0.0,3.4,md,guc
2006-06-03,20:29:13,-67.03,-24.24,167.2,4.5,mb,us
2006-06-04,03:15:34,-72.25,-34.38,32.0,2.9,ml,guc
2006-06-04,04:06:54,-69.83,-31.81,137.0,3.6,m,guc
2006-06-04,08:40:51,-69.62,-28.54,126.6,4.3,m,guc
2006-06-04,08:54:14,-66.67,-23.9,196.1,4.4,mb,us
2006-06-04,09:00:57,-69.1,-31.42,145.0,3.3,m,guc
2006-06-04,16:21:50,-68.91,-29.1,150.0,3.6,m,guc
2006-06-05,00:03:23,-71.29,-31.72,44.1,3.5,mb,us
2006-06-05,00:52:08,-68.11,-31.4,139.7,4.0,m,guc
2006-06-05,05:14:17,-70.74,-20.4,25.9,4.6,mb,us
2006-06-05,08:18:10,-70.14,-34.4,20.1,3.6,md,guc
2006-06-05,11:10:04,-69.45,-26.42,15.0,3.8,ml,guc
2006-06-05,17:12:36,-66.75,-23.92,147.6,0.0,,us
2006-06-05,23:50:10,-70.54,-34.97,16.1,3.0,md,guc
2006-06-06,05:07:08,-71.5,-30.1,40.8,4.2,m,guc
2006-06-06,05:10:07,-71.0,-27.39,35.0,4.1,mb,us
2006-06-06,06:45:58,-70.32,-33.95,106.5,3.0,m,guc
2006-06-06,10:59:47,-71.11,-34.92,95.9,3.4,m,guc
2006-06-06,13:57:49,-69.12,-20.79,88.8,5.0,mwc,hrv
2006-06-06,19:05:28,-69.99,-27.88,90.4,3.3,m,guc
2006-06-06,20:17:33,-71.0,-35.27,109.7,3.5,m,guc
2006-06-06,20:56:12,-68.65,-32.11,150.0,3.3,m,guc
2006-06-07,02:26:02,-73.73,-7.59,187.9,5.2,mwc,hrv
2006-06-07,07:24:54,-71.25,-27.3,23.6,3.9,ml,guc
2006-06-07,11:08:53,-69.31,-27.78,92.6,3.5,m,guc
2006-06-07,17:20:13,-68.65,-20.72,111.3,4.2,mb,us
2006-06-07,20:05:40,-71.1,-32.57,14.9,3.1,md,guc
2006-06-08,00:40:39,-70.06,-29.1,98.7,3.5,m,guc
2006-06-08,05:13:40,-72.04,-29.64,36.8,3.0,m,guc
2006-06-08,08:23:21,-71.71,-32.65,23.0,2.7,ml,guc
2006-06-08,09:55:50,-70.17,-34.47,0.7,2.8,md,guc
2006-06-08,14:19:25,-70.48,-26.09,55.9,3.5,m,guc
2006-06-08,16:00:22,-69.15,-31.46,151.9,4.0,mb,us
2006-06-08,18:58:04,-72.84,-30.88,34.5,3.8,ml,guc
2006-06-08,21:34:18,-69.61,-22.41,10.0,4.1,mb,us
2006-06-09,02:28:59,-67.07,-24.31,153.9,4.2,mb,us
2006-06-09,03:34:08,-71.14,-33.59,49.9,2.8,m,guc
2006-06-09,09:44:28,-71.19,-29.49,42.7,3.8,m,guc
2006-06-09,11:11:16,-71.16,-32.22,64.2,3.3,m,guc
2006-06-09,13:39:44,-69.42,-30.82,49.9,4.7,mb,us
2006-06-09,16:18:10,-71.03,-32.69,7.4,3.2,md,guc
2006-06-09,18:00:26,-70.33,-19.52,72.5,4.4,mb,us
2006-06-09,21:31:00,-71.4,-35.81,123.1,3.8,m,guc
2006-06-09,22:52:29,-71.92,-32.7,15.0,3.5,ml,guc
2006-06-09,23:09:08,-70.38,-19.55,65.9,0.0,,us
2006-06-09,23:10:45,-70.34,-33.02,105.8,2.6,m,guc
2006-06-10,01:58:01,-97.01,-36.29,10.0,4.8,mb,us
2006-06-10,13:38:38,-66.7,-19.51,253.8,4.0,mb,us
2006-06-10,13:40:45,-70.18,-33.43,118.8,2.5,m,guc
2006-06-10,14:32:06,-69.15,-31.44,150.0,3.9,m,guc
2006-06-10,16:51:05,-71.67,-32.79,30.7,4.0,ml,guc
2006-06-10,19:38:56,-70.05,-19.37,73.8,4.4,mb,us
2006-06-10,21:28:01,-68.12,-21.43,114.0,3.6,mb,us
2006-06-10,22:44:44,-70.69,-30.58,80.0,3.7,m,guc
2006-06-11,02:01:21,-69.89,-22.16,88.5,3.5,mb,us
2006-06-11,02:34:50,-70.96,-32.67,74.6,2.6,m,guc
2006-06-11,04:06:17,-71.65,-32.48,43.9,2.5,m,guc
2006-06-11,04:26:15,-71.72,-32.21,9.7,3.5,md,guc
2006-06-11,07:47:52,-66.73,-23.98,196.4,3.8,mb,us
2006-06-11,21:35:55,-77.34,-12.83,35.0,4.4,mb,us
2006-06-11,22:36:56,-71.87,-34.71,38.3,2.9,m,guc
2006-06-12,00:14:53,-118.03,-53.18,10.0,4.1,mb,us
2006-06-12,00:43:12,-117.75,-53.25,10.0,5.1,mwc,gcmt
2006-06-12,01:17:04,-73.42,-36.55,37.2,4.4,mb,us
2006-06-12,04:40:14,-74.08,-8.21,175.9,4.1,mb,us
2006-06-12,08:00:18,-73.74,-16.48,56.5,4.4,mb,us
2006-06-12,16:31:27,-72.52,-16.65,45.4,4.3,m,lim
2006-06-12,19:40:28,-71.29,-28.49,39.0,3.9,m,guc
2006-06-12,23:17:02,-71.81,-32.46,9.5,2.9,ml,guc
2006-06-13,01:47:52,-73.77,-15.92,52.3,4.1,mb,us
2006-06-13,14:53:57,-67.35,-28.39,116.7,4.6,mb,us
2006-06-13,15:36:23,-71.73,-32.8,15.0,2.5,ml,guc
2006-06-13,16:51:10,-70.47,-26.48,53.2,4.2,m,guc
2006-06-13,18:22:12,-70.56,-35.03,17.8,3.8,ml,guc
2006-06-14,07:16:37,-66.73,-23.47,216.7,3.8,mb,us
2006-06-14,08:30:01,-72.23,-28.31,40.1,3.2,m,guc
2006-06-14,09:34:34,-72.47,-36.78,70.7,2.9,m,guc
2006-06-14,19:26:12,-69.55,-28.15,107.0,3.9,m,guc
2006-06-14,23:25:25,-71.76,-31.94,15.1,3.1,ml,guc
2006-06-15,01:44:06,-67.5,-28.32,117.0,4.5,mb,us
2006-06-15,04:08:11,-70.2,-33.99,117.3,4.0,m,guc
2006-06-15,06:44:14,-70.24,-31.08,126.5,3.3,m,guc
2006-06-15,07:42:33,-73.04,-32.66,15.0,3.3,ml,guc
2006-06-15,08:20:58,-71.67,-35.84,74.1,3.9,m,guc
2006-06-15,12:01:31,-70.17,-31.61,133.0,2.9,m,guc
2006-06-15,14:29:01,-71.22,-27.09,21.0,4.4,ml,guc
2006-06-15,18:43:22,-70.25,-35.17,170.9,2.8,m,guc
2006-06-15,22:19:26,-69.98,-31.62,139.9,3.4,m,guc
2006-06-16,05:29:44,-69.15,-19.23,106.3,4.3,mb,us
2006-06-16,05:44:54,-72.27,-34.69,24.5,3.1,ml,guc
2006-06-16,14:39:18,-66.62,-24.05,190.3,4.0,mb,us
2006-06-16,18:33:23,-71.41,-30.38,45.8,4.1,m,guc
2006-06-16,21:37:40,-69.98,-31.78,154.3,3.7,m,guc
2006-06-16,22:23:59,-72.57,-35.44,31.1,3.3,ml,guc
2006-06-17,00:13:44,-75.76,-13.36,96.2,4.2,mb,us
2006-06-17,00:16:01,-71.29,-31.91,37.6,3.0,m,guc
2006-06-17,01:28:49,-72.04,-32.93,15.0,3.3,md,guc
2006-06-17,06:41:30,-70.56,-35.02,18.8,2.5,ml,guc
2006-06-17,09:54:03,-73.5,-14.52,103.7,4.7,mb,us
2006-06-17,15:51:20,-70.16,-27.41,100.1,3.8,m,guc
2006-06-18,03:45:06,-70.46,-34.31,107.6,4.1,mb,us
2006-06-18,04:39:28,-71.66,-30.88,10.5,3.3,ml,guc
2006-06-18,09:45:27,-67.65,-20.8,159.0,4.0,mb,us
2006-06-18,10:55:42,-71.24,-29.16,44.9,3.6,m,guc
2006-06-18,12:08:03,-71.19,-27.16,12.1,3.3,ml,guc
2006-06-18,12:10:30,-71.18,-27.17,23.7,3.2,ml,guc
2006-06-18,14:34:41,-70.93,-35.34,107.8,3.0,m,guc
2006-06-18,15:12:52,-69.86,-15.4,239.7,4.2,mb,us
2006-06-18,15:39:07,-71.22,-27.16,20.0,3.9,ml,guc
2006-06-18,16:35:33,-67.0,-31.62,150.0,4.3,m,guc
2006-06-18,16:39:29,-71.39,-35.66,101.1,3.1,m,guc
2006-06-18,17:48:31,-69.08,-27.69,118.2,3.6,m,guc
2006-06-18,18:23:15,-70.4,-33.82,100.2,2.9,m,guc
2006-06-18,18:33:34,-69.36,-29.62,102.9,4.6,mb,us
2006-06-18,19:39:56,-71.64,-33.45,47.1,3.3,md,guc
2006-06-18,20:08:19,-70.39,-33.54,107.3,2.7,m,guc
2006-06-18,21:47:33,-70.37,-28.81,95.6,3.8,m,guc
2006-06-18,22:05:29,-75.43,-41.27,39.6,4.4,mb,us
2006-06-19,04:52:14,-69.88,-32.25,141.9,2.8,m,guc
2006-06-19,05:31:46,-71.15,-28.62,41.6,2.8,m,guc
2006-06-19,05:57:02,-66.74,-22.93,191.3,3.8,mb,us
2006-06-19,07:29:16,-69.93,-31.99,152.1,2.8,m,guc
2006-06-19,12:31:12,-69.11,-32.55,9.4,3.3,ml,guc
2006-06-19,13:52:06,-71.83,-32.1,31.8,3.6,ml,guc
2006-06-19,13:53:18,-71.78,-32.12,34.0,3.5,ml,guc
2006-06-19,22:11:42,-68.97,-20.26,112.5,3.9,mb,us
2006-06-20,02:14:07,-71.64,-32.92,42.0,4.9,mb,us
2006-06-20,12:39:26,-71.17,-32.86,47.8,3.1,m,guc
2006-06-20,17:50:39,-71.79,-32.67,29.4,2.7,ml,guc
2006-06-20,18:15:37,-75.6,-14.23,45.5,4.5,mb,us
2006-06-20,22:05:14,-70.12,-33.34,113.9,2.6,m,guc
2006-06-21,01:23:06,-71.3,-31.82,43.6,2.9,m,guc
2006-06-21,03:01:26,-71.24,-32.77,47.0,2.7,m,guc
2006-06-21,08:50:45,-70.8,-28.13,60.5,4.4,m,guc
2006-06-21,14:54:38,-69.02,-20.32,92.6,4.5,mb,us
2006-06-21,18:50:07,-68.99,-29.16,3.9,3.7,ml,guc
2006-06-21,21:53:36,-71.6,-35.47,61.9,3.5,m,guc
2006-06-22,00:27:32,-71.12,-27.38,47.0,3.3,m,guc
2006-06-22,00:33:08,-70.87,-28.05,39.1,4.1,m,guc
2006-06-22,02:59:58,-69.0,-24.76,118.0,3.8,m,guc
2006-06-22,03:32:08,-70.41,-28.06,52.9,3.6,m,guc
2006-06-22,09:27:15,-74.29,-8.06,134.6,3.7,mb,us
2006-06-22,18:41:31,-69.97,-33.54,6.6,2.7,ml,guc
2006-06-22,21:43:54,-70.39,-36.13,206.3,3.3,m,guc
2006-06-23,03:57:27,-69.89,-34.35,17.4,3.4,ml,guc
2006-06-23,04:16:20,-71.79,-14.8,111.2,4.3,mb,us
2006-06-23,10:35:10,-69.94,-34.34,1.0,3.6,m,guc
2006-06-23,13:43:11,-71.2,-30.27,50.9,3.3,m,guc
2006-06-23,13:52:57,-67.25,-20.84,191.0,4.4,mb,us
2006-06-23,17:00:20,-66.7,-24.07,190.0,3.7,mb,us
2006-06-23,17:58:39,-70.41,-28.21,65.0,3.7,m,guc
2006-06-23,20:56:02,-70.77,-24.6,27.3,4.9,mwc,hrv
2006-06-23,22:42:52,-71.48,-14.8,109.3,4.6,mb,us
2006-06-23,23:59:59,-72.72,-31.37,77.7,3.2,mb,us
2006-06-24,02:48:03,-71.22,-35.1,108.2,2.9,m,guc
2006-06-24,02:52:00,-71.89,-31.83,25.8,2.8,ml,guc
2006-06-24,02:57:06,-71.93,-31.82,20.0,3.5,ml,guc
2006-06-24,03:08:07,-70.42,-35.06,12.9,2.6,ml,guc
2006-06-24,10:11:35,-72.14,-35.02,52.8,3.2,m,guc
2006-06-24,10:16:51,-71.54,-31.03,71.8,3.4,m,guc
2006-06-24,11:29:51,-69.26,-16.04,225.4,4.3,mb,us
2006-06-24,13:14:21,-71.25,-29.68,60.0,3.2,m,guc
2006-06-24,13:31:24,-68.56,-31.17,150.0,4.4,mb,us
2006-06-24,22:07:54,-69.01,-32.88,133.7,3.4,m,guc
2006-06-25,03:32:46,-73.0,-32.86,20.2,2.8,ml,guc
2006-06-25,04:15:19,-66.22,-22.96,222.9,4.5,mb,us
2006-06-25,08:19:56,-65.31,-27.08,41.3,0.0,,us
2006-06-25,09:22:52,-69.65,-31.82,142.0,3.1,m,guc
2006-06-25,11:37:12,-71.75,-36.08,97.4,3.3,m,guc
2006-06-25,16:27:29,-75.86,-46.69,10.0,4.3,mb,us
2006-06-25,16:48:20,-69.79,-27.96,82.9,3.1,m,guc
2006-06-25,17:50:57,-70.36,-34.81,141.7,2.7,m,guc
2006-06-25,19:19:48,-70.59,-33.22,92.7,2.5,m,guc
2006-06-25,22:22:33,-71.66,-32.92,35.8,2.8,ml,guc
2006-06-26,01:37:16,-68.98,-20.21,100.2,3.8,mb,us
2006-06-26,06:14:09,-66.85,-24.1,186.3,3.6,mb,us
2006-06-26,17:48:01,-68.03,-21.48,126.2,3.6,mb,us
2006-06-26,18:07:10,-71.39,-27.9,15.0,3.8,ml,guc
2006-06-26,18:43:49,-71.77,-32.15,13.0,2.8,ml,guc
2006-06-26,19:01:16,-70.4,-28.37,53.0,3.8,m,guc
2006-06-26,22:06:48,-71.4,-27.96,15.1,3.7,ml,guc
2006-06-27,00:00:36,-72.09,-34.09,45.5,3.2,md,guc
2006-06-27,00:36:02,-111.57,-31.95,10.0,4.9,mwc,hrv
2006-06-27,01:13:24,-71.75,-15.11,120.6,4.2,mb,us
2006-06-27,02:07:32,-68.69,-22.76,115.0,5.5,mwb,us
2006-06-27,02:18:31,-71.11,-33.67,63.7,2.7,m,guc
2006-06-27,08:15:06,-71.47,-31.74,21.9,3.8,ml,guc
2006-06-27,11:24:36,-68.52,-21.29,122.5,5.5,mwb,us
2006-06-27,15:53:19,-70.47,-15.32,201.2,5.3,mwc,hrv
2006-06-27,16:40:15,-71.31,-30.67,49.4,2.9,m,guc
2006-06-27,16:59:35,-73.51,-11.02,40.9,0.0,,us
2006-06-27,17:27:06,-70.72,-33.43,74.1,2.6,m,guc
2006-06-27,19:18:42,-69.2,-27.31,15.0,3.2,ml,guc
2006-06-27,22:19:40,-69.55,-31.28,135.0,3.0,m,guc
2006-06-28,09:27:14,-70.06,-33.62,9.5,2.9,ml,guc
2006-06-28,11:22:13,-70.4,-28.07,3.4,3.0,ml,guc
2006-06-28,20:17:09,-71.4,-31.6,42.8,2.9,m,guc
2006-06-29,00:10:38,-71.16,-37.01,158.7,4.0,mb,us
2006-06-29,04:47:46,-69.68,-18.75,145.6,3.9,mb,us
2006-06-29,19:51:22,-70.81,-32.49,78.6,2.7,m,guc
2006-06-29,22:10:17,-66.21,-22.97,225.4,4.4,mb,us
2006-06-29,22:40:39,-71.41,-30.98,58.7,3.3,m,guc
2006-06-29,23:27:13,-67.4,-24.11,187.7,3.9,mb,us
2006-06-30,05:01:17,-71.4,-31.98,60.8,2.5,m,guc
2006-06-30,07:01:49,-69.8,-34.45,13.9,2.6,ml,guc
2006-06-30,07:16:14,-70.7,-34.32,102.3,2.6,m,guc
2006-06-30,10:50:11,-68.03,-22.61,88.7,4.1,mb,us
2006-06-30,16:54:12,-71.54,-32.46,23.4,2.5,ml,guc
2006-06-30,17:03:34,-69.78,-32.36,130.5,2.7,m,guc
2006-06-30,17:34:09,-71.54,-32.17,32.2,3.0,ml,guc
2006-07-01,06:19:00,-70.93,-29.54,53.5,2.8,m,guc
2006-07-01,08:43:55,-69.16,-31.63,150.0,2.9,m,guc
2006-07-01,10:36:38,-66.81,-24.16,181.5,4.3,mb,us
2006-07-01,14:34:08,-72.01,-31.73,28.6,3.0,ml,guc
2006-07-01,15:13:39,-69.27,-31.78,136.5,3.6,m,guc
2006-07-01,15:51:52,-67.3,-24.34,220.0,3.8,mb,us
2006-07-01,22:40:23,-65.77,-27.44,10.0,0.0,,us
2006-07-02,01:24:12,-71.54,-29.32,47.4,3.5,m,guc
2006-07-02,12:36:18,-71.71,-29.45,43.8,3.7,m,guc
2006-07-02,16:39:06,-71.26,-27.92,36.6,2.9,ml,guc
2006-07-02,21:07:18,-70.51,-25.25,37.7,3.0,m,guc
2006-07-02,21:20:10,-70.57,-30.39,32.8,2.9,ml,guc
2006-07-02,21:43:12,-68.5,-20.62,116.2,3.9,mb,us
2006-07-02,22:22:16,-70.72,-35.54,123.5,3.0,m,guc
2006-07-03,06:46:42,-69.77,-31.94,129.9,4.2,mb,us
2006-07-03,07:23:56,-71.05,-34.94,107.3,3.5,m,guc
2006-07-03,07:41:56,-67.14,-28.71,130.4,4.8,mb,us
2006-07-03,08:22:30,-71.06,-30.51,56.3,3.3,m,guc
2006-07-03,08:29:30,-72.35,-34.58,30.2,2.5,ml,guc
2006-07-03,09:53:29,-67.91,-20.32,160.3,4.0,mb,us
2006-07-03,10:37:14,-69.79,-34.44,7.9,4.4,mb,us
2006-07-03,11:02:23,-69.8,-34.44,10.8,3.2,ml,guc
2006-07-03,14:22:03,-69.59,-34.5,10.0,2.7,ml,guc
2006-07-03,15:42:25,-71.18,-28.05,45.0,4.3,m,guc
2006-07-03,16:07:15,-66.51,-27.97,166.4,5.1,mwc,hrv
2006-07-03,17:32:55,-71.24,-27.16,11.1,3.5,ml,guc
2006-07-03,18:45:36,-115.5,-24.5,10.0,4.9,mwc,gcmt
2006-07-03,22:50:18,-70.5,-32.75,87.5,3.4,m,guc
2006-07-04,02:43:03,-70.86,-31.11,115.2,3.0,m,guc
2006-07-04,03:10:11,-69.33,-28.57,101.9,4.5,mb,us
2006-07-04,03:51:06,-68.87,-32.75,148.8,3.7,m,guc
2006-07-04,06:57:20,-71.34,-28.67,34.5,3.8,ml,guc
2006-07-04,11:28:30,-71.35,-33.81,51.1,3.5,m,guc
2006-07-04,15:40:54,-71.65,-32.92,36.4,2.8,ml,guc
2006-07-04,19:44:28,-66.68,-21.58,207.9,4.2,mb,us
2006-07-04,20:14:45,-72.02,-29.59,34.7,3.7,ml,guc
2006-07-04,23:05:47,-67.67,-28.07,130.0,4.5,m,guc
2006-07-05,03:51:36,-72.2,-15.53,146.1,4.3,mb,us
2006-07-05,07:19:00,-71.33,-27.24,20.4,3.7,ml,guc
2006-07-05,07:50:12,-71.29,-27.24,15.0,3.2,ml,guc
2006-07-05,08:45:03,-70.17,-15.68,219.7,4.3,mb,us
2006-07-05,14:13:58,-66.53,-21.44,234.7,4.7,mb,us
2006-07-06,16:07:04,-71.28,-28.66,35.7,3.4,ml,guc
2006-07-06,16:11:07,-70.35,-15.41,184.1,4.5,mb,us
2006-07-06,17:56:31,-71.22,-31.9,74.8,2.9,m,guc
2006-07-06,21:35:19,-70.53,-30.97,127.9,3.8,m,guc
2006-07-06,23:17:45,-70.54,-33.19,97.5,2.5,m,guc
2006-07-07,00:43:18,-70.56,-33.08,89.7,4.0,m,guc
2006-07-07,01:42:35,-71.22,-27.28,5.6,3.7,ml,guc
2006-07-07,08:04:59,-70.5,-31.83,114.5,3.3,m,guc
2006-07-07,12:21:32,-69.25,-22.98,98.9,4.2,mb,us
2006-07-07,12:40:35,-69.6,-27.6,106.4,3.4,m,guc
2006-07-07,12:58:52,-71.74,-32.27,9.7,2.8,ml,guc
2006-07-07,13:19:05,-73.13,-37.49,69.3,4.0,m,guc
2006-07-07,22:55:00,-74.08,-36.17,35.0,0.0,,us
2006-07-08,01:28:50,-63.36,-28.72,526.1,4.3,mb,us
2006-07-08,07:15:33,-66.89,-24.07,181.0,4.3,mb,us
2006-07-08,07:43:28,-71.53,-37.01,98.2,4.7,mb,us
2006-07-08,07:50:04,-69.34,-31.54,115.7,4.2,mb,us
2006-07-08,08:06:53,-69.44,-16.86,169.6,4.1,mb,us
2006-07-08,08:41:40,-67.25,-24.22,180.0,4.4,mb,us
2006-07-08,09:13:01,-67.39,-28.56,140.1,5.5,mwc,hrv
2006-07-08,15:39:00,-69.96,-33.53,3.6,2.5,ml,guc
2006-07-08,19:20:55,-71.44,-31.73,41.2,3.7,m,guc
2006-07-09,01:08:33,-69.53,-31.24,160.0,3.7,m,guc
2006-07-09,15:36:22,-71.08,-33.3,58.2,3.2,md,guc
2006-07-09,16:34:03,-73.77,-16.3,51.9,0.0,,us
2006-07-09,16:37:08,-70.62,-19.7,17.7,5.2,mwc,hrv
2006-07-09,17:02:05,-70.6,-19.8,29.3,4.2,mb,us
2006-07-09,17:04:46,-70.71,-19.74,10.0,4.7,mb,us
2006-07-09,17:33:29,-70.67,-19.94,60.7,0.0,,us
2006-07-09,17:47:29,-70.4,-19.96,73.3,0.0,,us
2006-07-09,17:50:11,-70.41,-19.83,79.6,0.0,,us
2006-07-09,18:28:07,-70.5,-17.6,76.7,4.4,mb,us
2006-07-09,19:45:32,-70.4,-19.85,75.0,4.1,mb,us
2006-07-09,20:05:42,-67.37,-24.38,205.0,4.3,m,guc
2006-07-09,20:18:18,-70.58,-19.76,33.5,4.2,mb,us
2006-07-09,20:39:18,-71.76,-30.83,15.0,3.7,ml,guc
2006-07-09,20:57:59,-67.57,-20.89,171.7,4.1,mb,us
2006-07-09,22:26:03,-68.84,-22.11,100.3,3.7,mb,us
2006-07-09,23:22:14,-70.55,-19.82,45.7,4.4,mb,us
2006-07-09,23:36:06,-71.22,-23.51,35.0,4.0,mb,us
2006-07-09,23:51:36,-70.7,-19.75,26.7,3.6,mb,us
2006-07-09,23:56:02,-70.4,-19.84,71.6,3.7,mb,us
2006-07-10,00:48:37,-71.12,-34.2,71.1,4.0,mb,us
2006-07-10,01:26:37,-67.02,-22.32,163.7,3.6,mb,us
2006-07-10,02:12:36,-71.34,-35.68,125.0,4.3,mb,us
2006-07-10,02:25:34,-70.89,-35.3,105.3,3.3,m,guc
2006-07-10,13:27:41,-70.44,-27.71,7.0,2.8,ml,guc
2006-07-10,20:38:59,-70.47,-35.05,18.0,3.6,md,guc
2006-07-11,03:05:09,-68.43,-22.75,92.6,4.6,mb,us
2006-07-11,13:32:10,-70.3,-32.62,99.2,2.5,m,guc
2006-07-11,15:46:06,-70.89,-34.22,79.0,2.5,m,guc
2006-07-11,20:16:18,-63.26,-19.05,21.6,4.6,mb,us
2006-07-11,21:49:05,-71.54,-30.07,45.4,4.1,m,guc
2006-07-11,23:39:32,-68.53,-31.48,108.1,3.7,mb,us
2006-07-12,04:31:47,-68.67,-20.84,110.0,4.2,mb,us
2006-07-12,05:04:45,-70.28,-33.28,100.0,3.1,m,guc
2006-07-12,07:15:32,-66.94,-24.22,177.6,4.0,mb,us
2006-07-12,08:47:30,-71.02,-28.17,43.2,3.8,m,guc
2006-07-12,08:56:18,-71.78,-33.13,29.3,2.8,ml,guc
2006-07-12,10:09:48,-72.18,-31.07,44.2,2.7,m,guc
2006-07-12,21:42:01,-71.7,-31.62,31.9,3.6,ml,guc
2006-07-12,22:40:02,-68.62,-22.95,120.0,3.8,m,guc
2006-07-12,23:03:02,-71.58,-34.9,64.5,3.3,m,guc
2006-07-13,02:15:08,-71.72,-32.49,11.7,3.1,ml,guc
2006-07-13,02:19:38,-70.42,-27.17,54.4,3.5,m,guc
2006-07-13,04:55:04,-70.55,-35.04,34.9,3.1,ml,guc
2006-07-13,06:01:15,-67.01,-24.18,200.0,3.9,m,guc
2006-07-13,09:49:27,-67.14,-24.13,200.0,3.5,mb,us
2006-07-13,10:27:52,-70.45,-28.38,93.6,3.7,m,guc
2006-07-13,10:36:04,-71.59,-32.61,25.0,3.7,ml,guc
2006-07-13,20:42:12,-74.59,-16.14,77.7,4.0,mb,us
2006-07-13,21:19:12,-70.93,-35.33,107.5,3.3,m,guc
2006-07-13,22:51:53,-73.38,-36.34,23.2,4.0,ml,guc
2006-07-13,23:13:55,-70.01,-32.11,118.0,3.4,m,guc
2006-07-14,05:15:30,-71.29,-27.27,25.2,3.7,ml,guc
2006-07-14,06:53:45,-66.89,-24.25,163.4,4.5,mb,us
2006-07-14,15:21:25,-70.6,-26.08,47.8,0.0,,us
2006-07-14,23:43:00,-71.18,-30.93,56.0,2.8,m,guc
2006-07-15,01:09:55,-70.9,-28.9,51.1,3.6,m,guc
2006-07-15,01:31:50,-69.71,-32.34,116.9,3.0,m,guc
2006-07-15,02:32:15,-71.44,-27.42,43.1,3.9,m,guc
2006-07-15,11:37:07,-73.11,-33.23,31.1,2.9,ml,guc
2006-07-15,14:34:27,-71.69,-30.83,65.8,4.5,mb,us
2006-07-15,19:20:01,-66.55,-24.2,179.2,0.0,,us
2006-07-16,11:42:41,-72.54,-28.72,10.0,6.2,mwb,us
2006-07-16,12:54:09,-72.45,-28.56,33.0,4.0,ml,guc
2006-07-16,14:31:22,-71.43,-35.56,109.6,3.1,m,guc
2006-07-16,14:58:37,-72.38,-28.63,35.0,4.1,mb,us
2006-07-16,16:28:06,-71.26,-28.73,34.2,3.6,ml,guc
2006-07-16,20:36:02,-70.24,-33.13,115.2,3.5,m,guc
2006-07-16,21:45:44,-72.29,-34.62,22.6,3.0,ml,guc
2006-07-16,22:09:15,-69.21,-20.83,110.2,3.5,mb,us
2006-07-16,22:47:19,-67.43,-24.19,137.5,4.1,mb,us
2006-07-16,23:02:56,-69.36,-31.46,159.3,3.8,mb,us
2006-07-16,23:20:37,-68.91,-20.14,98.6,4.9,mwc,hrv
2006-07-16,23:59:46,-70.32,-33.29,98.4,3.3,m,guc
2006-07-17,00:02:45,-72.41,-28.6,35.0,3.5,ml,guc
2006-07-17,00:04:24,-71.31,-31.55,51.4,2.8,m,guc
2006-07-17,01:29:22,-72.46,-28.55,30.0,4.1,ml,guc
2006-07-17,05:38:54,-66.9,-24.0,186.2,4.0,mb,us
2006-07-17,06:54:38,-69.69,-28.98,93.2,3.6,m,guc
2006-07-17,07:45:35,-72.48,-28.73,25.0,3.4,ml,guc
2006-07-17,08:56:29,-72.26,-40.47,5.0,4.7,ml,guc
2006-07-17,15:56:53,-72.8,-35.26,13.5,3.2,ml,guc
2006-07-17,18:53:30,-70.58,-19.86,28.5,4.6,mb,us
2006-07-17,21:13:23,-69.61,-31.74,142.1,3.0,m,guc
2006-07-17,21:52:34,-72.37,-28.58,30.0,3.8,ml,guc
2006-07-17,23:29:10,-66.98,-23.93,224.4,3.3,mb,us
2006-07-18,00:31:21,-70.59,-19.73,7.1,5.0,mwc,hrv
2006-07-18,01:43:26,-67.65,-27.66,138.7,3.3,mb,us
2006-07-18,03:54:32,-70.63,-19.82,35.0,4.9,mwc,hrv
2006-07-18,12:01:52,-71.07,-32.66,5.4,3.2,md,guc
2006-07-18,13:41:44,-69.09,-18.8,124.5,4.2,mb,us
2006-07-18,22:32:29,-71.66,-16.54,22.0,4.0,ml,lim
2006-07-18,22:52:43,-71.1,-34.49,88.9,3.2,m,guc
2006-07-19,00:05:23,-68.4,-31.18,128.4,3.5,m,guc
2006-07-19,00:15:49,-69.84,-32.38,136.6,3.1,m,guc
2006-07-19,02:12:39,-66.64,-23.88,193.5,4.2,mb,us
2006-07-19,21:20:54,-70.01,-32.71,113.1,3.0,m,guc
2006-07-19,21:36:28,-71.93,-32.46,32.5,4.3,ml,guc
2006-07-19,21:58:24,-71.87,-32.48,12.3,3.2,ml,guc
2006-07-19,22:11:30,-71.79,-32.5,36.4,5.0,mwc,hrv
2006-07-19,22:30:44,-71.89,-32.48,27.3,3.1,ml,guc
2006-07-19,22:39:25,-71.76,-35.1,51.5,3.3,m,guc
2006-07-19,22:55:24,-71.85,-32.45,36.0,3.0,ml,guc
2006-07-19,22:58:57,-71.88,-32.47,27.5,2.5,ml,guc
2006-07-19,23:29:08,-71.9,-32.51,25.4,4.0,ml,guc
2006-07-20,04:02:24,-71.84,-32.08,20.3,3.0,ml,guc
2006-07-20,06:58:25,-71.69,-32.58,22.6,2.8,ml,guc
2006-07-20,07:02:38,-70.77,-31.67,105.9,2.7,m,guc
2006-07-20,11:34:13,-70.56,-33.2,95.8,2.6,m,guc
2006-07-20,17:06:03,-72.55,-32.36,4.5,3.1,ml,guc
2006-07-20,20:23:56,-71.86,-32.46,12.2,2.6,ml,guc
2006-07-20,22:22:21,-71.87,-32.45,27.1,3.8,ml,guc
2006-07-20,22:26:11,-71.86,-32.46,24.0,2.8,ml,guc
2006-07-21,02:03:24,-71.85,-32.47,25.7,2.8,ml,guc
2006-07-21,10:55:17,-71.86,-32.45,25.0,2.8,ml,guc
2006-07-21,13:06:59,-79.29,-11.29,12.2,4.9,mb,us
2006-07-21,13:17:01,-71.8,-34.7,38.4,3.5,m,guc
2006-07-21,16:43:00,-70.2,-33.01,120.8,2.8,m,guc
2006-07-21,22:19:41,-70.25,-28.51,84.8,3.6,m,guc
2006-07-21,22:31:48,-80.66,-6.36,35.0,3.8,mb,us
2006-07-22,03:49:11,-71.17,-31.87,74.9,4.0,mb,us
2006-07-22,06:45:28,-69.56,-31.55,149.5,3.0,m,guc
2006-07-22,07:17:08,-70.56,-34.97,19.1,2.9,ml,guc
2006-07-22,07:26:51,-100.03,-36.17,10.0,4.0,mb,us
2006-07-22,11:08:30,-70.45,-33.88,103.5,2.7,m,guc
2006-07-22,14:53:12,-74.14,-12.04,36.9,4.6,mb,us
2006-07-22,21:48:18,-83.32,-42.86,10.0,4.9,mwc,hrv
2006-07-23,02:00:40,-66.22,-22.86,249.2,4.0,mb,us
2006-07-23,03:38:18,-69.16,-17.6,153.3,3.5,mb,us
2006-07-23,04:35:24,-70.75,-29.57,75.0,2.7,m,guc
2006-07-23,12:30:08,-66.77,-23.95,196.3,3.6,mb,us
2006-07-23,14:13:05,-66.72,-23.94,216.6,0.0,,us
2006-07-23,15:47:32,-69.74,-31.57,136.7,3.9,m,guc
2006-07-24,03:19:56,-69.84,-32.47,119.7,3.1,m,guc
2006-07-24,09:04:26,-71.72,-33.47,28.3,3.0,ml,guc
2006-07-24,10:50:50,-69.29,-27.62,92.0,4.5,m,guc
2006-07-24,13:24:41,-69.25,-19.54,102.9,3.7,mb,us
2006-07-24,15:02:39,-81.89,-5.48,33.2,4.5,mb,us
2006-07-24,17:29:25,-72.7,-28.62,41.2,4.7,mb,us
2006-07-24,19:46:33,-74.44,-15.54,41.8,4.9,mb,us
2006-07-24,20:13:04,-72.86,-28.62,28.2,4.3,mb,us
2006-07-24,20:59:26,-68.31,-21.1,118.4,0.0,,us
2006-07-24,23:56:46,-113.96,-49.8,10.0,4.6,mb,us
2006-07-25,01:08:44,-70.16,-28.41,103.3,4.1,mb,us
2006-07-25,08:16:59,-71.48,-34.77,57.6,2.7,m,guc
2006-07-25,13:47:18,-67.09,-24.25,167.2,4.1,m,guc
2006-07-25,22:04:00,-66.73,-23.86,202.3,3.7,mb,us
2006-07-26,02:17:31,-68.94,-20.09,128.6,4.6,mb,us
2006-07-26,04:38:52,-67.09,-24.16,166.4,4.0,mb,us
2006-07-26,06:26:01,-71.6,-30.3,25.8,3.9,ml,guc
2006-07-26,09:31:21,-71.26,-35.56,93.7,3.4,m,guc
2006-07-26,11:22:25,-71.6,-37.15,110.8,3.8,m,guc
2006-07-26,13:02:50,-69.52,-32.73,139.0,2.6,m,guc
2006-07-27,01:39:23,-71.6,-15.63,146.4,4.6,mb,us
2006-07-27,06:30:35,-56.18,-61.32,10.0,4.9,mb,us
2006-07-27,07:12:56,-90.5,-41.5,10.0,5.1,mwc,gcmt
2006-07-27,09:16:17,-72.34,-35.26,45.6,3.2,m,guc
2006-07-27,10:04:32,-71.65,-32.25,35.0,3.0,ml,guc
2006-07-27,12:32:09,-69.78,-31.71,117.7,3.4,m,guc
2006-07-27,13:46:23,-70.42,-33.74,107.5,3.1,m,guc
2006-07-27,17:51:25,-71.27,-36.62,157.8,3.6,m,guc
2006-07-28,08:30:44,-71.79,-32.55,2.9,2.7,ml,guc
2006-07-28,08:32:29,-71.81,-32.49,13.4,2.9,ml,guc
2006-07-28,16:31:54,-92.37,-37.96,10.0,4.3,mb,us
2006-07-28,17:35:23,-71.84,-32.48,25.0,3.6,ml,guc
2006-07-28,17:50:01,-69.89,-31.86,135.7,3.7,m,guc
2006-07-28,18:00:24,-70.73,-19.48,78.2,4.0,mb,us
2006-07-28,23:03:28,-69.5,-17.52,164.6,3.7,mb,us
2006-07-29,00:59:38,-71.88,-32.74,27.6,3.4,ml,guc
2006-07-29,11:57:00,-69.38,-24.3,0.0,3.0,ml,guc
2006-07-29,13:25:15,-71.78,-32.6,15.0,2.5,ml,guc
2006-07-29,14:13:17,-71.38,-30.9,59.2,3.4,m,guc
2006-07-29,16:00:25,-70.34,-34.07,6.2,3.3,md,guc
2006-07-29,19:31:59,-70.42,-34.42,7.0,2.9,ml,guc
2006-07-30,00:56:55,-71.03,-32.72,65.4,2.8,m,guc
2006-07-30,02:02:06,-70.78,-25.99,33.7,3.7,ml,guc
2006-07-30,02:38:57,-70.36,-35.0,17.6,3.2,ml,guc
2006-07-30,03:22:16,-67.09,-24.31,155.6,3.5,mb,us
2006-07-30,05:46:36,-69.11,-31.5,150.0,3.1,m,guc
2006-07-30,05:53:56,-69.89,-32.76,124.2,2.9,m,guc
2006-07-30,11:48:16,-70.12,-32.56,113.3,2.7,m,guc
2006-07-30,13:31:29,-69.45,-31.11,151.4,3.8,m,guc
2006-07-30,14:50:27,-85.01,-41.7,10.0,5.1,mwc,hrv
2006-07-30,15:28:00,-70.13,-32.65,108.2,3.8,m,guc
2006-07-30,16:44:32,-71.79,-32.58,14.2,3.6,ml,guc
2006-07-30,17:00:58,-70.35,-31.3,118.5,2.9,m,guc
2006-07-30,18:20:17,-69.89,-32.01,110.7,3.5,m,guc
2006-07-30,19:30:48,-66.7,-24.15,171.4,3.5,mb,us
2006-07-31,03:57:22,-72.55,-28.69,35.0,3.4,ml,guc
2006-07-31,04:45:46,-71.81,-32.58,25.7,2.8,ml,guc
2006-07-31,21:59:53,-71.66,-31.42,10.4,2.9,ml,guc
2006-08-01,05:55:09,-71.52,-27.42,40.0,3.5,m,guc
2006-08-01,06:12:06,-69.64,-31.8,130.6,3.0,m,guc
2006-08-01,08:06:21,-68.67,-31.49,108.3,4.9,mb,us
2006-08-01,10:19:56,-71.56,-32.03,59.7,2.9,m,guc
2006-08-01,11:38:45,-69.02,-31.26,153.7,3.2,m,guc
2006-08-01,15:53:14,-69.9,-31.67,126.1,4.1,m,guc
2006-08-01,16:16:20,-64.5,-27.79,19.5,4.8,mb,us
2006-08-01,18:37:02,-66.98,-24.16,164.6,4.4,mb,us
2006-08-01,18:51:01,-71.71,-32.64,41.5,2.7,m,guc
2006-08-01,20:40:25,-66.9,-24.15,172.6,4.2,mb,us
2006-08-02,00:49:09,-71.8,-32.38,10.3,4.2,mb,us
2006-08-02,01:01:29,-71.93,-32.39,19.8,3.0,ml,guc
2006-08-02,02:01:25,-111.13,-34.84,10.0,4.2,mb,us
2006-08-02,10:05:19,-71.08,-34.53,74.7,3.1,m,guc
2006-08-02,10:39:05,-70.6,-31.97,106.3,3.7,m,guc
2006-08-02,11:39:54,-70.83,-32.79,78.7,2.9,m,guc
2006-08-02,12:38:52,-71.38,-27.75,42.9,3.6,m,guc
2006-08-02,13:14:08,-70.5,-34.57,113.7,2.5,m,guc
2006-08-02,14:03:33,-71.35,-28.51,45.9,3.7,m,guc
2006-08-02,15:56:48,-69.02,-31.21,161.0,3.5,m,guc
2006-08-02,21:37:23,-67.28,-21.06,191.5,3.9,mb,us
2006-08-02,22:09:31,-70.3,-34.51,118.6,2.5,m,guc
2006-08-02,23:24:30,-71.8,-32.05,14.3,2.8,ml,guc
2006-08-03,01:40:18,-71.72,-35.78,71.3,3.9,md,guc
2006-08-03,03:22:21,-78.62,-5.8,20.4,4.3,mb,us
2006-08-03,03:44:13,-70.23,-32.31,120.1,2.7,m,guc
2006-08-03,05:38:34,-70.99,-29.36,72.8,4.1,m,guc
2006-08-03,08:46:59,-71.6,-15.97,7.9,0.0,,us
2006-08-03,09:16:20,-70.63,-33.58,86.5,2.6,m,guc
2006-08-03,10:20:43,-68.84,-27.49,86.2,4.3,mb,us
2006-08-03,10:56:53,-68.72,-31.34,147.4,3.6,m,guc
2006-08-03,11:49:49,-71.02,-29.48,43.3,3.2,m,guc
2006-08-03,23:03:45,-68.24,-21.06,114.1,0.0,,us
2006-08-04,00:51:57,-68.66,-23.16,110.0,3.9,m,guc
2006-08-04,01:49:30,-71.9,-34.68,28.0,3.2,ml,guc
2006-08-04,10:45:06,-71.84,-29.28,3.6,2.8,ml,guc
2006-08-04,11:31:02,-71.53,-31.58,33.2,2.7,ml,guc
2006-08-04,15:33:40,-71.15,-27.96,21.1,3.1,ml,guc
2006-08-05,02:23:52,-71.67,-31.63,32.7,2.8,ml,guc
2006-08-05,07:41:50,-69.12,-31.26,173.6,3.2,m,guc
2006-08-05,12:33:50,-71.84,-29.26,16.6,4.3,mb,us
2006-08-05,13:02:03,-71.66,-35.08,62.4,2.5,m,guc
2006-08-05,14:03:44,-68.72,-33.13,25.0,5.6,mwc,hrv
2006-08-05,15:02:00,-68.98,-33.12,9.7,2.5,ml,guc
2006-08-05,17:47:02,-68.88,-33.08,13.7,2.8,ml,guc
2006-08-05,18:49:09,-68.96,-33.12,11.8,3.0,ml,guc
2006-08-05,19:05:15,-72.48,-28.57,80.3,3.5,m,guc
2006-08-05,19:29:44,-68.96,-33.16,6.3,3.1,ml,guc
2006-08-05,22:21:41,-68.93,-33.12,1.3,3.3,ml,guc
2006-08-05,23:55:58,-72.74,-16.8,53.0,4.5,mb,us
2006-08-06,02:54:34,-71.99,-34.07,43.2,2.8,m,guc
2006-08-06,04:03:45,-71.85,-32.47,15.0,3.1,ml,guc
2006-08-06,06:04:03,-68.93,-33.09,7.4,3.3,ml,guc
2006-08-06,06:50:34,-72.11,-33.89,18.6,3.5,ml,guc
2006-08-06,10:15:13,-70.57,-34.35,113.3,3.5,m,guc
2006-08-06,12:13:17,-71.47,-32.85,52.3,2.7,m,guc
2006-08-06,12:18:12,-73.87,-39.13,35.0,4.3,ml,guc
2006-08-06,15:15:08,-68.66,-31.92,156.4,3.6,m,guc
2006-08-06,22:59:14,-70.28,-30.1,110.0,4.1,mb,us
2006-08-06,23:34:21,-70.92,-33.05,77.5,3.8,md,guc
2006-08-07,04:19:14,-71.1,-32.49,57.1,2.7,m,guc
2006-08-07,08:17:40,-71.1,-32.92,53.2,2.7,m,guc
2006-08-07,10:30:56,-71.12,-34.96,83.8,3.0,m,guc
2006-08-07,12:31:18,-70.91,-26.82,31.2,4.0,ml,guc
2006-08-07,21:04:17,-72.16,-33.3,36.4,2.6,m,guc
2006-08-07,23:08:21,-68.38,-21.27,113.7,3.5,mb,us
2006-08-08,00:31:15,-69.43,-31.16,161.3,4.1,mb,us
2006-08-08,08:22:27,-70.11,-31.62,112.2,3.0,m,guc
2006-08-08,14:51:31,-57.23,-12.5,10.0,4.2,mb,us
2006-08-08,14:52:51,-67.6,-24.32,220.0,4.6,m,guc
2006-08-08,15:53:58,-68.67,-21.0,112.9,4.2,mb,us
2006-08-08,19:11:18,-70.87,-34.8,90.6,2.6,m,guc
2006-08-09,00:26:35,-71.42,-28.91,7.4,3.9,ml,guc
2006-08-09,00:30:52,-70.35,-31.74,127.4,3.5,mb,us
2006-08-09,01:24:02,-71.3,-35.67,105.0,3.8,m,guc
2006-08-09,04:46:13,-72.42,-28.58,34.6,3.5,ml,guc
2006-08-09,05:11:30,-69.29,-27.63,120.3,4.4,mb,us
2006-08-09,05:36:26,-69.7,-32.16,126.8,3.2,m,guc
2006-08-09,07:53:41,-70.81,-29.09,68.5,3.6,m,guc
2006-08-09,08:21:45,-70.82,-31.42,79.4,3.0,m,guc
2006-08-09,14:52:42,-71.21,-27.69,15.0,3.7,ml,guc
2006-08-09,18:17:41,-71.02,-27.95,27.6,3.4,ml,guc
2006-08-09,20:48:02,-71.69,-31.43,21.7,2.9,ml,guc
2006-08-09,22:14:16,-71.7,-32.78,4.4,2.5,ml,guc
2006-08-09,22:36:08,-70.74,-14.43,28.7,5.2,mwc,hrv
2006-08-10,14:51:09,-70.12,-33.39,106.5,3.0,m,guc
2006-08-11,06:26:28,-67.55,-22.18,143.8,4.2,mb,us
2006-08-11,07:01:32,-69.67,-31.4,141.8,3.5,m,guc
2006-08-11,10:02:54,-66.97,-28.95,115.9,0.0,,us
2006-08-11,16:00:16,-71.71,-34.46,46.8,2.7,m,guc
2006-08-11,21:37:45,-70.59,-35.31,2.8,3.6,ml,guc
2006-08-11,22:17:23,-70.74,-35.3,39.0,3.3,m,guc
2006-08-11,22:51:57,-66.86,-21.42,231.8,3.9,mb,us
2006-08-11,23:59:39,-70.67,-25.24,66.9,4.4,mb,us
2006-08-12,00:17:31,-70.64,-35.29,1.5,4.6,mb,us
2006-08-12,00:25:16,-70.77,-35.25,0.0,3.4,ml,guc
2006-08-12,03:10:25,-70.72,-35.24,0.0,3.3,ml,guc
2006-08-12,05:57:28,-67.38,-28.67,116.0,3.6,mb,us
2006-08-12,06:20:59,-70.73,-35.3,0.3,3.3,ml,guc
2006-08-12,20:01:44,-70.32,-16.72,35.0,0.0,,us
2006-08-13,05:17:05,-70.71,-33.24,83.2,3.3,m,guc
2006-08-13,06:10:30,-68.94,-33.06,11.0,3.6,ml,guc
2006-08-13,08:06:41,-68.78,-31.35,150.0,3.4,m,guc
2006-08-13,10:52:25,-72.43,-30.6,23.2,4.5,mb,us
2006-08-13,13:51:26,-68.5,-22.27,106.6,0.0,,us
2006-08-13,15:11:17,-68.9,-30.77,98.9,4.3,mb,us
2006-08-14,04:03:18,-71.69,-29.39,67.1,3.5,m,guc
2006-08-14,04:03:56,-124.35,-55.5,10.0,5.6,mwb,us
2006-08-14,16:58:42,-71.7,-29.04,17.8,4.7,mb,us
2006-08-14,17:48:59,-71.65,-29.08,33.0,4.0,ml,guc
2006-08-15,02:47:50,-124.49,-54.98,10.0,4.0,mb,us
2006-08-15,03:40:55,-70.15,-32.63,105.0,3.4,m,guc
2006-08-15,04:17:47,-69.1,-25.59,80.0,3.7,mb,us
2006-08-15,05:18:18,-69.25,-32.03,155.8,3.3,m,guc
2006-08-15,06:48:23,-70.85,-31.9,102.7,4.4,mb,us
2006-08-15,15:06:22,-66.66,-23.98,205.2,3.9,mb,us
2006-08-15,15:27:40,-72.31,-34.68,24.5,2.9,ml,guc
2006-08-15,23:54:20,-71.01,-35.34,105.7,2.7,m,guc
2006-08-16,05:51:59,-70.36,-32.86,97.1,4.0,m,guc
2006-08-16,05:56:45,-72.28,-36.65,74.2,4.1,m,guc
2006-08-16,06:29:29,-71.72,-31.5,30.2,2.9,ml,guc
2006-08-16,16:41:29,-66.43,-23.09,204.8,4.1,mb,us
2006-08-16,20:04:54,-71.45,-34.01,43.5,3.5,md,guc
2006-08-17,05:54:44,-70.58,-35.3,15.2,3.6,ml,guc
2006-08-17,06:28:46,-74.51,-7.86,148.0,4.5,mb,us
2006-08-17,09:59:48,-70.71,-26.8,35.0,3.9,ml,guc
2006-08-17,11:44:16,-71.66,-28.84,35.5,3.3,m,guc
2006-08-17,13:07:22,-71.93,-29.65,32.7,4.7,mb,us
2006-08-17,13:32:59,-69.71,-23.4,80.0,5.2,mwc,hrv
2006-08-17,18:14:31,-67.81,-31.26,30.0,3.9,ml,guc
2006-08-17,22:20:30,-67.67,-28.15,150.0,4.3,m,guc
2006-08-17,22:40:58,-69.49,-31.33,155.5,3.5,m,guc
2006-08-18,00:05:58,-71.67,-32.41,14.9,3.2,ml,guc
2006-08-18,00:50:50,-70.21,-16.74,55.6,4.2,mb,us
2006-08-18,03:15:29,-98.74,-36.38,10.0,5.2,mwc,hrv
2006-08-18,10:20:08,-71.03,-33.9,76.0,2.9,m,guc
2006-08-19,01:33:17,-68.66,-31.07,162.9,4.5,mb,us
2006-08-19,02:43:53,-70.96,-30.57,45.0,3.1,m,guc
2006-08-19,03:40:32,-71.92,-29.73,50.0,3.2,m,guc
2006-08-19,05:08:40,-71.67,-30.04,42.7,4.3,mb,us
2006-08-19,05:36:33,-72.25,-29.64,4.2,4.1,ml,guc
2006-08-19,05:57:56,-72.08,-29.71,38.1,3.6,m,guc
2006-08-19,08:10:13,-70.78,-34.76,18.4,3.7,ml,guc
2006-08-19,11:51:35,-72.01,-29.68,36.8,3.4,m,guc
2006-08-19,13:11:34,-70.6,-34.13,100.3,2.5,m,guc
2006-08-19,18:14:52,-71.67,-32.49,27.4,3.2,ml,guc
2006-08-19,20:08:42,-71.95,-29.69,41.5,3.1,m,guc
2006-08-19,22:40:52,-69.7,-31.51,146.4,3.2,m,guc
2006-08-20,00:40:38,-68.9,-33.1,6.5,2.9,ml,guc
2006-08-20,00:59:09,-70.17,-19.39,68.4,0.0,,us
2006-08-20,01:49:06,-66.64,-24.05,182.1,3.7,mb,us
2006-08-20,02:51:14,-68.46,-29.12,111.0,5.0,mwc,hrv
2006-08-20,07:24:35,-70.54,-28.4,45.8,3.3,m,guc
2006-08-20,19:41:45,-69.62,-28.52,123.4,3.7,m,guc
2006-08-20,20:27:28,-74.76,-15.85,31.2,4.7,mb,us
2006-08-20,20:48:51,-70.37,-31.44,135.7,3.1,m,guc
2006-08-20,20:57:19,-74.78,-15.84,35.0,5.0,mwc,hrv
2006-08-21,00:15:46,-70.62,-30.9,109.1,2.8,m,guc
2006-08-21,07:47:28,-70.78,-32.44,78.2,2.9,m,guc
2006-08-21,08:51:33,-69.56,-28.71,123.4,3.8,m,guc
2006-08-21,09:31:38,-70.59,-34.42,119.5,2.8,m,guc
2006-08-21,11:06:50,-68.99,-31.23,150.0,3.3,m,guc
2006-08-21,11:53:13,-70.79,-34.81,15.4,2.8,ml,guc
2006-08-21,12:02:53,-70.48,-32.1,13.1,2.5,ml,guc
2006-08-21,13:13:31,-69.43,-24.85,74.3,3.4,m,guc
2006-08-21,14:47:04,-70.25,-33.51,109.9,2.6,m,guc
2006-08-21,18:01:19,-71.09,-34.97,100.4,3.8,mb,us
2006-08-22,02:41:22,-72.01,-30.9,36.7,4.6,mb,us
2006-08-22,07:46:57,-69.55,-31.69,140.8,3.1,m,guc
2006-08-22,08:11:37,-70.8,-34.47,92.6,2.6,m,guc
2006-08-22,09:14:43,-75.65,-14.1,66.0,4.3,mb,us
2006-08-22,11:08:44,-63.64,-22.85,526.8,3.8,mb,us
2006-08-22,17:14:47,-71.45,-28.8,37.4,4.1,ml,guc
2006-08-22,17:30:52,-69.6,-16.35,188.6,4.2,mb,us
2006-08-22,17:32:40,-71.79,-32.18,9.2,2.5,ml,guc
2006-08-22,21:36:34,-68.68,-31.36,150.0,3.3,m,guc
2006-08-22,23:05:46,-68.64,-20.13,106.9,3.7,mb,us
2006-08-23,13:22:26,-69.83,-27.93,84.2,3.1,m,guc
2006-08-23,16:13:29,-70.1,-32.66,111.5,3.5,m,guc
2006-08-23,18:24:07,-69.25,-34.11,8.5,3.1,ml,guc
2006-08-23,18:33:56,-69.14,-34.11,15.0,3.2,ml,guc
2006-08-23,21:25:18,-70.27,-33.54,116.5,2.6,m,guc
2006-08-23,22:51:52,-67.34,-19.68,208.1,4.2,mb,us
2006-08-24,01:23:32,-69.68,-31.84,142.9,4.5,mb,us
2006-08-24,08:41:49,-71.66,-31.37,28.2,3.5,ml,guc
2006-08-24,09:15:55,-66.7,-24.04,178.4,4.4,mb,us
2006-08-24,12:54:36,-67.48,-31.67,150.0,4.3,m,guc
2006-08-24,13:18:06,-71.1,-32.26,80.9,3.4,m,guc
2006-08-24,17:45:03,-70.61,-34.54,104.5,2.7,m,guc
2006-08-24,17:45:03,-71.38,-30.82,58.8,2.9,m,guc
2006-08-25,00:44:46,-67.03,-24.4,184.0,6.6,mwb,us
2006-08-25,01:08:48,-67.6,-24.64,196.0,4.2,mb,us
2006-08-25,02:23:40,-67.12,-24.15,176.9,3.6,mb,us
2006-08-25,03:39:07,-71.57,-33.55,41.0,2.6,m,guc
2006-08-25,03:42:30,-71.01,-29.18,44.8,3.1,m,guc
2006-08-25,06:55:36,-71.56,-30.93,37.3,2.9,m,guc
2006-08-25,09:21:46,-71.49,-18.34,60.5,3.8,mb,us
2006-08-25,09:25:24,-71.24,-28.36,34.0,3.9,ml,guc
2006-08-25,16:22:35,-71.21,-32.4,48.8,3.3,m,guc
2006-08-25,16:30:05,-69.16,-31.81,120.7,4.3,mb,us
2006-08-25,16:44:56,-71.61,-30.88,35.7,2.6,ml,guc
2006-08-25,17:01:14,-69.6,-29.72,145.0,3.6,m,guc
2006-08-25,17:30:21,-70.03,-27.39,88.8,3.7,m,guc
2006-08-25,18:33:49,-70.65,-33.56,82.7,2.6,m,guc
2006-08-25,19:26:55,-72.08,-34.0,31.8,2.9,ml,guc
2006-08-25,22:17:24,-72.0,-33.98,34.4,3.0,ml,guc
2006-08-25,22:57:36,-67.08,-24.24,173.3,4.2,mb,us
2006-08-26,02:17:55,-68.84,-33.1,15.4,2.8,ml,guc
2006-08-26,02:25:02,-71.63,-31.53,38.8,3.4,m,guc
2006-08-26,04:45:10,-64.77,-23.48,37.3,4.3,mb,us
2006-08-26,05:13:40,-69.83,-32.93,123.8,3.4,m,guc
2006-08-26,08:17:28,-109.33,-8.99,10.0,4.9,mwc,hrv
2006-08-26,16:59:43,-72.06,-34.49,27.9,3.1,ml,guc
2006-08-26,20:24:59,-67.93,-24.54,243.8,3.7,mb,us
2006-08-26,22:38:31,-70.58,-29.1,78.6,3.5,mb,us
2006-08-27,02:46:15,-67.91,-30.9,150.0,4.2,m,guc
2006-08-27,04:49:07,-71.33,-27.89,26.0,4.0,mb,us
2006-08-27,05:28:46,-66.77,-24.2,182.7,4.2,mb,us
2006-08-27,05:57:13,-71.81,-32.25,10.9,2.8,ml,guc
2006-08-27,06:10:32,-71.47,-31.51,63.7,3.0,m,guc
2006-08-27,06:29:41,-67.08,-24.28,169.1,3.8,mb,us
2006-08-27,07:01:42,-66.67,-23.95,191.3,4.1,mb,us
2006-08-27,10:27:35,-70.02,-31.88,119.0,2.9,m,guc
2006-08-27,12:11:01,-70.48,-33.92,12.8,2.8,ml,guc
2006-08-27,13:11:10,-69.46,-31.5,129.3,2.9,m,guc
2006-08-27,13:27:40,-67.26,-24.37,180.4,3.9,mb,us
2006-08-27,19:32:17,-68.66,-32.18,150.0,3.5,m,guc
2006-08-27,23:35:08,-70.74,-29.72,75.1,3.3,m,guc
2006-08-28,00:43:41,-66.76,-24.02,200.5,3.5,mb,us
2006-08-28,03:20:21,-75.43,-10.41,31.0,4.7,mb,us
2006-08-28,03:36:06,-71.35,-32.27,47.6,2.5,m,guc
2006-08-28,05:39:35,-72.57,-32.37,43.6,3.8,mb,us
2006-08-28,06:36:00,-68.28,-21.63,116.7,4.2,mb,us
2006-08-28,11:13:09,-69.24,-28.63,100.0,3.3,m,guc
2006-08-28,11:26:12,-71.73,-31.35,46.4,3.1,m,guc
2006-08-28,19:26:00,-70.71,-25.82,47.4,4.1,m,guc
2006-08-28,21:55:32,-67.1,-21.65,183.2,4.2,mb,us
2006-08-28,23:05:34,-69.51,-29.48,115.5,4.1,m,guc
2006-08-28,23:49:38,-68.96,-31.29,150.0,3.3,md,guc
2006-08-29,03:42:52,-70.05,-30.79,110.0,2.8,m,guc
2006-08-29,04:00:31,-67.19,-24.24,188.5,4.0,mb,us
2006-08-29,09:54:27,-72.69,-32.03,42.8,3.1,m,guc
2006-08-29,13:40:58,-72.11,-35.66,17.5,3.9,ml,guc
2006-08-29,14:22:50,-70.66,-28.27,55.0,2.7,m,guc
2006-08-29,14:27:50,-71.67,-29.65,32.9,2.7,ml,guc
2006-08-29,21:18:52,-71.27,-27.79,30.7,3.7,ml,guc
2006-08-30,02:12:08,-69.11,-20.07,127.6,0.0,,us
2006-08-30,04:32:07,-72.79,-30.43,45.0,3.8,m,guc
2006-08-30,04:41:23,-67.45,-31.76,7.7,4.1,mb,us
2006-08-30,08:35:55,-67.46,-31.75,140.0,3.9,m,guc
2006-08-30,08:47:29,-69.48,-30.34,2.3,3.4,ml,guc
2006-08-30,08:57:12,-71.07,-26.9,24.4,3.1,ml,guc
2006-08-30,10:06:16,-69.5,-30.32,2.5,2.8,ml,guc
2006-08-30,14:25:01,-71.33,-27.2,17.1,3.2,ml,guc
2006-08-30,23:40:31,-72.1,-30.08,44.2,3.3,m,guc
2006-08-31,00:59:05,-70.35,-32.93,99.6,2.7,m,guc
2006-08-31,02:25:34,-70.39,-34.6,135.0,3.3,m,guc
2006-08-31,04:58:19,-67.06,-24.31,157.3,4.1,mb,us
2006-08-31,05:22:56,-69.58,-32.21,127.9,3.1,m,guc
2006-08-31,10:29:59,-71.36,-29.27,55.0,2.8,md,guc
2006-08-31,10:59:33,-69.67,-31.94,124.9,2.9,md,guc
2006-08-31,13:37:36,-70.91,-33.12,67.6,2.5,md,guc
2006-08-31,14:20:48,-67.14,-24.3,163.6,3.7,mb,us
2006-08-31,14:51:27,-71.12,-27.69,39.9,2.7,m,guc
2006-08-31,16:07:11,-72.63,-36.08,62.8,3.2,m,guc
2006-08-31,16:19:39,-72.16,-33.02,33.5,3.5,ml,guc
2006-08-31,16:20:35,-66.94,-24.22,182.1,5.1,mwc,hrv
2006-08-31,17:18:47,-70.26,-33.49,107.7,3.2,md,guc
2006-08-31,18:33:02,-69.48,-31.07,150.0,4.5,mb,us
2006-08-31,20:12:53,-71.36,-32.47,52.3,3.5,md,guc
2006-08-31,23:16:42,-70.6,-28.86,80.0,5.1,mwc,hrv
2006-09-01,03:17:47,-66.99,-24.18,169.1,3.9,mb,us
2006-09-01,05:01:58,-68.88,-31.16,157.1,3.5,m,guc
2006-09-01,07:51:12,-71.67,-31.61,29.4,2.8,ml,guc
2006-09-01,08:26:24,-71.31,-30.83,47.0,3.4,m,guc
2006-09-01,14:57:51,-69.98,-32.07,108.4,4.6,mb,us
2006-09-01,15:52:36,-70.63,-25.55,13.5,5.2,mwc,gcmt
2006-09-01,17:34:01,-70.34,-33.65,103.0,2.7,m,guc
2006-09-01,20:16:56,-71.98,-29.8,0.0,3.3,ml,guc
2006-09-01,22:06:38,-70.24,-33.12,0.0,2.5,ml,guc
2006-09-02,02:45:04,-71.87,-32.74,7.3,2.9,ml,guc
2006-09-02,05:25:29,-70.59,-32.04,97.7,3.8,md,guc
2006-09-02,14:04:07,-66.92,-24.1,183.7,3.3,mb,us
2006-09-02,16:26:08,-68.5,-21.62,85.5,4.2,mb,us
2006-09-02,17:25:24,-71.56,-35.01,46.3,3.4,md,guc
2006-09-03,00:53:26,-70.43,-33.22,98.2,2.5,md,guc
2006-09-03,01:24:44,-72.4,-34.77,16.0,3.0,ml,guc
2006-09-03,03:36:26,-72.64,-34.3,44.6,3.9,md,guc
2006-09-03,05:06:56,-71.58,-34.73,59.6,2.9,md,guc
2006-09-03,11:15:29,-69.47,-30.26,2.1,3.4,ml,guc
2006-09-03,20:56:18,-68.77,-32.6,10.0,2.7,ml,guc
2006-09-03,23:07:58,-69.96,-31.69,126.9,3.4,md,guc
2006-09-04,00:34:06,-66.65,-24.0,182.8,5.1,mwc,gcmt
2006-09-04,00:42:30,-71.6,-30.91,32.6,2.9,ml,guc
2006-09-04,02:53:34,-71.57,-32.07,32.2,3.4,ml,guc
2006-09-04,07:17:44,-72.7,-33.7,25.3,2.5,ml,guc
2006-09-04,16:47:13,-71.54,-31.24,27.4,2.9,ml,guc
2006-09-04,19:59:56,-72.58,-33.71,36.9,3.6,md,guc
2006-09-05,01:31:28,-72.44,-33.64,47.6,3.9,md,guc
2006-09-05,02:53:35,-71.04,-27.75,29.3,3.5,ml,guc
2006-09-05,04:00:12,-68.75,-31.3,43.1,4.0,md,guc
2006-09-05,07:02:58,-70.09,-32.77,103.1,3.3,md,guc
2006-09-05,08:29:06,-73.51,-17.3,42.7,4.1,mb,us
2006-09-05,08:32:44,-73.42,-17.31,40.4,4.9,mwc,gcmt
2006-09-05,13:03:15,-68.46,-26.25,94.7,4.4,md,guc
2006-09-05,14:15:23,-85.82,-42.9,10.0,4.8,mwc,gcmt
2006-09-05,14:34:46,-70.79,-32.27,64.0,3.7,md,guc
2006-09-05,19:05:23,-73.86,-40.73,29.9,4.1,ml,guc
2006-09-05,19:48:42,-73.93,-65.36,10.0,4.7,mb,us
2006-09-05,21:19:51,-69.08,-31.18,150.0,3.3,m,guc
2006-09-05,23:52:01,-70.51,-34.5,117.3,3.0,md,guc
2006-09-06,01:48:12,-71.81,-32.11,25.7,3.2,ml,guc
2006-09-06,05:52:40,-68.09,-21.46,112.6,3.4,mb,us
2006-09-06,06:34:13,-69.49,-28.11,120.9,4.0,m,guc
2006-09-06,09:25:59,-70.88,-32.3,75.4,3.2,m,guc
2006-09-06,10:00:48,-69.43,-31.45,113.4,3.6,md,guc
2006-09-06,11:46:32,-69.52,-31.27,146.2,3.5,m,guc
2006-09-06,13:56:20,-71.83,-32.69,31.0,3.2,ml,guc
2006-09-06,16:15:39,-66.6,-21.18,241.5,0.0,,us
2006-09-06,18:56:26,-70.95,-32.84,66.3,2.5,md,guc
2006-09-07,05:33:09,-69.77,-29.13,134.6,3.6,m,guc
2006-09-07,07:54:53,-71.87,-31.48,41.8,2.9,m,guc
2006-09-07,09:58:29,-70.2,-28.87,118.8,3.1,m,guc
2006-09-07,13:11:06,-69.84,-32.06,126.7,3.8,md,guc
2006-09-07,14:14:58,-71.81,-31.61,30.9,2.7,ml,guc
2006-09-07,14:33:45,-67.18,-22.02,168.6,4.2,mb,us
2006-09-07,17:49:03,-71.25,-29.24,54.8,4.2,md,guc
2006-09-07,23:11:56,-70.15,-33.4,106.3,2.6,md,guc
2006-09-08,00:47:12,-104.25,-36.25,10.0,5.2,mwc,gcmt
2006-09-08,14:14:11,-70.65,-34.14,90.8,3.7,md,guc
2006-09-08,22:39:56,-71.44,-35.39,100.9,3.7,md,guc
2006-09-08,23:57:24,-108.68,-34.97,10.0,4.4,mb,us
2006-09-09,00:09:04,-66.63,-23.95,174.0,5.0,mwc,gcmt
2006-09-09,00:31:37,-70.15,-29.59,43.7,3.3,md,guc
2006-09-09,03:25:48,-69.0,-31.46,163.9,3.2,md,guc
2006-09-09,06:31:21,-67.74,-28.08,145.0,3.9,m,guc
2006-09-09,07:26:58,-70.42,-31.62,125.0,2.9,m,guc
2006-09-09,08:54:57,-74.33,-11.02,38.5,4.5,mb,us
2006-09-09,12:28:21,-72.2,-15.09,142.6,4.1,mb,us
2006-09-09,14:25:07,-70.24,-34.65,141.6,2.8,md,guc
2006-09-09,15:16:47,-68.2,-21.52,123.8,4.9,mb,us
2006-09-09,17:31:11,-70.46,-32.63,95.9,4.7,mb,us
2006-09-09,18:27:42,-69.01,-31.44,116.0,3.2,md,guc
2006-09-10,02:50:19,-71.86,-32.49,27.2,2.7,ml,guc
2006-09-10,06:56:43,-72.04,-35.94,75.1,2.5,m,guc
2006-09-10,10:49:57,-72.17,-34.52,28.0,2.6,ml,guc
2006-09-10,11:17:43,-66.29,-23.01,230.7,5.1,mwc,gcmt
2006-09-10,13:44:54,-71.11,-30.49,57.6,3.1,m,guc
2006-09-11,01:27:31,-70.66,-26.47,29.7,4.9,mwc,gcmt
2006-09-11,04:25:08,-69.8,-31.6,130.3,2.8,md,guc
2006-09-11,05:02:45,-71.28,-28.66,34.7,3.6,ml,guc
2006-09-11,09:08:48,-71.25,-17.78,37.0,4.5,mb,us
2006-09-11,09:19:37,-71.99,-35.01,60.9,3.3,md,guc
2006-09-11,09:40:05,-70.52,-29.37,78.6,4.0,md,guc
2006-09-11,13:17:21,-71.62,-32.6,14.0,3.4,ml,guc
2006-09-11,13:53:26,-70.62,-27.86,64.9,2.8,md,guc
2006-09-11,14:58:15,-67.4,-31.54,10.0,4.1,ml,guc
2006-09-11,15:27:53,-76.49,-5.18,17.1,4.8,mb,us
2006-09-11,15:38:08,-70.72,-26.47,35.7,3.9,ml,guc
2006-09-11,19:15:06,-70.54,-33.3,89.0,2.6,md,guc
2006-09-11,20:24:54,-70.97,-35.32,109.5,3.1,md,guc
2006-09-11,20:32:04,-69.23,-31.3,127.1,3.0,m,guc
2006-09-12,01:15:02,-71.37,-25.17,37.6,4.6,mb,us
2006-09-12,02:48:17,-68.74,-34.21,0.0,2.6,ml,guc
2006-09-12,04:42:43,-76.36,-5.2,35.0,4.9,mb,us
2006-09-12,05:54:22,-71.16,-30.54,88.5,3.2,m,guc
2006-09-12,06:12:30,-70.63,-33.58,89.7,3.3,md,guc
2006-09-12,10:44:02,-72.18,-33.02,10.2,2.7,ml,guc
2006-09-12,11:19:03,-72.18,-32.99,23.5,2.5,ml,guc
2006-09-12,11:55:14,-72.26,-32.99,15.2,3.6,md,guc
2006-09-12,12:14:00,-72.16,-32.98,29.0,3.4,ml,guc
2006-09-12,12:17:15,-72.21,-32.99,26.8,4.1,ml,guc
2006-09-12,12:20:10,-72.2,-32.99,15.2,3.3,ml,guc
2006-09-12,12:23:33,-72.17,-33.01,32.5,3.3,ml,guc
2006-09-12,13:30:56,-68.9,-28.94,114.0,6.0,mwb,us
2006-09-12,15:05:07,-72.28,-32.92,38.6,3.5,md,guc
2006-09-12,18:02:47,-113.67,-22.72,10.0,4.6,mb,us
2006-09-12,18:24:32,-70.49,-35.11,11.4,3.2,ml,guc
2006-09-12,19:55:12,-70.25,-33.14,4.0,2.5,ml,guc
2006-09-12,21:31:04,-72.26,-33.02,15.3,2.5,ml,guc
2006-09-12,23:10:49,-67.87,-31.46,106.3,3.9,mb,us
2006-09-13,00:33:26,-68.92,-29.79,150.0,3.6,m,guc
2006-09-13,04:57:13,-71.02,-32.41,70.4,3.2,md,guc
2006-09-13,08:38:38,-72.02,-32.47,45.1,2.5,m,guc
2006-09-13,12:58:41,-71.55,-32.4,54.5,3.8,md,guc
2006-09-13,15:49:00,-80.08,-6.43,99.6,4.2,mb,us
2006-09-13,16:30:15,-80.77,-6.37,49.6,4.2,mb,us
2006-09-13,16:46:58,-67.55,-22.49,153.4,4.6,mb,us
2006-09-13,17:38:52,-71.5,-29.48,17.1,2.8,ml,guc
2006-09-13,23:12:32,-66.63,-24.05,197.7,4.0,mb,us
2006-09-14,06:01:31,-80.82,-6.58,62.3,4.5,mb,us
2006-09-14,20:42:50,-66.97,-24.29,166.9,4.6,mb,us
2006-09-15,04:13:48,-72.65,-31.16,34.8,2.8,ml,guc
2006-09-15,05:02:38,-68.77,-23.52,100.0,4.4,mb,us
2006-09-15,06:37:04,-115.75,-50.25,10.0,5.2,mwc,gcmt
2006-09-15,08:34:32,-66.55,-21.49,220.2,4.5,mb,us
2006-09-15,16:40:46,-68.17,-21.28,118.2,0.0,,us
2006-09-16,04:48:30,-108.03,-8.6,10.0,4.2,mb,us
2006-09-16,09:14:13,-63.59,-54.18,57.6,4.4,mb,us
2006-09-16,12:56:38,-70.97,-31.99,84.1,4.3,mb,us
2006-09-16,18:59:11,-66.68,-23.87,202.2,4.1,mb,us
2006-09-17,05:53:45,-69.8,-31.78,135.3,3.1,md,guc
2006-09-17,06:01:02,-67.04,-24.21,154.6,4.4,mb,us
2006-09-17,09:34:14,-67.14,-31.73,137.0,6.2,mwb,us
2006-09-17,10:12:33,-71.11,-35.04,89.5,2.5,m,guc
2006-09-17,10:36:56,-66.94,-31.83,132.2,4.3,mb,us
2006-09-17,12:57:22,-64.68,-24.28,58.7,4.2,mb,us
2006-09-17,14:43:37,-69.62,-31.46,139.6,3.4,m,guc
2006-09-17,17:28:18,-69.58,-27.6,114.4,3.9,m,guc
2006-09-17,21:57:44,-70.77,-34.36,98.5,3.1,md,guc
2006-09-17,23:36:17,-70.27,-33.15,17.6,3.0,ml,guc
2006-09-18,04:59:30,-72.34,-32.92,34.2,2.5,ml,guc
2006-09-18,07:19:07,-67.03,-24.18,166.1,4.0,mb,us
2006-09-18,09:34:44,-72.27,-33.02,35.7,3.8,md,guc
2006-09-18,10:13:04,-71.3,-31.06,61.2,4.0,md,guc
2006-09-18,11:19:51,-70.54,-32.47,11.6,2.6,ml,guc
2006-09-18,12:20:54,-67.06,-24.35,165.5,4.4,mb,us
2006-09-18,15:29:29,-70.67,-27.57,62.2,3.1,m,guc
2006-09-18,18:56:33,-74.61,-8.69,129.2,4.9,mb,us
2006-09-18,22:33:01,-72.36,-32.89,36.4,4.5,mb,us
2006-09-19,01:02:18,-70.78,-35.26,111.8,2.6,md,guc
2006-09-19,03:21:54,-69.13,-32.9,4.4,3.1,ml,guc
2006-09-19,06:18:55,-72.33,-32.91,33.7,3.3,ml,guc
2006-09-19,06:44:02,-70.49,-28.33,85.0,3.8,m,guc
2006-09-19,07:06:18,-69.9,-31.76,130.1,3.5,md,guc
2006-09-19,07:37:31,-72.19,-32.98,18.0,3.0,ml,guc
2006-09-19,07:49:27,-72.16,-33.02,32.8,2.5,ml,guc
2006-09-19,08:48:18,-68.43,-30.63,150.0,3.7,m,guc
2006-09-19,10:51:44,-66.72,-23.99,164.1,4.9,mb,us
2006-09-19,10:52:56,-67.31,-31.89,180.0,4.2,m,guc
2006-09-19,11:14:22,-68.97,-33.12,10.2,3.0,ml,guc
2006-09-19,13:30:15,-71.98,-31.43,38.5,4.1,md,guc
2006-09-19,15:20:55,-66.74,-31.52,120.2,3.9,mb,us
2006-09-19,15:27:05,-71.38,-32.32,55.0,2.6,md,guc
2006-09-19,16:14:29,-70.48,-33.94,17.4,2.7,ml,guc
2006-09-19,19:08:59,-72.39,-32.9,33.4,3.3,ml,guc
2006-09-20,02:50:06,-68.73,-31.28,150.0,3.1,md,guc
2006-09-20,03:39:31,-70.49,-34.11,106.9,4.2,mb,us
2006-09-20,04:12:08,-69.26,-18.99,106.6,5.0,mwc,gcmt
2006-09-20,05:21:14,-68.08,-22.21,99.3,3.6,mb,us
2006-09-20,09:09:50,-71.1,-32.06,81.3,2.5,m,guc
2006-09-20,09:56:00,-72.38,-33.15,32.5,3.6,ml,guc
2006-09-20,10:55:02,-71.78,-32.66,28.3,2.6,ml,guc
2006-09-20,12:37:55,-72.33,-33.17,1.4,2.8,ml,guc
2006-09-20,17:12:47,-69.59,-16.68,179.7,4.0,mb,us
2006-09-20,21:12:20,-71.4,-30.42,42.3,3.1,m,guc
2006-09-20,21:55:27,-111.74,-23.61,10.0,4.7,mb,us
2006-09-20,22:24:53,-67.56,-32.07,10.0,4.2,ml,guc
2006-09-21,04:48:44,-75.11,-44.21,6.7,4.0,mb,us
2006-09-21,09:27:59,-91.85,-40.93,10.0,5.1,mwc,gcmt
2006-09-21,10:55:58,-71.37,-34.05,43.5,3.7,md,guc
2006-09-21,14:22:25,-72.52,-38.84,61.9,4.4,mb,us
2006-09-21,15:42:51,-72.18,-33.52,19.3,4.5,mb,us
2006-09-21,16:05:24,-70.26,-34.11,114.3,3.7,md,guc
2006-09-21,18:21:35,-71.62,-32.67,10.3,2.8,ml,guc
2006-09-22,00:49:57,-66.85,-24.07,179.5,4.2,mb,us
2006-09-22,02:32:26,-63.15,-26.87,598.3,6.0,mwb,us
2006-09-22,04:25:58,-70.06,-34.03,20.4,4.2,mb,us
2006-09-22,04:46:46,-62.83,-27.02,611.4,4.1,mb,us
2006-09-22,06:40:25,-71.64,-30.42,19.3,3.0,ml,guc
2006-09-22,11:05:20,-70.85,-33.52,68.6,3.3,md,guc
2006-09-22,13:17:20,-68.99,-33.14,8.7,2.6,ml,guc
2006-09-22,13:40:11,-70.83,-33.76,77.1,2.7,md,guc
2006-09-22,14:25:16,-69.19,-31.27,150.8,3.3,m,guc
2006-09-23,04:22:32,-71.82,-36.24,68.8,3.0,md,guc
2006-09-23,08:50:20,-72.4,-32.52,41.7,3.6,md,guc
2006-09-23,13:11:31,-68.57,-31.2,150.0,3.5,m,guc
2006-09-23,13:44:48,-71.44,-32.4,45.1,3.4,md,guc
2006-09-23,16:06:27,-72.01,-33.99,37.1,3.5,md,guc
2006-09-23,16:55:45,-69.73,-28.78,85.0,4.4,m,guc
2006-09-23,18:19:57,-67.43,-22.01,165.7,4.1,mb,us
2006-09-23,20:13:02,-67.02,-24.27,161.9,4.5,mb,us
2006-09-23,20:45:39,-70.39,-37.97,150.0,3.6,md,guc
2006-09-23,21:29:57,-66.96,-24.28,157.6,4.6,mb,us
2006-09-24,01:12:29,-74.74,-11.25,108.1,5.2,mwc,gcmt
2006-09-24,04:02:34,-69.2,-20.9,95.2,0.0,,us
2006-09-24,05:43:52,-66.61,-23.57,185.4,3.9,mb,us
2006-09-24,09:04:36,-72.44,-33.88,44.4,4.6,mb,us
2006-09-24,10:09:51,-69.46,-17.34,166.7,0.0,,us
2006-09-24,12:16:47,-72.29,-33.92,26.2,4.7,mb,us
2006-09-24,12:20:33,-70.52,-32.2,8.7,2.7,ml,guc
2006-09-24,14:44:50,-71.93,-31.61,24.2,3.8,ml,guc
2006-09-24,19:13:59,-71.8,-28.54,40.6,4.4,md,guc
2006-09-24,21:08:50,-67.69,-32.23,141.0,5.7,mwb,us
2006-09-24,21:54:57,-74.84,-6.53,59.4,3.8,mb,us
2006-09-24,21:57:01,-72.08,-35.73,44.3,4.9,mb,us
2006-09-25,01:52:37,-124.78,-55.93,10.0,5.1,mwc,gcmt
2006-09-25,06:52:48,-71.39,-29.73,34.0,4.5,ml,guc
2006-09-25,08:14:25,-71.1,-28.16,47.0,3.9,md,guc
2006-09-25,09:07:14,-72.52,-33.88,34.8,3.4,ml,guc
2006-09-25,10:11:27,-70.96,-35.32,113.0,3.7,md,guc
2006-09-25,12:23:36,-70.34,-34.44,10.2,3.1,md,guc
2006-09-25,16:03:36,-72.2,-35.73,54.7,3.7,md,guc
2006-09-25,21:44:57,-71.04,-27.9,47.0,2.7,m,guc
2006-09-26,00:59:20,-71.87,-16.53,86.6,4.5,mb,us
2006-09-26,01:43:54,-68.68,-22.69,103.4,4.2,mb,us
2006-09-26,02:00:40,-71.17,-30.72,38.3,2.9,md,guc
2006-09-26,03:42:44,-67.55,-27.61,150.0,3.7,mb,us
2006-09-26,05:51:29,-71.82,-35.28,36.8,3.0,md,guc
2006-09-26,05:57:19,-69.82,-16.85,147.6,4.5,mb,us
2006-09-26,09:20:52,-72.8,-36.41,38.7,3.9,md,guc
2006-09-26,10:22:23,-71.63,-33.01,33.4,2.7,ml,guc
2006-09-26,12:31:53,-71.14,-34.45,87.4,2.9,md,guc
2006-09-26,14:55:00,-71.91,-32.9,41.0,4.1,md,guc
2006-09-26,16:15:02,-71.13,-28.07,15.0,4.0,ml,guc
2006-09-26,18:35:13,-71.45,-29.7,37.7,4.0,md,guc
2006-09-27,04:58:07,-70.56,-34.45,118.6,2.8,md,guc
2006-09-27,06:37:27,-71.08,-35.15,95.0,3.1,m,guc
2006-09-27,08:35:02,-71.98,-16.55,27.0,4.1,ml,lim
2006-09-27,16:17:53,-69.88,-33.13,118.4,2.8,md,guc
2006-09-27,18:53:22,-69.84,-31.23,125.0,3.9,md,guc
2006-09-27,19:55:06,-71.63,-31.99,25.1,3.3,ml,guc
2006-09-28,03:20:20,-68.84,-20.89,111.2,3.8,mb,us
2006-09-28,04:33:41,-71.92,-31.61,30.2,3.4,ml,guc
2006-09-28,11:03:42,-71.51,-32.39,30.3,2.8,ml,guc
2006-09-28,13:43:08,-71.88,-36.15,71.8,3.1,md,guc
2006-09-28,20:37:34,-69.24,-19.52,45.8,4.3,mb,us
2006-09-28,23:17:27,-68.81,-31.38,105.8,3.1,md,guc
2006-09-29,00:40:28,-76.2,-13.94,35.0,4.3,mb,us
2006-09-29,08:27:27,-67.27,-31.01,13.7,4.5,mb,us
2006-09-29,08:48:32,-71.81,-36.12,107.1,3.5,m,guc
2006-09-29,17:47:08,-71.53,-32.05,42.6,3.3,md,guc
2006-09-29,18:45:29,-71.34,-30.95,56.5,2.9,md,guc
2006-09-29,19:03:36,-70.38,-28.51,99.6,3.7,m,guc
2006-09-29,19:15:20,-71.14,-25.21,10.0,3.4,ml,guc
2006-09-29,19:57:16,-70.51,-29.56,75.0,3.2,m,guc
2006-09-30,02:37:52,-71.51,-32.04,39.7,3.4,md,guc
2006-09-30,04:37:32,-71.37,-29.98,38.9,3.8,md,guc
2006-09-30,06:19:19,-70.75,-32.85,79.3,2.5,md,guc
2006-09-30,07:18:36,-71.48,-29.5,27.9,3.2,ml,guc
2006-09-30,10:07:45,-70.43,-31.04,112.4,3.6,m,guc
2006-09-30,11:44:35,-72.26,-32.96,25.7,3.1,ml,guc
2006-09-30,13:47:01,-86.73,-41.55,10.0,5.0,mwc,gcmt
2006-09-30,15:05:10,-69.8,-31.75,105.2,2.7,m,guc
2006-09-30,16:26:56,-73.16,-15.59,107.0,6.0,mwb,us
2006-09-30,17:57:58,-71.46,-32.49,64.1,3.4,md,guc
2006-09-30,20:38:16,-68.74,-24.64,84.4,0.0,,us
2006-10-01,02:39:34,-67.92,-22.24,83.6,4.1,mb,us
2006-10-01,07:24:39,-71.14,-31.94,47.2,4.3,md,guc
2006-10-01,07:32:53,-71.32,-33.38,51.8,3.6,md,guc
2006-10-01,08:36:12,-70.42,-28.7,69.5,3.3,md,guc
2006-10-01,14:55:42,-66.68,-23.98,191.7,0.0,,us
2006-10-01,15:58:57,-114.95,-26.73,10.0,5.2,mwc,gcmt
2006-10-01,16:30:52,-66.44,-23.06,219.3,0.0,,us
2006-10-01,17:02:32,-71.25,-30.21,55.0,2.8,md,guc
2006-10-01,18:17:36,-71.3,-27.94,35.0,4.0,ml,guc
2006-10-01,20:14:19,-70.27,-33.14,3.4,3.1,ml,guc
2006-10-01,21:10:58,-70.68,-26.4,39.5,4.4,mb,us
2006-10-01,23:36:04,-71.25,-29.69,50.9,3.7,md,guc
2006-10-01,23:55:26,-71.19,-29.6,48.5,3.0,md,guc
2006-10-02,03:38:33,-71.59,-32.23,58.3,2.8,md,guc
2006-10-02,04:02:41,-71.08,-32.13,66.3,3.0,md,guc
2006-10-02,14:24:11,-68.95,-19.95,107.6,4.2,mb,us
2006-10-03,00:33:39,-69.15,-19.23,82.5,4.7,mb,us
2006-10-03,02:15:32,-72.32,-34.55,29.9,2.6,ml,guc
2006-10-03,02:52:54,-71.78,-29.51,44.0,2.8,m,guc
2006-10-03,03:29:12,-70.52,-34.0,107.5,3.1,md,guc
2006-10-03,05:51:32,-68.38,-21.28,107.7,4.1,mb,us
2006-10-03,07:01:03,-71.24,-33.77,63.6,3.0,md,guc
2006-10-03,08:45:14,-69.51,-32.29,120.6,2.7,md,guc
2006-10-03,09:33:07,-71.65,-32.13,25.5,2.6,ml,guc
2006-10-03,12:30:27,-75.34,-41.5,25.0,4.3,mb,us
2006-10-03,13:19:48,-72.25,-34.39,33.5,3.8,ml,guc
2006-10-03,16:06:06,-70.13,-33.64,109.2,2.5,md,guc
2006-10-03,19:02:02,-71.79,-32.68,14.2,3.1,ml,guc
2006-10-03,20:26:23,-70.98,-32.6,39.1,3.3,md,guc
2006-10-03,21:05:18,-70.87,-33.26,71.0,3.1,md,guc
2006-10-03,21:23:57,-73.34,-34.01,0.0,2.9,ml,guc
2006-10-03,22:50:40,-68.08,-21.48,125.7,3.8,mb,us
2006-10-03,23:37:16,-71.76,-32.22,30.0,2.8,ml,guc
2006-10-04,02:32:56,-105.5,-35.5,10.0,4.9,mwc,gcmt
2006-10-04,02:50:07,-69.79,-34.43,21.2,2.6,ml,guc
2006-10-04,07:22:39,-71.64,-29.98,41.2,3.1,md,guc
2006-10-04,07:40:16,-108.25,-35.25,10.0,5.0,mwc,gcmt
2006-10-04,13:34:17,-71.43,-18.26,72.9,4.3,mb,us
2006-10-04,14:59:35,-75.64,-7.68,34.0,4.4,mb,us
2006-10-04,18:14:22,-66.96,-18.28,266.9,4.0,mb,us
2006-10-05,01:32:18,-70.99,-32.76,67.7,3.1,md,guc
2006-10-05,02:10:16,-68.22,-21.96,106.2,3.8,mb,us
2006-10-05,02:20:41,-71.28,-29.74,48.3,4.2,mb,us
2006-10-05,02:47:02,-66.96,-24.25,166.0,4.1,mb,us
2006-10-05,09:27:32,-72.03,-30.36,34.4,4.0,ml,guc
2006-10-05,11:44:33,-71.79,-34.72,41.3,3.8,md,guc
2006-10-05,17:05:41,-70.96,-33.48,70.2,3.1,md,guc
2006-10-05,18:45:26,-70.56,-33.77,94.7,3.4,md,guc
2006-10-06,00:10:13,-69.19,-32.24,126.6,3.1,md,guc
2006-10-06,03:33:32,-69.76,-27.0,3.4,3.2,ml,guc
2006-10-06,06:15:40,-73.81,-15.66,73.6,0.0,,us
2006-10-06,09:15:11,-70.51,-35.03,12.7,3.3,md,guc
2006-10-06,10:01:58,-65.06,-17.87,38.4,3.8,mb,us
2006-10-06,11:28:39,-70.45,-34.45,118.2,3.4,md,guc
2006-10-06,11:41:39,-69.42,-31.52,107.6,2.8,m,guc
2006-10-06,15:20:29,-72.25,-35.06,33.3,3.4,ml,guc
2006-10-06,16:25:28,-114.6,-50.1,10.0,5.7,mwc,gcmt
2006-10-06,16:31:01,-114.58,-50.36,10.0,4.6,mb,us
2006-10-06,17:21:15,-68.15,-29.13,48.5,4.4,mb,us
2006-10-06,22:17:31,-66.74,-24.28,156.1,3.9,mb,us
2006-10-07,00:51:46,-69.46,-16.81,176.9,3.7,mb,us
2006-10-07,03:11:59,-72.08,-30.54,22.5,3.5,ml,guc
2006-10-07,08:20:57,-68.98,-24.09,104.0,5.7,mwb,us
2006-10-07,16:32:19,-76.29,-45.7,40.2,5.1,mwc,gcmt
2006-10-08,04:27:36,-71.69,-32.43,15.1,2.5,ml,guc
2006-10-08,05:04:39,-70.46,-15.67,173.1,3.7,mb,us
2006-10-08,12:34:33,-69.4,-16.46,197.4,3.9,mb,us
2006-10-08,12:44:30,-71.83,-37.39,47.0,3.1,md,guc
2006-10-08,16:09:31,-72.06,-30.63,19.5,3.7,ml,guc
2006-10-08,18:43:18,-72.18,-36.47,42.3,4.1,mb,us
2006-10-08,19:07:42,-71.03,-15.59,10.0,4.4,mb,us
2006-10-08,21:30:30,-67.57,-31.66,25.0,4.1,mb,us
2006-10-08,23:10:48,-70.2,-25.53,65.9,3.2,md,guc
2006-10-09,05:10:00,-71.5,-31.07,68.8,3.9,md,guc
2006-10-09,06:36:48,-70.28,-32.63,104.7,3.1,md,guc
2006-10-09,09:36:49,-69.59,-31.92,118.0,4.5,mb,us
2006-10-09,09:55:39,-67.24,-22.32,180.2,4.7,mb,us
2006-10-09,10:27:26,-69.78,-31.71,110.8,4.0,m,guc
2006-10-09,16:21:15,-71.67,-30.75,32.8,2.9,ml,guc
2006-10-10,01:22:36,-69.22,-26.12,138.5,4.3,m,guc
2006-10-10,03:12:34,-122.64,-55.88,10.0,4.7,mb,us
2006-10-10,04:18:08,-69.86,-28.85,128.1,3.6,md,guc
2006-10-10,05:37:40,-66.29,-23.12,180.1,3.9,mb,us
2006-10-10,06:28:44,-70.66,-28.33,50.7,3.6,md,guc
2006-10-10,06:57:08,-71.44,-34.51,70.2,3.7,md,guc
2006-10-10,08:02:52,-122.37,-56.1,10.0,6.0,mwc,gcmt
2006-10-10,11:44:20,-63.46,-26.46,568.5,0.0,,us
2006-10-10,11:56:13,-69.08,-20.05,129.0,0.0,,us
2006-10-10,14:42:35,-68.86,-20.1,118.9,3.8,mb,us
2006-10-10,18:17:08,-66.99,-31.75,137.6,4.5,mb,us
2006-10-10,19:16:49,-69.87,-32.7,110.6,2.9,md,guc
2006-10-10,21:04:12,-72.0,-30.68,3.8,3.2,ml,guc
2006-10-10,23:05:30,-70.07,-32.03,121.6,4.5,mb,us
2006-10-11,02:15:09,-66.95,-24.12,172.7,0.0,,us
2006-10-11,06:54:04,-71.62,-28.66,36.5,4.4,md,guc
2006-10-11,07:31:50,-71.75,-32.47,30.7,3.6,md,guc
2006-10-11,07:37:17,-72.56,-35.65,62.3,3.5,md,guc
2006-10-11,09:58:39,-71.64,-32.42,43.4,3.8,md,guc
2006-10-11,10:50:10,-66.51,-23.89,200.4,4.4,mb,us
2006-10-11,14:21:36,-70.39,-22.06,36.7,4.4,mb,us
2006-10-11,16:02:22,-68.97,-30.1,107.2,3.9,mb,us
2006-10-11,18:05:18,-68.5,-21.05,114.6,3.7,mb,us
2006-10-12,01:31:55,-69.22,-17.94,139.7,4.6,mb,us
2006-10-12,01:37:52,-71.71,-34.82,44.0,3.8,md,guc
2006-10-12,04:48:32,-70.42,-34.39,115.2,2.9,md,guc
2006-10-12,05:51:37,-70.57,-34.24,101.0,2.5,md,guc
2006-10-12,06:02:29,-69.92,-33.62,2.0,3.2,md,guc
2006-10-12,06:19:29,-71.64,-28.62,32.5,4.5,mb,us
2006-10-12,06:31:41,-71.47,-28.7,6.1,3.6,ml,guc
2006-10-12,06:49:06,-71.54,-28.64,33.2,4.8,mb,us
2006-10-12,07:48:44,-71.19,-28.89,44.6,4.3,m,guc
2006-10-12,08:55:34,-71.66,-28.63,29.1,3.7,ml,guc
2006-10-12,11:00:00,-71.44,-28.22,50.0,3.7,m,guc
2006-10-12,11:11:20,-69.34,-30.39,16.1,3.7,ml,guc
2006-10-12,12:39:10,-71.8,-30.65,39.9,3.9,m,guc
2006-10-12,17:07:25,-70.99,-32.6,33.7,2.8,ml,guc
2006-10-12,18:05:57,-71.37,-31.26,31.0,6.4,mwc,gcmt
2006-10-12,18:24:08,-71.64,-31.38,34.3,3.4,ml,guc
2006-10-12,18:28:20,-71.88,-31.49,20.1,3.5,ml,guc
2006-10-12,18:38:00,-71.6,-31.37,20.3,3.3,ml,guc
2006-10-12,18:41:16,-71.63,-31.48,14.2,3.4,ml,guc
2006-10-12,18:42:13,-71.64,-31.46,14.8,3.3,ml,guc
2006-10-12,18:57:04,-71.64,-31.39,25.1,3.0,ml,guc
2006-10-12,19:16:47,-71.64,-31.38,25.0,2.8,ml,guc
2006-10-12,19:31:41,-71.76,-31.38,22.6,3.3,ml,guc
2006-10-12,19:47:02,-69.76,-32.2,109.5,2.9,md,guc
2006-10-12,19:59:13,-71.76,-31.36,32.4,3.4,ml,guc
2006-10-12,20:15:36,-71.98,-31.48,19.3,3.7,ml,guc
2006-10-12,21:02:54,-71.72,-31.37,33.8,4.1,ml,guc
2006-10-12,21:29:39,-71.64,-31.38,29.1,3.3,ml,guc
2006-10-12,21:32:07,-71.78,-31.49,38.1,4.0,md,guc
2006-10-12,21:49:41,-71.56,-31.37,24.3,3.1,ml,guc
2006-10-12,21:59:05,-71.64,-31.4,31.0,3.2,ml,guc
2006-10-12,22:06:48,-71.71,-31.45,24.8,3.2,ml,guc
2006-10-12,23:01:13,-71.65,-31.37,24.0,3.3,ml,guc
2006-10-12,23:04:57,-71.66,-31.42,30.2,2.8,ml,guc
2006-10-12,23:12:17,-71.67,-31.45,24.7,3.0,ml,guc
2006-10-12,23:34:08,-71.71,-31.4,25.6,3.3,ml,guc
2006-10-12,23:48:12,-71.64,-31.51,32.2,3.4,ml,guc
2006-10-13,00:07:21,-122.21,-56.0,10.0,4.7,mb,us
2006-10-13,00:22:29,-71.64,-31.44,7.6,2.7,ml,guc
2006-10-13,01:27:50,-71.5,-31.44,3.9,2.7,ml,guc
2006-10-13,01:47:36,-71.74,-31.34,23.9,3.5,ml,guc
2006-10-13,01:55:25,-68.81,-20.47,115.7,4.0,mb,us
2006-10-13,02:54:53,-71.71,-31.4,20.4,3.2,ml,guc
2006-10-13,03:05:56,-71.71,-31.46,29.9,3.9,ml,guc
2006-10-13,03:35:42,-71.7,-31.44,22.9,3.0,ml,guc
2006-10-13,03:39:24,-71.73,-31.36,28.4,3.3,ml,guc
2006-10-13,04:22:14,-71.7,-31.44,22.0,2.6,ml,guc
2006-10-13,04:41:31,-71.64,-31.44,30.2,3.9,ml,guc
2006-10-13,05:05:54,-71.67,-31.37,14.5,3.1,ml,guc
2006-10-13,05:12:41,-71.64,-31.39,33.6,3.0,ml,guc
2006-10-13,06:20:58,-71.64,-31.37,25.9,3.4,ml,guc
2006-10-13,07:00:03,-71.7,-31.6,97.7,4.2,mb,us
2006-10-13,07:06:55,-72.34,-31.18,30.0,0.0,,us
2006-10-13,08:51:07,-68.26,-21.06,109.3,4.2,mb,us
2006-10-13,09:42:17,-71.83,-31.4,15.0,3.2,ml,guc
2006-10-13,10:24:28,-71.77,-31.42,8.3,3.1,ml,guc
2006-10-13,10:28:44,-69.33,-18.03,123.9,5.3,mwc,gcmt
2006-10-13,11:26:39,-69.15,-17.94,137.1,4.5,mb,us
2006-10-13,11:34:35,-71.63,-31.4,11.9,3.5,ml,guc
2006-10-13,16:12:55,-71.61,-31.42,29.9,5.3,mwc,gcmt
2006-10-14,02:54:28,-71.92,-30.41,36.8,3.7,md,guc
2006-10-14,03:45:14,-71.68,-31.38,12.1,3.2,ml,guc
2006-10-14,04:55:41,-71.3,-33.79,51.2,3.4,md,guc
2006-10-14,09:04:29,-69.42,-29.14,115.0,4.1,mb,us
2006-10-14,09:09:31,-71.71,-31.51,28.8,4.8,mb,us
2006-10-14,10:54:09,-71.68,-31.48,24.2,3.1,ml,guc
2006-10-14,11:17:42,-71.73,-15.36,132.2,3.9,mb,us
2006-10-14,13:54:39,-67.33,-20.56,177.7,4.0,mb,us
2006-10-14,15:18:39,-68.19,-23.02,108.1,5.1,mwc,gcmt
2006-10-14,15:35:43,-68.92,-33.11,3.7,2.5,ml,guc
2006-10-14,17:22:06,-70.79,-26.75,59.8,3.4,md,guc
2006-10-14,17:35:09,-71.19,-31.98,70.0,3.8,md,guc
2006-10-14,18:06:23,-71.66,-31.47,11.4,2.8,ml,guc
2006-10-14,21:00:18,-76.38,-14.13,35.0,4.6,mb,us
2006-10-14,21:12:18,-69.3,-18.4,131.1,4.4,mb,us
2006-10-14,21:14:17,-71.7,-31.44,28.4,2.9,ml,guc
2006-10-14,23:58:10,-71.72,-31.44,23.8,2.9,ml,guc
2006-10-15,00:07:06,-71.69,-31.44,9.0,3.0,ml,guc
2006-10-15,01:44:57,-71.7,-31.45,10.4,3.4,ml,guc
2006-10-15,04:15:03,-69.0,-22.24,83.7,4.0,mb,us
2006-10-15,04:48:19,-78.83,-9.37,49.9,4.9,mb,us
2006-10-15,06:14:42,-71.75,-31.49,23.1,4.3,mb,us
2006-10-15,07:01:52,-70.76,-28.6,86.0,4.4,mb,us
2006-10-15,08:13:45,-71.24,-32.9,49.0,3.2,md,guc
2006-10-15,08:21:41,-71.63,-31.4,13.4,2.8,ml,guc
2006-10-15,09:14:09,-71.61,-31.45,6.3,2.7,ml,guc
2006-10-15,10:22:41,-69.47,-31.38,145.0,3.0,md,guc
2006-10-15,15:28:56,-71.68,-31.42,8.6,2.6,ml,guc
2006-10-15,16:30:17,-71.75,-31.62,12.7,3.3,ml,guc
2006-10-15,18:59:58,-79.93,-4.61,10.0,4.0,mb,us
2006-10-15,19:19:24,-71.68,-31.42,22.6,2.8,ml,guc
2006-10-15,21:04:01,-71.64,-31.37,17.9,2.6,ml,guc
2006-10-15,21:31:06,-71.79,-31.35,23.6,2.8,ml,guc
2006-10-15,22:14:21,-71.69,-32.07,23.8,0.0,,us
2006-10-15,22:23:03,-71.72,-32.06,31.4,2.5,ml,guc
2006-10-15,22:33:36,-71.72,-31.41,10.9,2.9,ml,guc
2006-10-16,01:33:36,-71.32,-30.24,37.6,5.5,mwc,gcmt
2006-10-16,01:46:11,-71.45,-30.32,36.6,3.8,md,guc
2006-10-16,01:49:29,-71.28,-30.34,48.6,3.5,md,guc
2006-10-16,03:41:19,-71.69,-31.49,23.0,3.2,ml,guc
2006-10-16,05:37:02,-71.46,-31.94,35.8,3.4,md,guc
2006-10-16,06:02:49,-71.33,-31.02,60.1,3.8,md,guc
2006-10-16,07:24:20,-71.62,-31.51,28.5,2.9,ml,guc
2006-10-16,07:45:22,-71.73,-32.57,24.2,2.9,ml,guc
2006-10-16,09:48:12,-69.87,-31.68,104.6,3.2,md,guc
2006-10-16,15:09:38,-71.88,-31.55,30.9,4.2,mb,us
2006-10-16,15:21:55,-71.9,-32.3,38.0,3.6,md,guc
2006-10-16,16:58:38,-71.88,-31.54,30.8,3.2,ml,guc
2006-10-16,17:04:59,-71.82,-31.53,30.3,2.7,ml,guc
2006-10-16,22:01:40,-71.5,-36.26,151.1,3.6,md,guc
2006-10-17,01:26:22,-69.32,-31.39,116.2,3.4,md,guc
2006-10-17,01:53:12,-71.74,-31.43,17.7,2.8,ml,guc
2006-10-17,02:01:40,-71.06,-27.06,46.9,4.2,md,guc
2006-10-17,02:20:54,-71.74,-31.65,26.7,3.3,ml,guc
2006-10-17,04:02:37,-68.28,-21.04,140.7,5.9,mwc,gcmt
2006-10-17,10:54:47,-70.19,-28.23,85.9,4.9,m,guc
2006-10-17,19:47:46,-68.61,-20.98,106.0,4.5,mb,us
2006-10-18,00:08:56,-72.11,-33.03,22.6,3.2,ml,guc
2006-10-18,01:11:10,-69.69,-16.51,191.0,3.6,mb,us
2006-10-18,02:07:48,-71.68,-32.62,19.7,3.4,ml,guc
2006-10-18,03:25:03,-66.62,-21.58,197.9,4.7,mb,us
2006-10-18,06:23:20,-71.77,-32.24,18.3,3.5,ml,guc
2006-10-18,08:26:30,-71.64,-31.33,31.5,3.2,ml,guc
2006-10-18,11:17:08,-68.5,-20.01,120.6,4.1,mb,us
2006-10-18,14:36:58,-74.86,-40.92,35.0,4.3,mb,us
2006-10-18,20:15:51,-118.53,-54.58,10.0,5.3,mwc,gcmt
2006-10-18,20:34:29,-74.8,-16.12,65.2,4.2,mb,us
2006-10-19,03:43:43,-70.39,-33.92,107.4,3.6,md,guc
2006-10-19,05:34:28,-72.09,-31.78,26.8,3.0,ml,guc
2006-10-19,07:27:55,-71.72,-31.4,27.5,2.7,ml,guc
2006-10-19,07:59:04,-69.72,-31.74,115.1,2.5,m,guc
2006-10-19,09:59:21,-71.5,-31.72,33.7,3.1,ml,guc
2006-10-19,16:06:08,-71.47,-29.92,48.1,2.6,m,guc
2006-10-19,17:34:42,-96.16,-37.1,10.0,5.1,mwc,gcmt
2006-10-19,18:44:12,-71.68,-31.44,26.8,3.1,ml,guc
2006-10-19,19:55:41,-71.62,-31.38,27.6,2.9,ml,guc
2006-10-19,23:50:32,-109.0,-35.0,10.0,4.9,mwc,gcmt
2006-10-20,00:05:02,-70.28,-28.6,103.7,3.5,m,guc
2006-10-20,03:53:02,-71.78,-32.17,9.7,2.8,ml,guc
2006-10-20,03:55:51,-71.04,-28.41,51.2,3.7,md,guc
2006-10-20,04:34:26,-71.69,-31.36,22.6,3.1,ml,guc
2006-10-20,05:36:40,-71.47,-31.37,46.5,3.5,md,guc
2006-10-20,10:45:51,-76.7,-13.39,42.9,4.7,mb,us
2006-10-20,10:48:56,-76.68,-13.46,23.0,6.7,mwc,gcmt
2006-10-20,12:14:13,-76.91,-13.46,18.0,0.0,,us
2006-10-20,20:20:41,-74.89,-9.8,120.9,5.0,mwc,gcmt
2006-10-20,21:32:16,-71.22,-35.08,98.7,3.0,md,guc
2006-10-21,04:43:30,-71.81,-31.67,12.7,3.5,ml,guc
2006-10-21,05:06:11,-71.88,-31.56,18.9,3.0,ml,guc
2006-10-21,07:10:49,-72.25,-35.64,55.0,3.3,m,guc
2006-10-21,08:16:48,-72.96,-32.73,20.6,3.0,ml,guc
2006-10-21,09:26:43,-68.97,-33.07,3.0,4.0,ml,guc
2006-10-21,10:09:56,-73.0,-32.72,21.4,3.1,ml,guc
2006-10-21,14:23:11,-71.62,-30.94,62.7,2.6,md,guc
2006-10-21,19:59:54,-66.94,-24.24,178.1,4.2,mb,us
2006-10-21,20:22:01,-71.08,-28.41,51.8,3.8,md,guc
2006-10-21,22:55:25,-71.61,-31.46,22.5,2.9,ml,guc
2006-10-22,00:58:10,-71.65,-31.38,21.4,3.0,ml,guc
2006-10-22,01:11:44,-71.05,-33.44,65.9,2.6,md,guc
2006-10-22,02:07:22,-71.24,-33.33,57.5,2.5,md,guc
2006-10-22,06:05:56,-70.16,-34.38,17.4,2.7,ml,guc
2006-10-22,08:44:56,-68.78,-21.02,94.6,4.3,mb,us
2006-10-22,16:02:16,-78.57,-5.86,54.6,3.8,mb,us
2006-10-22,16:24:29,-71.08,-32.66,9.0,2.5,ml,guc
2006-10-22,17:57:02,-71.81,-31.42,18.9,2.8,ml,guc
2006-10-22,21:01:04,-67.04,-24.4,164.0,3.8,mb,us
2006-10-22,21:06:56,-78.06,-11.7,35.0,4.1,mb,us
2006-10-22,21:52:06,-71.39,-28.71,42.0,3.8,m,guc
2006-10-22,23:29:08,-70.86,-25.81,30.5,5.4,mwc,gcmt
2006-10-23,02:26:28,-70.92,-34.83,110.0,3.3,md,guc
2006-10-23,03:30:53,-70.65,-26.34,43.9,4.1,mb,us
2006-10-23,03:59:36,-72.08,-33.73,35.8,4.0,md,guc
2006-10-23,05:27:01,-70.51,-34.54,111.4,3.6,md,guc
2006-10-23,11:36:28,-70.75,-34.59,99.2,3.0,md,guc
2006-10-23,18:24:14,-68.53,-31.16,106.6,3.5,md,guc
2006-10-23,20:51:22,-71.71,-30.88,26.4,4.1,ml,guc
2006-10-23,21:00:42,-65.6,-21.86,261.6,5.8,mwc,gcmt
2006-10-23,21:01:50,-71.74,-30.87,27.2,0.0,,us
2006-10-23,21:43:11,-71.68,-30.89,28.6,3.9,ml,guc
2006-10-23,22:15:16,-72.15,-33.72,12.5,2.6,ml,guc
2006-10-23,23:25:40,-69.54,-31.51,114.9,3.2,md,guc
2006-10-24,01:14:29,-72.2,-33.73,25.0,3.0,ml,guc
2006-10-24,03:24:59,-71.82,-34.67,44.2,3.9,md,guc
2006-10-24,04:20:42,-71.54,-31.45,30.7,3.8,ml,guc
2006-10-24,05:01:36,-71.43,-28.78,32.7,3.4,ml,guc
2006-10-24,05:54:19,-69.14,-32.86,12.3,3.4,ml,guc
2006-10-24,06:08:22,-71.4,-28.76,37.7,4.1,md,guc
2006-10-24,09:06:38,-70.79,-34.19,86.3,3.1,md,guc
2006-10-24,10:13:16,-69.38,-31.55,115.8,2.7,md,guc
2006-10-24,15:59:05,-69.83,-25.45,62.8,4.4,m,guc
2006-10-24,17:11:37,-70.29,-34.12,111.2,3.5,md,guc
2006-10-24,19:12:48,-71.81,-32.34,15.0,3.3,ml,guc
2006-10-25,00:34:32,-70.98,-34.33,79.6,3.1,md,guc
2006-10-25,02:27:08,-70.81,-33.16,76.1,2.9,md,guc
2006-10-25,02:36:32,-71.68,-31.43,22.4,3.0,ml,guc
2006-10-25,05:55:47,-71.11,-30.53,56.8,3.1,md,guc
2006-10-25,08:33:24,-71.99,-29.56,37.7,4.2,md,guc
2006-10-25,10:42:43,-71.44,-31.2,51.9,4.2,md,guc
2006-10-25,11:25:39,-70.75,-28.46,60.0,3.6,md,guc
2006-10-25,13:52:53,-70.42,-29.21,91.2,3.5,md,guc
2006-10-25,15:03:07,-76.6,-13.35,35.0,4.7,mb,us
2006-10-25,15:25:02,-71.64,-31.48,25.9,2.8,ml,guc
2006-10-25,17:21:58,-71.66,-31.37,26.0,3.3,ml,guc
2006-10-25,23:27:26,-76.71,-13.4,29.8,4.9,mb,us
2006-10-26,00:44:41,-70.54,-35.02,20.6,2.6,ml,guc
2006-10-26,03:14:45,-70.95,-34.81,100.5,2.8,md,guc
2006-10-26,05:36:50,-69.98,-32.65,110.7,2.6,m,guc
2006-10-26,06:05:20,-73.79,-36.44,40.7,3.9,md,guc
2006-10-26,06:44:04,-69.92,-32.67,112.5,2.7,m,guc
2006-10-26,09:12:07,-72.23,-35.79,65.4,3.3,md,guc
2006-10-26,15:15:26,-73.03,-33.45,23.5,3.1,ml,guc
2006-10-26,22:54:32,-76.62,-13.37,28.1,6.0,mwc,gcmt
2006-10-26,23:38:01,-68.78,-23.32,89.4,3.7,mb,us
2006-10-27,00:47:14,-71.74,-31.43,22.5,3.0,ml,guc
2006-10-27,02:24:22,-69.21,-31.84,121.9,3.7,md,guc
2006-10-27,06:37:36,-69.2,-27.5,104.5,3.9,m,guc
2006-10-27,07:30:30,-69.48,-32.17,127.9,2.9,md,guc
2006-10-27,11:00:40,-70.27,-24.38,61.3,4.0,mb,us
2006-10-27,23:53:00,-70.32,-35.45,157.4,3.1,md,guc
2006-10-28,01:28:45,-71.81,-32.32,11.2,3.1,ml,guc
2006-10-28,05:39:12,-70.44,-33.44,95.6,2.6,md,guc
2006-10-28,13:44:29,-116.75,-49.74,10.0,4.6,mb,us
2006-10-28,17:35:41,-71.4,-31.78,65.5,2.9,md,guc
2006-10-28,18:30:27,-71.54,-20.94,72.2,4.4,mb,us
2006-10-29,04:03:02,-68.97,-19.57,104.7,3.9,mb,us
2006-10-29,04:22:58,-71.32,-34.7,79.2,2.8,md,guc
2006-10-29,11:12:33,-123.9,-56.1,10.0,0.0,,us
2006-10-29,11:32:01,-72.24,-32.74,37.2,4.3,md,guc
2006-10-29,11:37:22,-71.65,-31.33,34.6,2.9,ml,guc
2006-10-29,16:02:08,-71.58,-31.61,30.8,3.2,ml,guc
2006-10-29,20:16:51,-70.11,-22.61,69.3,3.5,mb,us
2006-10-29,21:42:06,-70.92,-28.22,42.4,4.1,md,guc
2006-10-30,00:54:18,-70.26,-33.65,110.6,3.0,md,guc
2006-10-30,02:02:55,-71.81,-32.27,26.0,2.7,ml,guc
2006-10-30,04:16:01,-70.46,-15.2,204.3,5.5,mwc,gcmt
2006-10-30,07:45:55,-71.65,-32.12,27.3,4.1,ml,guc
2006-10-30,08:16:51,-71.23,-30.62,39.0,3.9,md,guc
2006-10-30,10:19:41,-69.56,-31.59,120.4,3.9,md,guc
2006-10-30,10:30:20,-72.15,-34.06,33.5,3.2,md,guc
2006-10-30,13:32:36,-71.32,-30.04,41.3,4.0,mb,us
2006-10-30,14:39:05,-68.76,-22.15,103.0,3.6,mb,us
2006-10-30,20:44:37,-67.06,-24.25,158.9,3.7,mb,us
2006-10-30,23:33:15,-71.46,-32.34,46.9,3.6,md,guc
2006-10-31,07:36:10,-71.81,-31.56,24.7,2.8,ml,guc
2006-10-31,11:51:06,-68.79,-23.68,110.0,4.4,md,guc
2006-11-01,01:16:52,-70.94,-35.29,107.7,3.4,md,guc
2006-11-01,02:34:10,-67.43,-28.2,115.6,3.9,mb,us
2006-11-01,06:01:40,-68.36,-25.46,130.0,3.2,m,guc
2006-11-01,08:46:29,-71.79,-32.27,25.0,2.6,ml,guc
2006-11-01,11:22:22,-72.23,-32.74,36.7,3.4,md,guc
2006-11-01,17:54:39,-71.62,-29.07,3.9,3.3,ml,guc
2006-11-01,18:19:49,-71.46,-32.19,45.3,3.7,md,guc
2006-11-01,20:00:52,-70.93,-32.24,93.6,3.0,md,guc
2006-11-01,21:58:59,-71.26,-28.87,45.7,3.7,m,guc
2006-11-02,01:43:05,-70.09,-19.97,46.5,4.5,mb,us
2006-11-02,01:46:19,-70.05,-19.78,43.7,4.1,mb,us
2006-11-02,01:58:34,-71.68,-31.47,23.0,3.0,ml,guc
2006-11-02,02:00:49,-72.93,-32.78,21.3,2.8,ml,guc
2006-11-02,04:48:36,-70.76,-34.53,94.3,3.0,md,guc
2006-11-02,08:10:12,-71.27,-29.78,73.2,3.8,md,guc
2006-11-02,09:37:42,-69.33,-24.35,90.0,4.1,md,guc
2006-11-02,12:40:12,-71.93,-32.77,15.0,2.9,ml,guc
2006-11-02,14:41:36,-63.57,-22.94,516.1,4.5,mb,us
2006-11-02,18:46:49,-73.36,-15.2,43.0,0.0,,us
2006-11-02,20:27:46,-69.8,-28.37,69.9,2.9,m,guc
2006-11-02,22:37:25,-72.48,-33.89,34.0,4.2,ml,guc
2006-11-03,00:10:39,-71.26,-30.79,49.5,3.6,md,guc
2006-11-03,02:58:36,-70.74,-35.01,107.9,3.4,md,guc
2006-11-03,03:27:02,-71.29,-29.05,58.4,3.2,m,guc
2006-11-03,05:25:03,-72.29,-32.72,31.9,3.0,ml,guc
2006-11-03,07:13:47,-72.11,-30.48,21.0,3.7,ml,guc
2006-11-03,08:38:42,-67.4,-31.74,12.5,3.7,ml,guc
2006-11-03,10:38:24,-74.48,-8.84,136.6,4.0,mb,us
2006-11-03,13:43:10,-71.66,-31.52,24.2,3.1,ml,guc
2006-11-03,15:22:37,-70.98,-34.07,76.0,3.2,md,guc
2006-11-03,18:03:08,-70.79,-33.31,75.0,2.5,md,guc
2006-11-03,20:10:33,-71.35,-29.91,46.4,3.0,m,guc
2006-11-03,20:15:55,-71.26,-29.0,57.0,3.2,m,guc
2006-11-03,21:15:21,-70.45,-29.65,86.4,3.3,m,guc
2006-11-04,01:18:44,-73.64,-36.89,46.8,3.3,m,guc
2006-11-04,02:04:23,-66.91,-24.26,165.8,4.2,mb,us
2006-11-04,02:41:07,-69.6,-31.93,115.6,3.1,md,guc
2006-11-04,03:49:13,-71.67,-32.68,30.4,2.7,ml,guc
2006-11-04,05:04:29,-71.5,-30.3,39.8,3.9,md,guc
2006-11-04,07:04:16,-71.76,-31.43,28.0,3.1,ml,guc
2006-11-04,12:09:12,-66.84,-24.09,169.7,4.0,mb,us
2006-11-04,15:30:08,-68.96,-33.17,7.1,3.2,ml,guc
2006-11-04,18:27:52,-71.83,-32.38,23.6,3.6,ml,guc
2006-11-04,18:43:11,-75.27,-12.38,84.1,4.9,mb,us
2006-11-04,18:54:34,-68.9,-19.2,119.4,5.1,mwc,gcmt
2006-11-04,20:08:05,-71.8,-32.38,21.4,2.5,ml,guc
2006-11-04,20:23:43,-71.8,-32.38,15.0,3.1,ml,guc
2006-11-04,21:11:49,-71.8,-32.38,13.4,2.8,ml,guc
2006-11-04,23:18:47,-71.34,-29.8,46.9,2.8,m,guc
2006-11-05,01:34:10,-74.39,-8.01,142.7,3.8,mb,us
2006-11-05,03:39:23,-66.58,-23.25,194.8,4.1,mb,us
2006-11-05,06:47:11,-71.82,-32.38,21.3,3.0,ml,guc
2006-11-05,06:49:48,-71.8,-32.39,15.0,2.5,ml,guc
2006-11-05,08:54:58,-70.3,-27.95,74.8,4.6,m,guc
2006-11-05,10:27:39,-71.08,-32.03,69.0,2.9,md,guc
2006-11-05,13:06:20,-69.53,-24.52,100.0,3.6,m,guc
2006-11-05,13:30:40,-71.16,-34.98,99.4,2.7,md,guc
2006-11-05,13:46:25,-71.12,-32.11,82.3,3.5,md,guc
2006-11-05,15:47:00,-69.87,-34.27,15.8,2.7,ml,guc
2006-11-05,16:38:21,-66.56,-21.62,215.1,4.2,mb,us
2006-11-05,16:38:34,-72.22,-33.77,34.9,3.3,ml,guc
2006-11-05,21:51:03,-66.78,-21.42,224.6,3.4,mb,us
2006-11-05,22:05:58,-70.63,-27.62,34.7,3.2,ml,guc
2006-11-06,00:06:37,-68.88,-31.13,150.4,3.4,md,guc
2006-11-06,02:31:56,-70.22,-33.62,107.5,2.7,md,guc
2006-11-06,03:43:32,-71.57,-31.46,29.3,3.1,ml,guc
2006-11-06,04:17:15,-71.97,-35.27,45.0,3.3,md,guc
2006-11-06,05:02:46,-71.46,-28.82,35.7,3.4,m,guc
2006-11-06,06:07:31,-76.51,-12.87,70.9,4.1,mb,us
2006-11-06,08:10:45,-71.68,-31.45,26.9,2.6,ml,guc
2006-11-06,10:20:59,-71.4,-32.12,49.0,3.6,md,guc
2006-11-06,12:03:08,-71.82,-32.35,18.4,2.5,ml,guc
2006-11-06,13:41:02,-71.94,-34.66,15.3,3.3,ml,guc
2006-11-06,14:01:09,-71.82,-32.5,28.2,2.8,ml,guc
2006-11-06,14:51:38,-70.49,-26.64,64.1,5.2,mwc,gcmt
2006-11-06,20:35:21,-71.6,-27.52,12.8,3.2,ml,guc
2006-11-07,03:29:05,-67.0,-24.46,147.5,3.5,mb,us
2006-11-07,05:20:13,-71.01,-35.04,94.6,2.9,md,guc
2006-11-07,07:49:59,-80.84,-4.45,50.6,4.6,mb,us
2006-11-07,12:17:35,-69.03,-32.95,10.1,3.3,ml,guc
2006-11-07,13:25:36,-68.2,-21.73,121.3,5.8,mwb,us
2006-11-08,02:25:34,-71.59,-33.3,41.5,3.6,md,guc
2006-11-08,02:30:22,-71.63,-31.4,23.6,2.5,ml,guc
2006-11-08,02:51:47,-71.71,-31.44,12.2,3.1,ml,guc
2006-11-08,05:57:29,-71.23,-29.34,45.1,3.9,md,guc
2006-11-08,08:18:29,-71.56,-30.16,32.6,2.6,ml,guc
2006-11-08,14:16:09,-71.68,-31.45,25.2,2.9,ml,guc
2006-11-08,15:36:13,-71.72,-31.44,15.0,3.5,ml,guc
2006-11-08,16:08:21,-71.58,-29.82,30.4,3.2,ml,guc
2006-11-09,00:44:58,-71.7,-31.43,18.8,2.6,ml,guc
2006-11-09,05:01:37,-71.69,-32.1,54.6,3.6,md,guc
2006-11-09,08:10:19,-71.32,-30.72,47.6,4.2,md,guc
2006-11-09,09:23:19,-76.91,-5.62,43.5,5.0,mb,us
2006-11-09,14:09:29,-70.14,-31.68,102.6,3.0,md,guc
2006-11-09,14:46:12,-69.07,-31.35,113.9,4.0,mb,us
2006-11-09,15:39:15,-69.78,-31.76,112.1,3.7,md,guc
2006-11-09,16:37:16,-71.15,-32.15,82.8,3.2,md,guc
2006-11-10,02:00:23,-94.22,-37.31,10.0,5.1,mwc,gcmt
2006-11-10,02:27:44,-69.96,-32.7,111.2,3.7,md,guc
2006-11-10,02:46:24,-72.05,-34.74,29.2,3.1,ml,guc
2006-11-10,03:04:16,-71.68,-32.55,29.1,3.8,ml,guc
2006-11-10,04:54:48,-71.4,-31.48,74.8,3.3,md,guc
2006-11-10,06:14:40,-69.53,-29.22,121.3,4.3,mb,us
2006-11-10,11:33:15,-66.68,-23.95,185.6,3.9,mb,us
2006-11-10,13:57:07,-71.51,-32.63,18.3,2.8,ml,guc
2006-11-10,19:36:51,-70.63,-35.07,6.9,2.9,ml,guc
2006-11-10,20:05:51,-71.39,-29.74,51.5,2.7,m,guc
2006-11-10,23:34:05,-71.71,-32.32,39.0,2.6,m,guc
2006-11-11,07:23:01,-66.73,-23.96,189.4,4.5,mb,us
2006-11-11,22:10:29,-85.61,-41.48,10.0,5.0,mwc,gcmt
2006-11-11,23:29:50,-70.44,-17.3,123.4,4.7,mb,us
2006-11-12,01:54:04,-69.68,-28.46,104.4,3.7,m,guc
2006-11-12,12:17:34,-70.17,-32.79,115.2,2.6,md,guc
2006-11-12,21:10:05,-71.52,-32.26,47.0,3.6,md,guc
2006-11-13,01:26:36,-63.28,-26.05,572.0,6.8,mwb,us
2006-11-13,04:59:29,-70.66,-32.0,97.3,3.1,md,guc
2006-11-13,06:01:50,-73.45,-36.85,40.9,4.0,md,guc
2006-11-13,06:17:16,-72.02,-33.28,34.2,2.9,ml,guc
2006-11-13,07:56:10,-71.87,-13.76,19.0,4.3,ml,lim
2006-11-13,08:25:19,-70.21,-33.31,108.0,3.2,md,guc
2006-11-13,09:02:15,-70.3,-32.05,137.5,2.7,md,guc
2006-11-13,10:29:18,-67.34,-24.42,180.0,3.9,mb,us
2006-11-13,12:57:45,-70.69,-33.48,81.7,3.1,md,guc
2006-11-13,18:23:08,-71.65,-31.46,33.1,3.4,ml,guc
2006-11-13,21:24:48,-69.55,-31.69,118.3,3.2,md,guc
2006-11-13,23:52:44,-71.72,-30.09,15.2,2.6,ml,guc
2006-11-14,00:21:47,-71.71,-31.42,26.1,2.8,ml,guc
2006-11-14,01:16:37,-96.04,-37.11,10.0,4.2,mb,us
2006-11-14,01:46:10,-71.91,-29.64,40.8,3.7,md,guc
2006-11-14,05:01:55,-68.68,-20.19,122.3,4.2,mb,us
2006-11-14,05:22:57,-71.76,-32.51,31.8,2.7,ml,guc
2006-11-14,09:16:48,-68.86,-22.75,110.0,4.1,mb,us
2006-11-14,10:30:50,-71.7,-32.65,34.3,2.6,ml,guc
2006-11-14,13:17:45,-70.54,-34.56,117.2,3.3,md,guc
2006-11-14,14:19:00,-71.82,-32.17,39.6,4.0,md,guc
2006-11-14,17:54:14,-71.43,-28.87,69.3,3.3,md,guc
2006-11-14,19:44:27,-64.84,-27.6,40.0,4.6,md,sja
2006-11-14,19:59:59,-70.7,-33.47,85.5,2.9,md,guc
2006-11-14,21:18:30,-71.85,-34.49,37.9,4.1,md,guc
2006-11-14,22:22:12,-68.33,-23.27,108.1,5.7,mwb,us
2006-11-14,22:48:31,-68.74,-23.58,110.0,4.1,mb,us
2006-11-15,00:13:21,-71.62,-31.3,33.5,2.8,ml,guc
2006-11-15,01:51:06,-71.5,-30.29,32.4,3.3,ml,guc
2006-11-15,02:07:51,-67.49,-24.33,186.4,3.9,mb,us
2006-11-15,02:27:05,-70.08,-34.03,9.5,3.0,ml,guc
2006-11-15,07:25:22,-71.65,-31.36,31.1,2.9,ml,guc
2006-11-15,09:17:55,-71.24,-30.41,53.1,2.9,m,guc
2006-11-15,09:57:58,-67.59,-24.59,200.0,4.6,m,guc
2006-11-15,10:44:17,-112.16,-25.09,10.0,5.5,mwc,gcmt
2006-11-15,12:24:21,-71.75,-32.69,20.7,3.6,ml,guc
2006-11-15,12:44:18,-71.21,-32.71,48.8,4.0,md,guc
2006-11-15,20:38:51,-71.72,-31.45,25.4,2.6,ml,guc
2006-11-15,21:05:26,-74.91,-15.69,24.0,5.0,mb,us
2006-11-16,02:04:25,-75.39,-8.5,46.5,4.0,mb,us
2006-11-16,03:25:14,-71.72,-31.69,32.1,4.2,ml,guc
2006-11-16,06:22:22,-69.24,-24.28,70.0,2.6,m,guc
2006-11-16,06:57:14,-71.67,-31.47,32.9,2.8,ml,guc
2006-11-16,07:04:58,-70.86,-32.88,66.0,2.5,m,guc
2006-11-16,08:29:39,-68.87,-31.38,150.0,3.2,m,guc
2006-11-16,15:48:44,-74.37,-7.94,143.1,4.3,mb,us
2006-11-16,21:16:09,-71.33,-35.43,109.8,3.2,md,guc
2006-11-16,22:03:17,-69.77,-32.07,129.2,2.9,md,guc
2006-11-16,22:26:56,-71.73,-32.22,34.3,2.7,ml,guc
2006-11-16,23:02:43,-71.73,-30.68,15.0,2.6,ml,guc
2006-11-16,23:13:54,-71.75,-30.72,12.6,3.2,ml,guc
2006-11-16,23:34:22,-71.72,-30.68,23.3,2.7,ml,guc
2006-11-17,00:07:27,-79.91,-8.42,37.7,4.9,mb,us
2006-11-17,03:36:56,-71.47,-31.95,40.3,3.7,md,guc
2006-11-17,15:14:28,-119.62,-54.52,10.0,5.2,mwc,gcmt
2006-11-17,19:52:34,-120.02,-54.33,10.0,5.2,mwc,gcmt
2006-11-18,03:50:15,-71.43,-29.4,57.9,4.0,mb,us
2006-11-18,07:55:18,-78.9,-9.52,71.5,4.1,mb,us
2006-11-18,18:43:48,-66.9,-24.38,164.8,4.1,mb,us
2006-11-18,23:40:47,-71.85,-18.0,35.0,0.0,,us
2006-11-19,00:35:48,-68.84,-18.62,139.7,4.3,mb,us
2006-11-19,20:07:15,-69.73,-31.84,136.6,4.5,mb,us
2006-11-20,00:40:26,-72.02,-29.92,32.9,2.9,ml,guc
2006-11-20,00:58:45,-71.72,-30.76,15.6,3.0,ml,guc
2006-11-20,03:51:08,-69.31,-24.07,79.2,4.0,md,guc
2006-11-20,09:09:53,-71.04,-33.01,35.9,3.4,md,guc
2006-11-20,10:15:41,-67.27,-27.88,125.2,4.9,mb,us
2006-11-20,13:24:48,-70.85,-27.45,49.1,3.7,m,guc
2006-11-20,14:28:06,-71.11,-27.61,40.1,3.9,md,guc
2006-11-20,14:38:28,-70.23,-17.67,38.0,5.6,mwb,us
2006-11-20,17:29:27,-74.55,-10.99,35.2,4.2,mb,us
2006-11-20,19:26:55,-67.38,-27.6,123.8,4.6,mb,us
2006-11-20,19:33:55,-75.04,-40.12,15.7,5.2,mwc,gcmt
2006-11-20,20:16:55,-68.85,-31.3,119.8,0.0,,us
2006-11-21,08:37:12,-70.38,-35.11,2.0,3.0,ml,guc
2006-11-21,12:07:11,-71.38,-33.66,46.0,3.6,md,guc
2006-11-21,13:41:08,-71.25,-30.98,50.8,3.3,m,guc
2006-11-21,14:35:57,-68.52,-31.2,140.0,3.5,m,guc
2006-11-22,00:33:32,-70.76,-33.8,85.4,2.7,md,guc
2006-11-22,00:57:26,-71.14,-30.51,57.0,2.9,md,guc
2006-11-22,03:23:38,-69.69,-26.76,70.9,4.1,md,guc
2006-11-22,07:53:43,-69.24,-31.4,114.9,3.2,m,guc
2006-11-22,13:25:52,-71.09,-27.58,24.1,3.4,ml,guc
2006-11-22,14:33:10,-73.05,-33.45,30.4,3.6,ml,guc
2006-11-22,15:29:18,-70.01,-32.56,101.9,3.4,md,guc
2006-11-22,15:45:20,-69.51,-17.31,144.7,4.1,mb,us
2006-11-22,23:58:46,-73.53,-15.58,21.0,3.9,ml,lim
2006-11-23,03:58:09,-70.69,-34.54,100.7,3.2,md,guc
2006-11-23,10:49:42,-70.28,-33.78,110.7,3.2,md,guc
2006-11-23,15:25:28,-71.56,-30.4,32.4,4.5,mb,us
2006-11-23,15:55:07,-70.08,-33.57,8.2,3.1,md,guc
2006-11-23,20:07:08,-70.59,-31.8,92.0,3.4,md,guc
2006-11-23,21:25:14,-71.77,-29.44,40.5,4.2,md,guc
2006-11-24,01:26:06,-71.52,-30.67,15.0,2.8,ml,guc
2006-11-24,04:58:52,-71.42,-32.08,40.4,3.6,md,guc
2006-11-24,09:33:45,-71.73,-32.68,15.4,2.8,ml,guc
2006-11-24,19:04:20,-69.5,-29.15,105.0,3.7,m,guc
2006-11-24,20:27:52,-71.65,-35.07,61.4,3.1,md,guc
2006-11-24,21:35:18,-67.8,-32.59,10.0,3.7,ml,guc
2006-11-25,09:40:59,-101.6,-35.88,10.0,4.3,mb,us
2006-11-25,13:02:07,-71.74,-29.52,39.1,3.4,md,guc
2006-11-25,15:13:50,-69.31,-31.41,119.4,3.2,md,guc
2006-11-25,17:38:44,-70.79,-32.63,81.0,3.1,md,guc
2006-11-25,17:58:22,-71.75,-30.75,31.8,3.7,ml,guc
2006-11-26,02:40:17,-71.63,-32.11,58.9,3.9,md,guc
2006-11-26,03:35:22,-68.71,-31.98,0.0,3.7,ml,guc
2006-11-26,12:14:26,-68.69,-31.98,2.1,3.9,ml,guc
2006-11-26,13:03:43,-71.76,-29.94,46.3,4.1,md,guc
2006-11-27,03:33:03,-68.04,-21.99,160.0,4.0,md,guc
2006-11-27,07:37:27,-68.29,-22.09,101.8,4.3,mb,us
2006-11-27,07:46:27,-71.39,-31.84,49.0,3.5,md,guc
2006-11-27,09:49:41,-68.26,-21.98,121.6,4.3,mb,us
2006-11-27,17:31:48,-71.8,-16.05,115.7,5.7,mwc,gcmt
2006-11-27,17:58:03,-67.06,-24.45,161.4,3.8,mb,us
2006-11-27,20:00:20,-70.83,-33.23,80.4,3.0,md,guc
2006-11-28,06:35:27,-71.44,-30.88,71.1,3.3,md,guc
2006-11-28,08:58:07,-70.59,-28.17,58.3,2.9,m,guc
2006-11-28,14:06:01,-68.98,-33.16,6.9,2.6,ml,guc
2006-11-28,15:20:21,-68.93,-33.08,11.4,3.4,ml,guc
2006-11-28,17:45:28,-70.16,-34.34,5.9,2.6,ml,guc
2006-11-28,18:08:10,-68.81,-31.26,140.0,3.6,m,guc
2006-11-28,22:16:17,-73.59,-14.56,82.4,4.8,mb,us
2006-11-28,22:49:48,-68.79,-21.04,116.6,3.5,mb,us
2006-11-29,02:38:25,-71.76,-32.37,22.4,3.2,ml,guc
2006-11-29,04:11:29,-71.75,-32.4,20.8,2.7,ml,guc
2006-11-29,09:39:41,-68.97,-18.56,129.7,3.6,mb,us
2006-11-30,08:17:19,-71.28,-30.94,56.4,3.5,md,guc
2006-11-30,08:23:14,-71.36,-30.71,45.1,4.1,md,guc
2006-11-30,08:48:29,-112.21,-29.45,10.0,5.2,mwc,gcmt
2006-11-30,08:52:07,-112.6,-29.25,10.0,4.9,mb,us
2006-11-30,09:03:25,-69.4,-30.29,8.2,4.2,md,guc
2006-11-30,16:42:40,-71.55,-30.43,43.5,4.9,mb,us
2006-11-30,17:40:45,-71.55,-30.46,34.1,2.8,ml,guc
2006-11-30,23:38:13,-111.96,-29.76,10.0,5.6,mwc,gcmt
2006-12-01,00:22:14,-71.65,-30.92,15.0,3.1,ml,guc
2006-12-01,00:40:32,-70.67,-33.83,87.2,2.5,md,guc
2006-12-01,01:31:36,-112.25,-29.75,10.0,5.1,mwc,gcmt
2006-12-01,04:44:01,-70.83,-35.32,109.7,3.3,md,guc
2006-12-01,06:23:09,-75.52,-7.63,135.0,4.8,mb,us
2006-12-01,06:55:14,-71.36,-28.88,39.6,4.3,m,guc
2006-12-01,07:26:41,-71.42,-33.9,46.0,3.3,md,guc
2006-12-01,08:37:46,-70.65,-34.21,13.6,3.3,md,guc
2006-12-01,09:58:43,-68.44,-31.31,108.2,3.9,md,guc
2006-12-01,10:07:28,-70.32,-33.12,115.0,2.9,md,guc
2006-12-01,10:43:08,-70.04,-31.87,106.6,3.7,md,guc
2006-12-01,14:51:16,-70.15,-33.13,115.8,3.3,md,guc
2006-12-01,20:37:13,-71.58,-30.23,15.0,3.2,ml,guc
2006-12-01,22:00:42,-72.04,-30.98,32.7,3.4,ml,guc
2006-12-02,00:54:41,-71.62,-31.39,14.4,3.0,ml,guc
2006-12-02,04:57:28,-68.97,-33.11,12.3,2.7,ml,guc
2006-12-02,05:13:44,-69.71,-21.67,105.3,3.9,mb,us
2006-12-02,06:27:48,-113.2,-27.7,10.0,5.0,mwc,gcmt
2006-12-02,08:53:00,-71.38,-27.0,9.5,4.3,mb,us
2006-12-02,09:33:02,-71.08,-27.12,24.6,4.9,mwc,gcmt
2006-12-02,12:04:34,-69.98,-31.94,110.1,3.1,md,guc
2006-12-03,11:01:39,-70.77,-26.38,26.6,4.2,ml,guc
2006-12-03,11:36:53,-71.06,-35.27,118.5,3.1,md,guc
2006-12-03,11:56:44,-71.18,-27.93,28.6,3.6,ml,guc
2006-12-03,14:16:13,-71.23,-32.42,70.5,3.4,md,guc
2006-12-03,16:08:59,-70.11,-33.37,5.0,2.6,ml,guc
2006-12-03,18:13:12,-70.73,-33.78,80.8,3.3,md,guc
2006-12-04,08:12:56,-72.91,-33.83,35.8,4.1,md,guc
2006-12-04,11:13:39,-70.35,-33.18,100.4,2.8,md,guc
2006-12-04,11:55:44,-71.39,-30.63,77.6,3.5,md,guc
2006-12-04,19:56:40,-71.93,-32.06,45.6,4.1,md,guc
2006-12-04,23:09:24,-67.41,-23.23,127.4,3.8,mb,us
2006-12-05,03:46:59,-124.06,-55.52,10.0,5.4,mwc,gcmt
2006-12-05,04:20:15,-70.78,-28.99,72.9,4.1,m,guc
2006-12-05,05:32:17,-69.85,-23.66,50.0,4.0,mb,us
2006-12-05,06:08:42,-71.92,-34.11,47.0,3.5,md,guc
2006-12-05,06:47:22,-61.07,-58.9,10.0,5.2,mwc,gcmt
2006-12-05,07:27:45,-71.92,-34.07,39.9,3.2,md,guc
2006-12-05,09:57:48,-70.31,-32.86,106.8,2.8,md,guc
2006-12-05,14:32:19,-71.3,-35.54,144.3,2.7,md,guc
2006-12-05,15:43:46,-70.52,-33.15,100.8,2.9,md,guc
2006-12-05,16:33:02,-71.41,-15.4,174.2,0.0,,us
2006-12-05,16:46:16,-67.86,-23.16,107.8,3.5,mb,us
2006-12-05,20:14:31,-104.55,-35.34,10.0,5.8,mwb,us
2006-12-05,21:45:21,-71.26,-34.1,63.1,3.2,md,guc
2006-12-06,09:13:59,-69.02,-31.5,109.0,3.2,m,guc
2006-12-06,12:26:13,-70.18,-28.31,92.0,4.1,m,guc
2006-12-06,15:03:38,-71.34,-27.92,15.3,4.4,mb,us
2006-12-06,17:10:53,-71.93,-32.94,10.1,2.8,ml,guc
2006-12-06,19:47:24,-70.11,-34.03,8.2,2.8,md,guc
2006-12-06,23:52:12,-72.53,-34.93,24.3,2.9,ml,guc
2006-12-07,02:33:36,-71.28,-29.59,56.4,3.4,m,guc
2006-12-07,05:53:28,-71.11,-27.6,42.6,4.3,m,guc
2006-12-07,08:32:30,-66.22,-15.95,35.0,0.0,,us
2006-12-07,12:46:37,-71.56,-30.21,15.0,2.7,ml,guc
2006-12-07,22:27:49,-68.26,-31.28,104.7,3.6,md,guc
2006-12-07,23:51:49,-74.25,-42.0,61.5,4.4,mb,us
2006-12-08,11:10:41,-71.79,-32.71,26.3,2.8,ml,guc
2006-12-08,11:20:03,-71.5,-32.62,27.3,3.0,ml,guc
2006-12-08,13:11:13,-70.26,-32.36,107.8,2.7,md,guc
2006-12-08,15:23:39,-70.95,-32.76,65.9,2.9,md,guc
2006-12-09,08:03:35,-71.67,-31.48,9.8,3.5,ml,guc
2006-12-09,08:11:56,-75.93,-14.3,48.7,4.8,mb,us
2006-12-09,08:29:14,-70.11,-34.31,2.1,2.9,ml,guc
2006-12-09,10:28:04,-69.55,-31.65,103.6,2.8,m,guc
2006-12-09,10:55:09,-71.12,-32.01,59.3,2.6,m,guc
2006-12-09,15:47:36,-69.48,-16.67,185.9,4.3,mb,us
2006-12-09,23:09:55,-71.8,-32.7,17.1,3.8,ml,guc
2006-12-10,00:33:07,-69.16,-27.52,97.4,3.1,md,guc
2006-12-10,01:08:52,-72.02,-33.58,22.8,2.9,ml,guc
2006-12-10,04:26:57,-70.29,-33.96,110.9,2.7,md,guc
2006-12-10,05:23:58,-71.74,-31.48,22.5,4.7,mb,us
2006-12-10,08:11:04,-71.52,-31.99,41.6,3.5,md,guc
2006-12-10,10:37:33,-68.6,-34.1,8.7,2.9,ml,guc
2006-12-10,11:39:50,-69.58,-31.54,119.2,3.6,md,guc
2006-12-10,13:05:35,-70.77,-33.6,77.4,2.5,md,guc
2006-12-10,14:19:16,-70.51,-28.22,44.8,3.4,md,guc
2006-12-10,20:48:38,-71.1,-35.37,119.9,3.2,md,guc
2006-12-10,23:49:59,-71.71,-32.57,29.5,2.5,ml,guc
2006-12-11,03:54:55,-70.96,-34.29,79.7,2.7,md,guc
2006-12-11,08:43:01,-68.95,-31.4,106.5,3.8,md,guc
2006-12-11,11:01:58,-71.59,-33.6,39.1,3.3,md,guc
2006-12-11,18:11:43,-71.36,-30.73,43.0,3.9,md,guc
2006-12-11,20:22:03,-71.68,-31.46,28.4,4.4,md,guc
2006-12-11,22:31:49,-71.57,-31.48,31.4,2.7,ml,guc
2006-12-11,23:39:57,-71.58,-32.7,25.0,3.9,ml,guc
2006-12-12,04:53:07,-70.74,-34.13,87.5,2.5,md,guc
2006-12-12,06:29:54,-71.73,-31.72,24.7,2.8,ml,guc
2006-12-12,06:51:50,-69.58,-31.84,115.3,3.2,md,guc
2006-12-12,17:15:00,-71.64,-31.46,25.4,3.3,ml,guc
2006-12-12,23:08:36,-86.0,-41.39,10.0,5.5,mwc,gcmt
2006-12-12,23:40:39,-86.2,-41.45,10.0,5.3,mwc,gcmt
2006-12-13,00:55:29,-71.89,-14.6,115.9,3.3,mb,us
2006-12-13,08:16:13,-104.46,-35.18,10.0,5.0,mwc,gcmt
2006-12-13,10:33:53,-71.71,-32.61,19.6,2.9,ml,guc
2006-12-13,11:12:51,-68.89,-20.16,123.7,4.1,mb,us
2006-12-13,13:26:53,-71.57,-30.75,15.5,3.4,ml,guc
2006-12-13,15:07:31,-69.18,-28.29,100.0,3.9,md,guc
2006-12-13,18:58:02,-115.51,-24.12,10.0,5.4,mwc,gcmt
2006-12-14,01:38:54,-77.42,-11.87,65.0,3.5,mb,us
2006-12-14,03:36:48,-71.73,-32.58,21.8,2.6,ml,guc
2006-12-14,04:46:08,-70.55,-34.48,118.0,3.6,m,guc
2006-12-14,07:25:55,-71.55,-30.94,19.2,3.4,ml,guc
2006-12-14,08:16:51,-68.64,-22.51,244.9,3.5,mb,us
2006-12-14,09:00:04,-71.7,-31.47,18.9,3.1,ml,guc
2006-12-14,13:55:52,-70.9,-31.87,61.9,3.4,md,guc
2006-12-14,15:24:58,-111.42,-13.68,10.0,4.5,mb,us
2006-12-14,21:09:04,-70.33,-27.3,82.9,4.2,m,guc
2006-12-14,22:41:12,-88.09,-41.1,10.0,4.5,mb,us
2006-12-15,00:35:16,-71.74,-32.14,9.4,2.5,ml,guc
2006-12-15,00:47:25,-69.86,-31.59,122.4,2.8,m,guc
2006-12-15,08:28:28,-69.13,-18.47,135.9,0.0,,us
2006-12-15,10:22:03,-71.6,-32.41,19.3,3.2,ml,guc
2006-12-15,19:20:23,-71.06,-32.66,7.7,2.5,ml,guc
2006-12-15,23:36:36,-68.68,-31.28,150.0,3.6,md,guc
2006-12-15,23:57:10,-105.74,-35.33,10.0,5.8,mwb,us
2006-12-16,03:06:06,-71.27,-29.17,45.1,2.9,m,guc
2006-12-16,04:01:44,-72.5,-35.9,59.8,2.7,m,guc
2006-12-16,07:36:40,-71.47,-32.66,27.7,3.5,md,guc
2006-12-16,15:31:18,-69.73,-27.18,88.1,3.9,m,guc
2006-12-16,21:49:51,-66.97,-23.96,180.4,4.4,mb,us
2006-12-16,22:45:14,-71.63,-30.51,44.7,3.3,m,guc
2006-12-17,01:34:33,-71.55,-32.04,46.9,2.8,md,guc
2006-12-17,02:56:17,-66.3,-23.18,205.1,4.0,mb,us
2006-12-17,03:21:20,-71.62,-29.05,34.1,4.4,ml,guc
2006-12-17,04:18:48,-71.52,-29.07,41.1,3.7,md,guc
2006-12-17,05:52:34,-72.47,-50.54,10.0,4.6,mb,us
2006-12-17,12:06:29,-71.8,-32.71,15.0,3.4,ml,guc
2006-12-17,13:04:54,-71.17,-33.91,51.8,3.0,md,guc
2006-12-17,16:09:13,-71.71,-32.22,28.5,2.9,ml,guc
2006-12-17,18:13:49,-70.51,-31.26,111.1,3.2,md,guc
2006-12-17,21:53:43,-70.07,-34.03,8.3,2.5,ml,guc
2006-12-18,03:28:50,-69.78,-20.45,35.0,3.6,mb,us
2006-12-18,05:31:35,-69.43,-28.06,115.9,3.7,mb,us
2006-12-18,10:27:50,-70.04,-13.63,262.8,4.4,mb,us
2006-12-18,17:04:00,-71.11,-26.84,37.9,3.5,ml,guc
2006-12-19,01:45:38,-71.9,-33.74,35.5,3.1,md,guc
2006-12-19,03:18:54,-71.47,-32.03,70.6,2.8,md,guc
2006-12-19,03:25:35,-69.28,-25.01,100.0,4.3,mb,us
2006-12-19,04:52:28,-71.38,-29.32,47.0,3.1,m,guc
2006-12-19,05:34:22,-70.29,-34.43,130.4,3.1,md,guc
2006-12-19,06:57:28,-68.86,-31.33,150.0,3.3,m,guc
2006-12-19,10:02:23,-70.95,-33.2,75.9,3.2,md,guc
2006-12-19,13:58:03,-72.48,-33.97,32.7,2.9,ml,guc
2006-12-19,14:08:50,-68.54,-22.34,128.9,4.7,mb,us
2006-12-19,21:42:02,-71.36,-33.47,37.8,3.0,md,guc
2006-12-20,00:20:13,-66.65,-24.18,192.8,4.1,mb,us
2006-12-20,02:15:03,-71.27,-31.0,58.3,3.4,md,guc
2006-12-20,04:17:02,-66.92,-31.8,133.5,3.4,mb,us
2006-12-20,07:14:04,-71.56,-37.38,127.4,4.0,m,guc
2006-12-20,15:10:58,-75.37,-4.79,58.4,4.8,mb,us
2006-12-20,20:34:26,-71.28,-29.17,49.0,2.8,m,guc
2006-12-20,20:48:00,-70.12,-16.82,45.1,3.7,mb,us
2006-12-20,21:02:58,-70.62,-18.94,73.0,3.9,mb,us
2006-12-20,23:08:52,-71.7,-29.41,50.8,0.0,,us
2006-12-21,07:05:54,-70.75,-33.82,80.3,2.8,md,guc
2006-12-21,07:58:10,-70.33,-34.41,112.5,2.6,m,guc
2006-12-21,11:58:55,-66.64,-27.87,146.1,4.2,mb,us
2006-12-21,14:58:12,-70.29,-28.1,72.8,3.5,m,guc
2006-12-21,22:37:49,-73.15,-16.0,36.0,4.1,ml,lim
2006-12-21,23:46:06,-69.63,-17.68,137.0,3.9,mb,us
2006-12-21,23:48:59,-68.69,-22.67,80.6,4.0,mb,us
2006-12-22,08:23:29,-72.79,-36.36,42.5,3.6,md,guc
2006-12-22,09:14:32,-73.05,-32.67,27.8,3.6,ml,guc
2006-12-22,12:17:50,-66.79,-23.76,181.0,4.2,mb,us
2006-12-22,15:57:19,-71.07,-34.9,107.6,4.6,mb,us
2006-12-22,19:12:23,-70.59,-34.66,112.3,3.2,md,guc
2006-12-23,04:50:58,-71.36,-28.93,32.7,3.8,mb,us
2006-12-23,11:01:24,-68.93,-31.45,150.0,3.9,m,guc
2006-12-23,11:53:00,-71.05,-34.17,73.8,2.6,m,guc
2006-12-23,11:57:11,-68.45,-23.0,120.0,4.7,mb,us
2006-12-23,12:16:30,-71.08,-26.76,36.4,4.0,md,guc
2006-12-23,12:42:23,-70.31,-33.18,94.4,3.7,md,guc
2006-12-24,00:07:24,-68.75,-21.38,99.5,3.5,mb,us
2006-12-24,00:33:04,-70.89,-32.16,94.5,2.7,md,guc
2006-12-24,03:41:36,-71.79,-29.96,6.5,3.1,ml,guc
2006-12-24,04:28:16,-72.83,-14.38,84.2,4.5,mb,us
2006-12-24,05:26:03,-71.49,-31.93,35.7,2.5,ml,guc
2006-12-24,07:27:43,-76.92,-14.12,41.1,5.0,mb,us
2006-12-24,10:11:37,-70.72,-34.93,104.6,3.3,md,guc
2006-12-24,13:56:18,-68.2,-31.73,150.0,3.6,m,guc
2006-12-24,15:38:46,-70.42,-26.16,38.8,4.3,mb,us
2006-12-24,21:37:36,-112.75,-28.75,10.0,5.0,mwc,gcmt
2006-12-25,01:22:28,-67.18,-21.84,181.5,3.5,mb,us
2006-12-25,03:19:08,-69.99,-31.72,123.8,3.1,md,guc
2006-12-25,09:23:28,-67.7,-31.53,10.0,4.1,mb,us
2006-12-25,09:54:18,-72.15,-35.07,28.0,2.7,ml,guc
2006-12-25,19:07:59,-71.59,-29.43,54.8,3.8,md,guc
2006-12-25,22:48:42,-71.76,-35.03,58.5,4.2,mb,us
2006-12-26,01:24:17,-71.88,-29.17,39.9,3.3,m,guc
2006-12-26,02:38:54,-71.77,-32.47,40.9,3.4,md,guc
2006-12-26,05:53:43,-71.35,-30.66,42.2,3.8,md,guc
2006-12-26,06:33:22,-65.75,-22.37,288.7,4.5,mb,us
2006-12-26,07:09:02,-71.67,-32.49,33.3,3.4,ml,guc
2006-12-26,08:38:05,-71.0,-33.42,71.9,3.8,md,guc
2006-12-26,12:34:18,-71.69,-34.06,36.0,3.3,md,guc
2006-12-26,13:26:08,-70.15,-32.72,105.7,3.2,md,guc
2006-12-26,20:09:48,-71.91,-16.71,45.0,3.9,m,lim
2006-12-27,03:47:25,-68.2,-31.16,110.5,3.9,md,guc
2006-12-27,18:11:06,-69.81,-32.26,132.9,3.3,md,guc
2006-12-27,21:48:54,-71.26,-30.59,64.8,4.0,md,guc
2006-12-27,22:40:52,-70.83,-34.7,98.0,3.2,md,guc
2006-12-28,01:37:22,-68.96,-22.93,89.8,4.0,mb,us
2006-12-28,04:06:48,-68.61,-23.17,110.0,4.0,md,guc
2006-12-28,06:24:10,-70.53,-33.71,90.7,2.5,m,guc
2006-12-28,08:26:12,-70.69,-28.06,76.8,3.0,m,guc
2006-12-28,11:07:30,-70.36,-34.9,22.0,3.4,md,guc
2006-12-29,01:19:02,-70.76,-34.93,118.2,2.5,md,guc
2006-12-29,06:10:10,-71.41,-29.79,47.6,3.4,md,guc
2006-12-29,10:51:15,-70.92,-34.28,86.3,3.2,md,guc
2006-12-29,18:03:41,-71.58,-32.13,58.0,3.1,md,guc
2006-12-29,19:29:06,-71.08,-31.83,78.1,3.0,m,guc
2006-12-29,20:41:36,-70.73,-28.26,4.0,2.5,ml,guc
2006-12-29,22:24:56,-70.51,-33.9,104.6,2.9,md,guc
2006-12-29,22:36:13,-70.22,-32.72,108.6,3.1,md,guc
2006-12-30,05:17:33,-71.17,-31.05,67.3,2.9,m,guc
2006-12-30,09:18:56,-70.47,-32.17,109.5,3.4,m,guc
2006-12-30,14:30:52,-70.53,-15.36,208.3,4.3,mb,us
2006-12-30,17:39:14,-116.64,-48.55,10.0,5.2,mwc,gcmt
2006-12-30,17:39:20,-115.75,-49.75,10.0,5.2,mwc,gcmt
2006-12-30,17:47:05,-70.59,-33.64,86.2,2.5,md,guc
2006-12-30,21:42:54,-70.23,-33.66,111.7,2.8,md,guc
2006-12-30,23:26:06,-71.76,-30.77,4.8,2.6,ml,guc
2006-12-30,23:34:35,-71.74,-30.75,10.8,3.0,ml,guc
2006-12-30,23:37:17,-70.83,-28.01,37.7,3.5,m,guc
2006-12-31,01:51:45,-70.8,-33.36,78.5,2.5,md,guc
2006-12-31,13:31:25,-71.54,-16.94,91.1,0.0,,us
2006-12-31,14:55:02,-71.11,-37.94,20.6,5.6,mwb,us
2006-12-31,17:16:31,-68.3,-21.16,101.9,4.9,mb,us
2006-12-31,18:14:30,-71.26,-28.62,45.7,3.6,m,guc
2006-12-31,18:26:56,-68.02,-23.0,109.2,0.0,,us
2006-12-31,22:48:54,-112.33,-28.59,10.0,5.6,mwb,us
2006-12-31,23:08:59,-67.4,-22.62,158.9,4.3,mb,us
2006-12-31,23:20:10,-112.77,-28.66,10.0,5.3,mwc,gcmt
2007-01-01,02:33:10,-71.47,-30.68,29.8,2.6,ml,guc
2007-01-01,03:12:06,-71.48,-30.31,44.2,3.2,m,guc
2007-01-01,09:07:03,-71.29,-28.81,75.3,4.1,m,guc
2007-01-01,14:43:51,-71.42,-27.14,46.8,3.8,md,guc
2007-01-01,17:43:42,-66.72,-24.0,179.0,4.0,mb,us
2007-01-01,18:35:04,-70.93,-33.88,83.7,2.7,md,guc
2007-01-01,19:19:08,-71.3,-31.5,63.1,3.4,md,guc
2007-01-01,19:55:28,-71.26,-29.44,49.0,4.1,md,guc
2007-01-02,02:00:07,-76.8,-5.64,35.0,4.5,mb,us
2007-01-02,05:38:57,-71.75,-34.01,43.2,3.5,md,guc
2007-01-02,08:52:32,-69.26,-31.32,113.9,2.6,m,guc
2007-01-02,15:35:32,-71.12,-27.12,27.2,4.3,ml,guc
2007-01-02,17:43:54,-79.29,-11.24,35.0,5.0,mwc,gcmt
2007-01-02,18:34:51,-72.3,-34.09,45.1,3.5,md,guc
2007-01-02,18:43:53,-70.15,-32.71,97.7,3.4,md,guc
2007-01-03,01:36:32,-71.23,-29.03,41.8,3.2,m,guc
2007-01-03,03:04:01,-70.91,-32.26,81.6,3.5,md,guc
2007-01-03,05:00:44,-69.87,-31.8,135.7,3.1,md,guc
2007-01-03,09:57:21,-70.7,-27.57,39.7,3.5,m,guc
2007-01-03,13:55:24,-71.34,-35.89,130.2,3.0,md,guc
2007-01-03,16:48:11,-69.72,-32.22,132.9,3.6,md,guc
2007-01-03,18:04:48,-68.73,-32.71,17.3,3.3,ml,guc
2007-01-03,23:11:42,-70.99,-34.01,67.5,2.7,md,guc
2007-01-04,01:28:39,-71.35,-27.15,43.5,3.9,md,guc
2007-01-04,02:54:39,-69.19,-19.54,110.9,4.4,mb,us
2007-01-04,04:24:43,-69.47,-31.87,137.6,3.4,md,guc
2007-01-04,05:13:53,-70.98,-26.39,38.9,4.2,md,guc
2007-01-04,06:10:39,-70.05,-34.35,2.8,3.5,md,guc
2007-01-04,06:43:47,-72.14,-31.87,35.7,4.3,md,guc
2007-01-04,09:27:35,-70.24,-17.36,113.7,5.0,mb,us
2007-01-04,12:27:40,-68.03,-31.8,145.0,3.5,md,guc
2007-01-04,13:46:49,-70.46,-35.03,21.2,2.5,ml,guc
2007-01-04,14:40:16,-71.76,-32.19,18.7,3.2,ml,guc
2007-01-04,14:43:28,-69.14,-27.48,108.0,4.2,m,guc
2007-01-04,21:39:09,-70.84,-35.38,103.7,3.8,md,guc
2007-01-05,00:54:53,-70.85,-34.06,81.1,3.4,md,guc
2007-01-05,03:16:17,-68.77,-31.44,129.3,3.6,md,guc
2007-01-05,06:01:19,-74.38,-7.95,144.5,0.0,,us
2007-01-05,07:24:13,-73.86,-16.42,73.4,4.7,mb,us
2007-01-05,14:21:58,-71.67,-31.48,21.8,2.8,ml,guc
2007-01-05,15:25:14,-68.94,-31.27,117.9,3.7,md,guc
2007-01-06,01:58:48,-71.15,-30.9,46.3,3.5,md,guc
2007-01-06,02:12:58,-68.75,-19.95,147.4,4.2,mb,us
2007-01-06,08:26:58,-69.0,-31.52,109.7,3.0,m,guc
2007-01-06,11:22:21,-70.96,-32.92,66.5,3.2,m,guc
2007-01-06,18:06:03,-69.21,-32.11,177.2,3.2,md,guc
2007-01-06,22:59:54,-70.27,-34.63,134.3,3.1,md,guc
2007-01-07,00:25:54,-71.25,-32.71,47.1,3.8,md,guc
2007-01-07,02:36:40,-67.04,-24.23,160.0,3.7,mb,us
2007-01-07,03:17:07,-77.26,-7.12,136.5,3.7,mb,us
2007-01-07,09:14:01,-71.36,-31.96,45.0,3.3,md,guc
2007-01-07,10:55:30,-71.3,-35.41,109.8,5.0,mwc,gcmt
2007-01-07,14:25:52,-71.04,-34.08,71.6,2.6,md,guc
2007-01-08,01:52:25,-71.21,-29.76,60.5,4.2,m,guc
2007-01-08,03:55:40,-67.09,-24.03,149.4,4.6,mb,us
2007-01-08,04:06:01,-70.99,-30.6,73.6,3.4,md,guc
2007-01-08,04:13:28,-72.05,-31.8,4.3,3.1,ml,guc
2007-01-08,04:30:20,-70.75,-34.53,97.7,3.8,mb,us
2007-01-08,05:12:45,-74.78,-15.35,35.0,0.0,,us
2007-01-08,05:21:07,-70.9,-33.71,76.7,2.7,md,guc
2007-01-08,07:45:41,-70.73,-33.35,88.9,3.4,md,guc
2007-01-08,08:38:16,-71.84,-34.66,44.6,3.7,md,guc
2007-01-08,12:00:14,-71.68,-31.62,33.6,3.3,ml,guc
2007-01-08,13:22:29,-71.56,-36.06,129.0,4.2,m,guc
2007-01-08,14:11:22,-70.26,-33.19,103.7,4.3,m,guc
2007-01-08,16:19:05,-70.79,-28.26,6.9,3.3,ml,guc
2007-01-08,16:45:38,-69.3,-31.72,116.7,2.5,m,guc
2007-01-09,08:55:33,-72.01,-30.89,18.5,3.1,ml,guc
2007-01-09,11:41:36,-71.52,-32.48,30.3,2.6,ml,guc
2007-01-09,12:22:44,-69.72,-31.63,105.0,3.4,md,guc
2007-01-09,12:43:48,-69.7,-28.54,95.0,3.8,m,guc
2007-01-09,17:20:19,-72.18,-31.77,10.2,3.8,ml,guc
2007-01-09,18:49:30,-70.77,-32.97,74.6,3.0,md,guc
2007-01-09,22:14:42,-72.15,-34.51,33.4,2.5,ml,guc
2007-01-10,01:20:56,-71.82,-32.73,39.6,3.3,md,guc
2007-01-10,01:25:58,-71.6,-32.22,45.2,3.6,md,guc
2007-01-10,12:55:31,-71.28,-31.74,83.1,3.5,md,guc
2007-01-10,17:27:55,-69.96,-31.9,116.6,3.4,md,guc
2007-01-10,19:42:06,-70.07,-28.4,78.6,3.8,m,guc
2007-01-10,19:52:08,-71.2,-28.32,29.8,2.9,ml,guc
2007-01-10,22:29:20,-71.95,-30.89,33.9,4.6,ml,guc
2007-01-10,22:46:45,-70.7,-32.93,70.7,2.5,md,guc
2007-01-10,23:41:44,-67.76,-27.67,160.4,4.4,m,guc
2007-01-11,00:10:47,-70.43,-18.46,86.8,0.0,,us
2007-01-11,01:45:07,-68.86,-31.66,112.6,3.5,md,guc
2007-01-11,02:23:18,-70.48,-33.7,102.3,3.0,md,guc
2007-01-11,02:40:14,-71.16,-35.02,100.2,2.6,md,guc
2007-01-11,04:30:42,-72.45,-32.89,21.1,2.7,ml,guc
2007-01-11,05:48:13,-71.69,-30.95,5.8,3.6,ml,guc
2007-01-11,06:10:04,-72.09,-30.86,12.7,4.7,ml,guc
2007-01-11,06:38:58,-71.97,-30.87,34.5,4.0,ml,guc
2007-01-11,06:42:02,-72.03,-30.87,33.9,4.5,ml,guc
2007-01-11,06:50:12,-71.98,-30.89,33.6,3.3,ml,guc
2007-01-11,07:32:48,-71.73,-30.9,37.8,4.0,m,guc
2007-01-11,08:30:45,-68.58,-31.25,95.7,3.7,md,guc
2007-01-11,10:12:53,-70.44,-28.48,96.8,3.3,md,guc
2007-01-11,17:33:34,-70.6,-33.32,22.5,2.5,ml,guc
2007-01-11,19:15:07,-114.33,-28.52,10.0,4.3,mb,us
2007-01-11,19:22:00,-71.05,-27.83,21.7,3.1,ml,guc
2007-01-12,00:09:25,-71.31,-29.7,62.5,3.1,md,guc
2007-01-12,02:35:16,-71.74,-29.45,45.0,3.4,m,guc
2007-01-12,03:05:39,-72.14,-29.73,2.6,4.1,ml,guc
2007-01-12,04:57:30,-71.58,-31.77,39.2,3.9,md,guc
2007-01-12,05:47:30,-70.67,-33.67,78.8,3.0,md,guc
2007-01-12,09:00:14,-69.42,-16.86,180.0,4.2,mb,us
2007-01-12,10:48:40,-71.65,-33.67,33.7,3.0,ml,guc
2007-01-12,14:02:11,-66.67,-19.94,254.9,4.7,mb,us
2007-01-13,07:58:17,-112.48,-13.96,10.0,4.6,mb,us
2007-01-13,16:38:11,-70.77,-28.72,50.5,3.0,md,guc
2007-01-13,22:41:32,-68.25,-31.66,0.0,3.5,ml,guc
2007-01-13,22:57:54,-71.49,-27.3,30.2,3.7,ml,guc
2007-01-14,02:51:33,-71.63,-32.64,18.8,2.5,ml,guc
2007-01-14,04:20:31,-69.86,-17.75,130.5,3.7,mb,us
2007-01-14,16:16:57,-70.76,-28.26,2.6,2.7,ml,guc
2007-01-14,18:37:50,-71.61,-33.62,36.4,3.4,md,guc
2007-01-14,22:54:54,-71.55,-30.92,35.0,2.8,ml,guc
2007-01-15,01:14:38,-68.5,-31.26,99.1,3.5,md,guc
2007-01-15,01:34:10,-68.52,-31.21,104.9,3.2,md,guc
2007-01-15,01:40:28,-70.95,-29.79,85.5,3.1,md,guc
2007-01-15,01:43:28,-86.75,-41.75,10.0,4.9,mwc,gcmt
2007-01-15,01:46:22,-70.6,-34.66,115.2,3.3,md,guc
2007-01-15,03:28:16,-71.27,-33.93,53.4,4.0,md,guc
2007-01-15,04:15:09,-71.59,-30.92,34.1,2.7,ml,guc
2007-01-15,04:35:13,-71.5,-32.51,43.3,3.6,md,guc
2007-01-15,06:49:48,-86.96,-41.25,10.0,5.2,mwc,gcmt
2007-01-15,07:04:46,-71.29,-30.85,57.6,4.2,md,guc
2007-01-15,07:43:26,-68.56,-31.22,111.0,3.3,md,guc
2007-01-15,11:51:57,-70.62,-32.23,103.8,3.7,md,guc
2007-01-15,16:30:04,-70.83,-17.61,93.7,0.0,,us
2007-01-15,17:52:09,-76.4,-45.76,38.6,4.4,mb,us
2007-01-16,04:49:42,-71.81,-32.62,15.0,3.3,ml,guc
2007-01-16,07:14:22,-71.67,-30.97,27.6,3.4,ml,guc
2007-01-16,08:19:55,-71.67,-30.96,10.7,2.7,ml,guc
2007-01-16,08:56:05,-69.4,-28.48,124.0,3.3,m,guc
2007-01-16,13:34:34,-71.83,-27.22,39.6,3.8,md,guc
2007-01-16,17:01:18,-66.55,-24.12,189.2,0.0,,us
2007-01-16,18:03:57,-71.68,-31.34,28.7,2.9,ml,guc
2007-01-16,18:37:54,-66.9,-24.14,206.2,4.6,mb,us
2007-01-16,22:58:54,-71.01,-34.34,81.4,2.6,md,guc
2007-01-16,23:58:57,-70.09,-33.0,113.1,3.3,md,guc
2007-01-17,03:42:32,-73.03,-37.47,61.1,2.9,m,guc
2007-01-17,04:57:24,-68.55,-31.31,100.6,3.6,md,guc
2007-01-17,07:37:10,-69.31,-24.7,80.6,3.8,m,guc
2007-01-17,09:14:10,-71.99,-30.88,32.5,3.0,ml,guc
2007-01-17,15:09:24,-115.85,-25.19,10.0,4.7,mb,us
2007-01-17,16:08:46,-73.38,-16.63,41.6,5.1,mwc,gcmt
2007-01-17,16:16:31,-70.11,-32.82,105.8,2.6,md,guc
2007-01-17,17:18:23,-72.16,-33.14,19.7,4.1,ml,guc
2007-01-17,17:28:52,-72.17,-33.14,15.0,3.3,ml,guc
2007-01-17,18:34:15,-64.53,-57.91,6.0,5.6,mwb,us
2007-01-18,02:56:06,-70.46,-34.29,111.7,2.5,md,guc
2007-01-18,03:32:21,-70.16,-31.46,112.4,2.7,m,guc
2007-01-18,03:43:08,-69.1,-31.68,114.7,3.6,md,guc
2007-01-18,07:13:11,-68.69,-31.21,101.7,3.6,md,guc
2007-01-18,19:07:02,-70.62,-33.12,88.1,4.2,mb,us
2007-01-18,19:21:10,-71.65,-30.93,33.3,3.7,ml,guc
2007-01-19,07:36:22,-71.36,-29.83,71.6,4.4,m,guc
2007-01-19,09:23:20,-68.27,-21.59,103.7,4.6,mb,us
2007-01-19,09:46:41,-70.54,-35.02,17.7,3.2,md,guc
2007-01-19,14:47:27,-109.45,-9.57,10.0,5.2,mwc,gcmt
2007-01-19,17:43:52,-69.99,-33.54,3.0,2.5,ml,guc
2007-01-19,18:39:28,-69.84,-31.58,111.9,3.4,md,guc
2007-01-19,20:38:33,-70.16,-33.02,2.7,2.5,ml,guc
2007-01-19,21:17:25,-69.4,-31.53,155.5,4.5,md,guc
2007-01-19,22:05:03,-69.61,-30.24,109.0,3.5,md,guc
2007-01-19,23:19:30,-71.72,-30.77,10.6,3.1,ml,guc
2007-01-19,23:59:21,-71.43,-32.67,10.4,2.5,ml,guc
2007-01-20,01:26:13,-72.15,-33.01,9.8,2.8,ml,guc
2007-01-20,04:28:48,-72.13,-33.21,27.3,2.5,ml,guc
2007-01-20,09:27:03,-70.07,-15.28,228.2,0.0,,us
2007-01-20,10:54:33,-67.71,-19.16,202.2,4.1,mb,us
2007-01-20,16:50:45,-78.91,-9.44,84.0,0.0,,us
2007-01-20,19:56:12,-75.29,-9.84,41.3,4.8,mb,us
2007-01-20,23:52:54,-66.58,-21.58,201.4,4.3,mb,us
2007-01-21,03:13:20,-75.48,-9.92,48.1,4.2,mb,us
2007-01-21,15:42:14,-71.36,-27.78,10.0,4.8,mb,us
2007-01-22,04:48:17,-71.56,-31.96,24.0,2.5,ml,guc
2007-01-22,05:01:32,-70.71,-26.62,60.0,4.3,mb,us
2007-01-22,05:21:14,-72.41,-28.6,34.3,4.0,ml,guc
2007-01-22,06:05:46,-69.29,-31.51,114.2,3.4,md,guc
2007-01-22,15:38:37,-74.48,-8.88,150.0,0.0,,us
2007-01-23,04:52:24,-71.92,-35.96,76.2,2.9,m,guc
2007-01-23,04:53:13,-69.44,-30.33,14.2,3.0,ml,guc
2007-01-23,06:36:44,-68.69,-31.22,108.8,3.7,md,guc
2007-01-23,07:02:08,-75.45,-9.8,15.7,4.9,mb,us
2007-01-23,07:52:16,-68.71,-33.9,8.0,2.5,ml,guc
2007-01-23,20:40:16,-72.19,-45.31,32.0,5.3,mwc,gcmt
2007-01-24,01:27:02,-71.0,-35.34,103.5,2.8,md,guc
2007-01-24,02:51:04,-72.53,-45.3,35.0,4.7,mb,us
2007-01-24,05:54:38,-71.72,-31.45,26.3,2.6,ml,guc
2007-01-24,08:56:19,-70.13,-34.06,22.4,3.6,md,guc
2007-01-24,12:29:39,-68.86,-20.23,108.6,0.0,,us
2007-01-24,13:43:32,-69.32,-18.68,114.4,4.1,mb,us
2007-01-24,19:26:37,-72.35,-32.86,23.5,2.7,ml,guc
2007-01-24,21:55:13,-70.42,-34.49,124.1,4.0,mb,us
2007-01-25,04:02:26,-71.3,-35.08,72.6,2.5,md,guc
2007-01-25,09:39:59,-72.58,-36.59,69.4,3.9,md,guc
2007-01-25,12:36:14,-69.97,-32.79,110.8,2.7,m,guc
2007-01-25,18:58:13,-70.83,-34.75,17.7,2.8,ml,guc
2007-01-26,08:10:13,-69.86,-32.25,133.8,3.6,md,guc
2007-01-26,10:02:50,-72.61,-13.95,64.4,4.5,mb,us
2007-01-27,01:05:26,-68.85,-20.42,115.1,4.4,mb,us
2007-01-27,03:32:53,-70.05,-31.62,147.7,3.4,md,guc
2007-01-27,05:18:20,-69.27,-31.23,163.6,3.4,md,guc
2007-01-27,05:27:41,-71.92,-15.1,116.5,4.3,mb,us
2007-01-27,06:38:55,-68.88,-31.3,164.7,3.6,m,guc
2007-01-27,10:28:14,-78.9,-8.4,76.0,4.6,mb,us
2007-01-27,16:19:44,-71.57,-32.7,53.6,3.3,md,guc
2007-01-28,01:11:35,-72.65,-18.3,35.0,4.9,mb,us
2007-01-28,02:46:32,-66.71,-27.92,143.9,4.3,mb,us
2007-01-28,02:53:21,-72.32,-45.16,49.7,5.2,mwc,gcmt
2007-01-28,20:27:59,-71.46,-29.79,64.3,4.5,mb,us
2007-01-28,21:44:29,-111.22,-15.08,10.0,4.5,mb,us
2007-01-29,04:12:08,-91.75,-41.75,10.0,5.1,mwc,gcmt
2007-01-29,09:30:35,-70.7,-32.85,81.7,2.7,md,guc
2007-01-29,11:34:02,-71.52,-30.9,36.5,3.4,md,guc
2007-01-29,15:50:54,-66.68,-23.6,185.1,0.0,,us
2007-01-29,16:44:56,-71.08,-34.24,70.1,2.5,md,guc
2007-01-29,18:55:55,-69.3,-29.23,92.7,0.0,,us
2007-01-29,21:42:20,-66.66,-27.94,165.6,4.9,mb,us
2007-01-30,01:25:58,-71.71,-32.58,36.8,3.7,md,guc
2007-01-30,07:08:55,-69.94,-32.5,140.5,3.7,md,guc
2007-01-30,13:36:13,-69.19,-20.3,96.1,0.0,,us
2007-01-30,22:59:06,-69.8,-18.59,117.0,0.0,,us
2007-01-31,06:05:25,-71.4,-34.56,66.5,2.7,m,guc
2007-01-31,08:06:15,-72.33,-45.19,15.0,4.8,mb,us
2007-01-31,12:37:38,-68.16,-31.2,108.5,0.0,,us
2007-01-31,17:00:59,-70.84,-27.37,66.4,0.0,,us
2007-02-01,02:03:22,-71.89,-32.64,17.4,2.6,ml,guc
2007-02-01,04:07:03,-71.08,-32.97,72.2,3.1,md,guc
2007-02-01,05:56:41,-71.8,-32.76,24.9,3.0,ml,guc
2007-02-01,05:57:37,-66.57,-23.99,196.7,3.8,mb,us
2007-02-01,09:48:46,-67.75,-28.38,145.7,4.4,m,guc
2007-02-01,23:11:46,-71.86,-32.26,30.2,2.9,ml,guc
2007-02-02,03:46:40,-71.48,-33.75,56.5,2.6,md,guc
2007-02-02,03:55:26,-68.06,-23.28,150.0,4.3,mb,us
2007-02-02,15:04:30,-69.52,-27.22,103.2,3.5,md,guc
2007-02-02,20:37:25,-71.59,-29.88,33.0,3.8,ml,guc
2007-02-03,04:47:01,-70.02,-15.12,218.7,3.8,mb,us
2007-02-03,09:00:16,-72.24,-45.24,10.0,5.3,mwc,gcmt
2007-02-03,11:45:26,-66.56,-23.07,207.5,3.9,mb,us
2007-02-03,19:11:02,-71.04,-32.87,63.0,2.6,md,guc
2007-02-03,23:29:02,-69.74,-18.29,118.7,4.7,mb,us
2007-02-03,23:57:01,-71.39,-9.32,556.1,4.3,mb,us
2007-02-04,03:56:09,-70.46,-33.68,95.6,2.9,md,guc
2007-02-04,06:18:59,-71.62,-34.81,46.8,3.4,md,guc
2007-02-04,07:40:45,-71.73,-30.99,5.0,2.7,ml,guc
2007-02-04,08:05:16,-75.54,-15.02,38.7,4.2,mb,us
2007-02-04,08:09:17,-69.25,-31.53,176.8,3.5,m,guc
2007-02-04,08:11:46,-72.13,-33.14,3.3,2.5,ml,guc
2007-02-04,08:51:32,-75.52,-15.05,28.6,4.7,mb,us
2007-02-04,10:13:52,-69.1,-17.23,172.9,5.1,mwc,gcmt
2007-02-04,10:45:20,-71.13,-34.89,85.3,3.0,md,guc
2007-02-04,10:56:14,-71.4,-32.29,54.1,4.1,md,guc
2007-02-04,17:49:03,-71.67,-32.56,11.3,2.5,ml,guc
2007-02-04,18:52:23,-70.91,-32.84,64.8,2.8,md,guc
2007-02-04,19:17:30,-121.44,-58.24,10.0,4.6,mb,us
2007-02-04,21:17:47,-122.72,-55.88,10.0,6.2,mwc,gcmt
2007-02-04,22:52:54,-123.45,-55.79,10.0,5.6,mwc,gcmt
2007-02-05,01:02:29,-66.97,-29.32,97.7,4.1,mb,us
2007-02-05,03:17:01,-68.64,-19.83,35.0,4.7,mb,us
2007-02-05,05:49:01,-71.19,-32.26,64.6,2.9,md,guc
2007-02-05,09:06:02,-68.32,-31.06,154.1,3.3,md,guc
2007-02-05,17:05:48,-70.93,-32.71,70.2,3.4,md,guc
2007-02-05,22:45:40,-71.02,-33.81,70.7,2.7,md,guc
2007-02-06,03:26:00,-71.79,-32.66,26.5,2.9,ml,guc
2007-02-06,04:03:52,-71.55,-28.56,32.5,3.1,ml,guc
2007-02-06,05:40:26,-68.65,-23.52,110.0,4.9,mb,us
2007-02-06,11:43:07,-71.54,-35.34,86.2,2.9,md,guc
2007-02-06,14:03:14,-70.96,-33.67,72.3,3.1,md,guc
2007-02-06,14:32:08,-123.75,-56.25,10.0,5.0,mwc,gcmt
2007-02-06,16:07:55,-71.22,-30.82,60.5,2.9,m,guc
2007-02-07,04:07:48,-71.28,-28.02,49.9,4.1,mb,us
2007-02-07,09:41:04,-123.25,-56.25,10.0,4.8,mwc,gcmt
2007-02-07,14:47:51,-71.58,-32.68,6.8,2.5,ml,guc
2007-02-07,17:35:13,-70.22,-33.99,120.2,2.9,md,guc
2007-02-07,18:55:00,-71.08,-17.71,63.9,5.5,mwc,gcmt
2007-02-07,21:26:17,-70.86,-34.13,92.0,3.3,md,guc
2007-02-08,10:49:13,-71.18,-25.7,50.0,4.3,md,guc
2007-02-08,12:24:56,-69.83,-32.68,115.2,3.2,md,guc
2007-02-08,22:15:00,-71.26,-30.73,43.3,4.0,md,guc
2007-02-08,22:58:35,-71.0,-27.78,45.5,2.6,m,guc
2007-02-08,23:51:53,-75.72,-15.18,35.0,4.9,mb,us
2007-02-09,01:11:57,-70.46,-31.28,127.7,3.2,md,guc
2007-02-09,05:53:00,-70.06,-34.06,8.7,3.0,ml,guc
2007-02-09,07:14:49,-71.24,-30.51,43.4,4.1,m,guc
2007-02-09,08:20:04,-69.39,-29.27,102.3,4.3,m,guc
2007-02-09,13:36:02,-69.51,-31.92,140.0,3.4,md,guc
2007-02-09,16:34:12,-69.97,-33.61,4.4,2.9,ml,guc
2007-02-09,23:46:18,-69.09,-20.28,160.6,4.2,mb,us
2007-02-10,06:03:02,-71.56,-42.98,157.3,5.5,mwc,gcmt
2007-02-10,09:35:17,-69.83,-31.75,141.9,3.2,md,guc
2007-02-10,10:16:36,-67.64,-24.38,200.0,3.8,m,guc
2007-02-10,12:34:37,-70.53,-25.32,42.3,3.6,m,guc
2007-02-10,19:14:04,-71.46,-32.01,38.3,4.0,md,guc
2007-02-11,09:32:03,-67.0,-17.97,273.7,4.0,mb,us
2007-02-11,15:04:24,-66.99,-24.27,155.9,4.5,mb,us
2007-02-11,17:27:49,-67.06,-24.47,150.9,3.8,m,guc
2007-02-11,21:44:07,-71.69,-31.59,29.0,2.7,ml,guc
2007-02-12,07:12:15,-71.03,-34.86,106.2,3.5,md,guc
2007-02-12,15:56:55,-70.04,-20.72,54.9,0.0,,us
2007-02-12,17:21:56,-65.29,-30.9,178.0,4.6,mb,us
2007-02-12,21:17:12,-70.82,-27.58,44.5,3.7,md,guc
2007-02-12,21:59:49,-72.08,-33.9,37.4,3.8,md,guc
2007-02-13,01:09:04,-68.71,-31.25,135.0,3.4,md,guc
2007-02-13,05:47:37,-71.52,-35.68,105.4,3.3,md,guc
2007-02-13,12:31:48,-70.28,-33.11,99.4,2.9,md,guc
2007-02-14,01:29:07,-112.05,-29.59,10.0,5.9,mwb,us
2007-02-14,01:34:27,-96.54,-37.27,10.0,4.8,mb,us
2007-02-14,03:03:24,-69.75,-29.0,105.0,3.3,m,guc
2007-02-14,07:34:14,-72.24,-30.85,26.7,3.4,ml,guc
2007-02-14,14:21:48,-69.82,-19.59,53.0,5.6,mwb,us
2007-02-14,19:37:57,-77.22,-5.34,41.2,5.0,mb,us
2007-02-14,23:57:28,-71.16,-35.05,94.3,3.1,md,guc
2007-02-15,08:04:47,-71.49,-35.67,116.7,3.0,md,guc
2007-02-15,09:26:57,-70.13,-32.65,113.5,2.9,md,guc
2007-02-15,11:32:57,-73.47,-7.83,17.3,4.8,mb,us
2007-02-15,11:38:58,-70.12,-32.25,89.8,3.0,md,guc
2007-02-15,13:58:17,-70.16,-31.82,138.0,3.2,md,guc
2007-02-15,15:45:36,-70.08,-31.98,118.3,3.5,md,guc
2007-02-15,16:27:45,-89.2,-41.51,10.0,5.0,mwc,gcmt
2007-02-16,03:09:45,-69.67,-17.36,159.3,4.2,mb,us
2007-02-16,05:05:58,-71.84,-32.6,27.6,2.5,ml,guc
2007-02-16,10:57:16,-74.48,-14.51,51.2,0.0,,us
2007-02-16,16:59:10,-73.81,-15.95,57.0,4.9,mb,us
2007-02-16,18:30:51,-74.81,-36.99,22.8,4.2,ml,guc
2007-02-16,19:51:01,-69.95,-31.75,137.2,3.5,md,guc
2007-02-17,00:40:24,-71.16,-38.4,145.0,3.4,mb,us
2007-02-17,11:26:30,-69.15,-31.47,144.2,4.0,m,guc
2007-02-17,14:59:14,-59.46,-58.03,10.0,4.7,mb,us
2007-02-17,21:35:57,-76.36,-13.61,41.4,4.1,mb,us
2007-02-18,14:56:50,-70.89,-30.62,52.6,4.1,md,guc
2007-02-18,15:40:08,-71.07,-32.64,13.5,2.7,ml,guc
2007-02-18,17:56:38,-69.39,-28.01,117.9,3.8,m,guc
2007-02-19,00:16:57,-71.75,-15.67,135.4,4.9,mwc,gcmt
2007-02-19,01:16:02,-71.66,-13.87,83.4,0.0,,us
2007-02-19,06:14:15,-71.87,-32.77,27.6,3.7,ml,guc
2007-02-19,13:29:12,-70.72,-33.41,86.4,2.9,md,guc
2007-02-19,19:06:17,-68.59,-33.29,3.3,4.1,ml,guc
2007-02-19,19:24:11,-70.47,-23.05,10.0,5.5,mwc,gcmt
2007-02-19,21:24:43,-70.07,-32.01,113.6,3.3,md,guc
2007-02-20,00:23:23,-73.02,-45.33,8.0,4.1,mb,us
2007-02-20,01:00:01,-67.02,-24.15,209.4,3.8,mb,us
2007-02-20,02:22:17,-70.0,-25.37,80.0,3.7,md,guc
2007-02-20,02:39:32,-68.3,-31.68,120.0,3.6,md,guc
2007-02-20,08:33:47,-71.38,-29.49,73.0,3.4,m,guc
2007-02-20,14:22:57,-71.06,-35.42,118.5,2.8,md,guc
2007-02-20,15:41:26,-71.05,-26.81,30.2,3.9,ml,guc
2007-02-20,16:04:53,-69.02,-21.99,89.5,4.0,mb,us
2007-02-20,17:25:11,-71.04,-26.9,25.0,4.8,mb,us
2007-02-20,19:59:38,-71.08,-26.97,13.2,3.8,ml,guc
2007-02-20,21:48:39,-69.66,-31.51,159.4,3.4,md,guc
2007-02-20,22:24:43,-77.28,-5.14,35.0,4.1,mb,us
2007-02-20,23:11:24,-71.76,-31.22,15.0,4.6,mb,us
2007-02-20,23:24:18,-71.66,-31.16,36.6,3.8,md,guc
2007-02-21,00:03:11,-71.04,-28.59,48.3,3.9,md,guc
2007-02-21,00:08:36,-70.92,-34.42,95.0,3.7,md,guc
2007-02-21,00:23:23,-73.02,-45.33,8.0,4.7,mb,us
2007-02-21,03:42:08,-71.67,-31.14,13.3,3.3,ml,guc
2007-02-21,05:36:21,-71.06,-26.89,31.5,4.5,mb,us
2007-02-21,11:34:23,-75.62,-9.57,102.5,0.0,,us
2007-02-21,12:04:37,-72.94,-33.3,26.1,3.9,md,guc
2007-02-21,13:16:26,-66.57,-23.42,197.6,0.0,,us
2007-02-21,17:09:12,-115.75,-24.25,10.0,4.8,mwc,gcmt
2007-02-21,17:21:55,-70.04,-34.13,20.2,2.5,ml,guc
2007-02-21,19:25:48,-69.67,-31.74,146.7,3.8,md,guc
2007-02-22,00:34:09,-68.77,-31.8,6.3,4.3,ml,guc
2007-02-22,01:03:07,-68.74,-31.82,10.0,4.0,ml,guc
2007-02-22,01:15:47,-68.72,-31.8,5.0,4.8,mb,us
2007-02-22,01:55:35,-71.63,-32.18,43.5,4.6,mb,us
2007-02-22,02:35:34,-71.18,-35.13,103.0,3.0,md,guc
2007-02-22,10:39:33,-68.64,-31.69,150.0,3.6,md,guc
2007-02-22,11:07:16,-69.6,-31.25,147.6,3.7,md,guc
2007-02-22,18:51:20,-70.7,-33.92,82.6,3.1,md,guc
2007-02-23,02:40:06,-75.42,-10.26,83.7,0.0,,us
2007-02-23,13:34:55,-71.16,-34.93,86.1,2.8,md,guc
2007-02-23,19:55:49,-72.32,-45.34,25.1,5.7,mwc,gcmt
2007-02-23,22:38:57,-72.59,-45.33,35.0,4.6,mb,us
2007-02-24,01:23:07,-80.62,-6.95,35.0,3.3,mb,us
2007-02-24,01:53:58,-85.98,-41.24,10.0,5.1,mwc,gcmt
2007-02-24,02:36:24,-80.48,-7.01,23.0,6.3,mwb,us
2007-02-24,10:49:31,-67.84,-28.25,130.0,4.4,m,guc
2007-02-24,13:33:05,-68.03,-21.49,126.3,5.0,mb,us
2007-02-24,19:38:08,-70.65,-34.23,101.8,2.6,md,guc
2007-02-24,20:37:57,-71.19,-33.71,56.9,2.7,md,guc
2007-02-24,21:11:36,-69.96,-28.13,56.1,3.9,md,guc
2007-02-25,01:42:05,-67.69,-29.59,35.0,4.3,mb,us
2007-02-25,05:02:55,-75.87,-9.41,51.5,4.7,mb,us
2007-02-25,07:56:08,-71.75,-31.57,7.5,3.2,ml,guc
2007-02-25,09:24:06,-71.64,-32.48,30.5,3.4,md,guc
2007-02-25,11:19:53,-67.38,-27.82,124.4,5.0,m,guc
2007-02-25,15:59:20,-71.15,-32.81,52.5,4.0,md,guc
2007-02-25,18:28:23,-71.69,-35.5,89.5,3.0,md,guc
2007-02-26,00:19:25,-80.61,-7.17,35.0,5.3,mwc,gcmt
2007-02-26,02:53:11,-71.93,-32.33,45.2,3.9,md,guc
2007-02-26,03:10:52,-70.63,-35.15,37.1,4.0,md,guc
2007-02-26,03:17:06,-70.31,-32.86,95.3,3.7,md,guc
2007-02-26,03:59:48,-81.15,-4.76,61.4,4.6,mb,us
2007-02-26,07:18:40,-68.29,-32.95,12.6,3.1,ml,guc
2007-02-26,15:22:58,-71.38,-30.91,55.4,3.4,md,guc
2007-02-26,15:43:32,-71.2,-28.25,32.8,3.7,ml,guc
2007-02-26,16:36:13,-69.72,-32.45,116.0,3.0,md,guc
2007-02-26,17:24:24,-68.23,-21.34,113.8,4.7,mb,us
2007-02-26,17:58:27,-68.94,-20.16,100.5,5.1,mb,us
2007-02-26,18:20:07,-58.7,-53.88,10.0,4.7,mb,us
2007-02-26,22:13:18,-70.9,-27.4,6.0,3.6,ml,guc
2007-02-27,01:22:29,-63.29,-27.38,586.5,4.1,mb,us
2007-02-27,01:55:13,-68.65,-20.48,101.2,4.1,mb,us
2007-02-27,04:17:46,-69.57,-31.54,138.1,3.7,md,guc
2007-02-27,13:41:44,-71.36,-31.02,43.1,3.9,md,guc
2007-02-27,16:13:51,-106.25,-35.94,10.0,5.2,mwc,gcmt
2007-02-27,20:43:02,-71.02,-33.08,58.2,2.6,md,guc
2007-02-28,05:22:36,-72.03,-29.74,3.3,3.7,ml,guc
2007-02-28,06:19:26,-71.02,-29.59,74.0,2.9,m,guc
2007-02-28,09:10:20,-70.26,-33.19,98.0,2.9,md,guc
2007-02-28,11:59:11,-72.04,-18.3,9.3,4.3,mb,us
2007-02-28,21:54:06,-70.23,-28.32,96.0,3.1,md,guc
2007-03-02,13:07:31,-71.19,-30.88,48.3,5.4,mwb,us
2007-03-02,16:03:18,-66.49,-27.91,172.1,4.6,mb,us
2007-03-03,08:13:04,-66.47,-23.88,191.9,3.8,mb,us
2007-03-04,01:54:37,-70.66,-31.82,97.5,2.5,m,guc
2007-03-04,01:56:13,-69.61,-31.61,136.7,2.9,m,guc
2007-03-04,02:07:46,-66.95,-24.32,154.2,3.6,mb,us
2007-03-04,05:36:42,-71.12,-29.51,70.7,3.9,m,guc
2007-03-04,09:04:54,-69.55,-31.4,142.6,3.3,m,guc
2007-03-04,10:01:56,-70.51,-32.48,89.4,3.3,md,guc
2007-03-04,10:15:27,-71.21,-33.83,62.6,2.9,md,guc
2007-03-04,14:58:46,-70.1,-34.09,20.7,3.0,md,guc
2007-03-04,15:57:50,-71.84,-29.69,15.0,3.5,ml,guc
2007-03-04,17:29:05,-70.2,-34.34,8.3,2.5,ml,guc
2007-03-04,17:50:33,-71.18,-35.33,88.4,3.4,md,guc
2007-03-05,02:26:51,-68.68,-31.04,111.2,4.8,mb,us
2007-03-06,00:06:12,-71.16,-35.34,105.6,3.4,md,guc
2007-03-06,01:35:40,-71.02,-27.55,18.5,3.6,ml,guc
2007-03-06,02:07:45,-70.86,-33.66,74.4,2.8,md,guc
2007-03-06,08:55:19,-70.1,-33.6,2.9,2.9,md,guc
2007-03-06,13:30:27,-71.25,-28.57,47.0,4.1,mb,us
2007-03-06,13:47:58,-71.57,-29.86,63.6,3.2,m,guc
2007-03-06,17:01:12,-69.22,-24.27,82.2,4.6,mb,us
2007-03-06,17:01:29,-70.36,-31.82,121.8,2.9,m,guc
2007-03-06,21:30:12,-74.0,-15.09,93.0,5.2,mwc,gcmt
2007-03-06,22:57:01,-70.73,-34.73,100.4,2.6,md,guc
2007-03-06,23:30:16,-69.79,-32.04,121.0,2.7,m,guc
2007-03-07,04:31:09,-70.69,-14.23,82.1,4.3,mb,us
2007-03-07,05:09:52,-70.06,-19.07,81.4,0.0,,us
2007-03-07,10:05:37,-66.61,-24.03,193.1,0.0,,us
2007-03-07,14:51:04,-68.64,-20.09,126.9,4.6,mb,us
2007-03-08,00:42:55,-75.55,-8.13,45.4,0.0,,us
2007-03-08,07:23:53,-66.41,-23.2,166.9,4.7,mb,us
2007-03-09,04:38:03,-73.72,-41.2,45.3,4.0,mb,us
2007-03-09,13:53:29,-75.66,-13.75,72.2,4.3,mb,us
2007-03-10,02:57:35,-66.65,-27.92,144.7,4.1,mb,us
2007-03-10,03:44:20,-71.42,-28.85,39.6,2.6,m,guc
2007-03-10,07:13:28,-72.31,-28.97,33.0,3.6,ml,guc
2007-03-10,07:44:42,-71.77,-34.51,28.5,4.4,mb,us
2007-03-10,13:18:41,-70.69,-34.57,101.7,2.8,md,guc
2007-03-10,14:07:09,-69.71,-23.29,50.0,5.5,mwc,gcmt
2007-03-10,19:04:51,-70.48,-24.7,48.5,3.7,m,guc
2007-03-11,00:27:12,-71.4,-32.41,41.7,4.1,md,guc
2007-03-11,01:47:06,-69.45,-31.17,4.1,3.1,ml,guc
2007-03-11,03:06:50,-69.57,-16.55,201.3,3.6,mb,us
2007-03-11,11:25:53,-70.36,-34.5,128.9,3.2,md,guc
2007-03-11,13:14:17,-72.2,-34.47,35.3,5.0,mb,us
2007-03-11,15:02:06,-72.1,-34.47,30.2,2.6,ml,guc
2007-03-11,17:53:25,-72.16,-34.48,31.4,3.7,ml,guc
2007-03-11,18:25:13,-70.71,-30.77,82.9,3.3,m,guc
2007-03-11,18:33:48,-67.62,-27.43,150.0,4.4,m,guc
2007-03-11,21:09:56,-69.4,-17.92,156.2,4.4,mb,us
2007-03-11,21:12:16,-69.65,-31.6,157.8,4.4,mb,us
2007-03-12,02:09:50,-71.16,-32.28,49.5,3.5,md,guc
2007-03-12,06:29:13,-72.85,-16.18,93.1,4.0,m,lim
2007-03-12,08:02:10,-70.32,-33.88,113.1,2.5,md,guc
2007-03-12,13:54:31,-69.21,-22.09,100.0,4.4,m,guc
2007-03-12,16:13:38,-71.51,-28.2,28.1,3.2,ml,guc
2007-03-12,18:44:39,-68.8,-32.32,145.2,3.0,md,guc
2007-03-12,20:56:25,-71.4,-29.47,70.8,3.8,md,guc
2007-03-12,22:13:38,-68.44,-21.45,108.9,3.9,mb,us
2007-03-12,23:46:34,-67.23,-24.31,149.2,4.0,mb,us
2007-03-13,01:00:35,-70.38,-29.65,87.9,3.4,m,guc
2007-03-13,03:45:57,-71.21,-28.35,29.7,2.8,ml,guc
2007-03-13,04:41:34,-68.92,-29.34,16.1,3.5,ml,guc
2007-03-13,05:49:28,-71.0,-27.54,30.5,3.1,ml,guc
2007-03-13,07:37:51,-120.21,-55.08,10.0,5.2,mwc,gcmt
2007-03-13,12:25:57,-69.54,-24.21,80.0,4.2,md,guc
2007-03-13,14:50:50,-77.06,-5.53,37.3,5.0,mb,us
2007-03-13,15:47:41,-120.77,-54.24,10.0,5.1,mwc,gcmt
2007-03-14,01:22:11,-70.93,-33.62,68.7,2.5,md,guc
2007-03-14,01:40:49,-71.32,-27.21,53.1,4.1,md,guc
2007-03-14,05:12:52,-69.58,-31.81,158.4,3.8,md,guc
2007-03-14,06:04:50,-69.71,-28.2,90.8,3.7,m,guc
2007-03-14,10:13:58,-101.78,-36.1,10.0,4.6,mb,us
2007-03-14,11:46:56,-72.01,-33.17,31.2,4.2,ml,guc
2007-03-14,13:01:32,-69.68,-31.57,140.5,3.5,md,guc
2007-03-14,17:36:26,-71.7,-32.25,23.8,2.9,ml,guc
2007-03-14,21:34:01,-68.98,-19.99,103.0,4.9,mb,us
2007-03-15,12:38:54,-70.47,-34.01,106.4,3.0,md,guc
2007-03-15,13:17:46,-70.34,-32.3,113.4,3.0,md,guc
2007-03-16,00:07:11,-70.75,-28.52,65.7,4.5,mb,us
2007-03-16,09:53:48,-71.65,-32.67,15.0,3.1,ml,guc
2007-03-16,14:53:40,-71.19,-16.3,119.4,4.8,mb,us
2007-03-16,15:26:00,-71.88,-32.75,29.1,2.5,ml,guc
2007-03-16,18:29:48,-69.87,-32.37,124.8,3.9,md,guc
2007-03-16,20:05:54,-71.51,-32.22,3.5,2.9,ml,guc
2007-03-16,21:25:23,-68.59,-31.13,140.0,3.7,md,guc
2007-03-16,21:35:54,-70.35,-28.7,76.5,5.1,m,guc
2007-03-16,22:08:44,-68.65,-35.2,0.0,4.0,md,sja
2007-03-16,22:42:04,-71.26,-30.86,44.3,3.5,m,guc
2007-03-16,23:16:43,-71.46,-32.04,19.7,3.1,ml,guc
2007-03-17,06:34:06,-71.56,-35.55,96.4,3.0,m,guc
2007-03-17,06:44:45,-71.67,-35.4,89.6,3.4,m,guc
2007-03-17,11:19:35,-71.52,-32.72,31.6,3.0,md,guc
2007-03-17,16:42:00,-67.04,-31.82,138.0,4.6,mb,us
2007-03-17,23:59:42,-66.13,-23.15,194.6,3.8,mb,us
2007-03-18,00:19:47,-70.26,-32.96,92.6,2.7,md,guc
2007-03-18,03:42:34,-71.4,-30.88,56.2,3.1,md,guc
2007-03-18,06:42:54,-71.68,-30.85,11.9,2.6,ml,guc
2007-03-18,07:52:54,-71.47,-28.83,30.4,5.0,mb,us
2007-03-18,11:18:41,-71.92,-34.75,15.2,3.2,ml,guc
2007-03-18,11:23:34,-70.74,-33.14,74.4,2.8,md,guc
2007-03-18,16:27:18,-70.81,-26.49,43.0,0.0,,us
2007-03-18,19:25:21,-71.41,-28.85,37.0,4.1,ml,guc
2007-03-18,22:48:47,-69.12,-31.39,151.0,3.5,md,guc
2007-03-18,22:52:29,-71.59,-32.23,2.1,2.9,ml,guc
2007-03-19,01:52:59,-69.56,-18.31,120.2,3.9,mb,us
2007-03-19,02:03:09,-71.95,-35.16,55.0,2.7,md,guc
2007-03-19,06:41:02,-71.93,-35.56,57.3,2.6,md,guc
2007-03-19,08:44:20,-70.11,-31.8,126.1,3.4,md,guc
2007-03-19,09:08:40,-70.97,-28.4,72.7,4.8,m,guc
2007-03-19,10:17:37,-67.62,-31.05,140.0,3.9,m,guc
2007-03-19,12:47:02,-72.0,-33.97,30.5,3.5,md,guc
2007-03-19,13:16:46,-71.32,-32.74,60.6,3.3,md,guc
2007-03-19,20:48:19,-70.28,-31.99,126.2,3.0,md,guc
2007-03-19,23:21:13,-67.09,-24.3,160.8,4.4,mb,us
2007-03-20,04:41:53,-70.63,-26.28,50.1,3.8,md,guc
2007-03-20,08:39:01,-71.56,-32.65,13.9,2.7,ml,guc
2007-03-20,14:25:02,-69.22,-31.18,140.0,3.2,m,guc
2007-03-20,17:59:47,-66.96,-31.73,133.9,5.2,mwc,gcmt
2007-03-20,21:39:40,-70.74,-32.3,97.8,3.3,md,guc
2007-03-21,00:52:56,-70.35,-25.87,77.8,4.2,md,guc
2007-03-21,11:12:31,-69.4,-33.63,150.0,2.8,md,guc
2007-03-21,12:31:11,-70.46,-28.12,73.8,4.3,m,guc
2007-03-21,12:46:15,-69.27,-32.61,168.9,3.2,md,guc
2007-03-21,19:08:24,-66.96,-24.43,150.0,4.6,mb,us
2007-03-21,20:37:57,-72.19,-30.52,18.2,3.2,ml,guc
2007-03-21,20:55:02,-71.71,-32.69,30.1,2.6,ml,guc
2007-03-22,02:53:54,-71.56,-30.13,46.6,2.8,m,guc
2007-03-22,03:30:47,-69.56,-17.62,155.1,3.7,mb,us
2007-03-22,03:50:20,-71.53,-35.54,89.7,2.6,md,guc
2007-03-22,04:40:34,-70.6,-29.95,88.8,3.9,md,guc
2007-03-22,08:38:09,-67.72,-31.12,15.2,4.1,md,sja
2007-03-22,14:22:52,-70.75,-33.69,90.4,2.6,md,guc
2007-03-22,14:52:05,-69.57,-28.61,113.5,3.7,m,guc
2007-03-22,20:25:20,-71.2,-28.12,42.2,5.2,mwc,gcmt
2007-03-23,07:05:23,-71.19,-28.13,47.0,3.6,m,guc
2007-03-23,07:31:20,-68.31,-22.16,70.0,4.2,mb,us
2007-03-23,07:44:24,-71.38,-35.84,129.4,2.9,m,guc
2007-03-23,11:15:08,-71.22,-29.78,69.8,3.0,m,guc
2007-03-23,14:18:31,-71.35,-35.22,87.1,3.1,md,guc
2007-03-23,19:26:48,-70.05,-34.16,20.2,4.6,mb,us
2007-03-23,19:30:51,-70.06,-34.14,4.8,3.2,ml,guc
2007-03-23,20:38:15,-71.04,-32.56,10.6,2.7,ml,guc
2007-03-24,00:45:34,-73.04,-45.36,6.0,4.5,mb,us
2007-03-24,02:07:10,-71.0,-35.37,103.4,2.6,md,guc
2007-03-24,10:14:40,-71.59,-31.91,53.8,4.5,m,guc
2007-03-24,19:13:51,-70.14,-19.72,30.0,5.7,mwb,us
2007-03-25,02:50:57,-71.31,-28.57,39.2,3.3,m,guc
2007-03-25,03:06:49,-70.27,-34.26,122.9,3.0,md,guc
2007-03-25,14:52:50,-67.54,-28.83,132.7,3.6,mb,us
2007-03-25,17:24:40,-70.02,-31.85,132.2,3.7,md,guc
2007-03-25,18:43:38,-69.44,-31.86,8.3,3.3,ml,guc
2007-03-25,22:01:42,-72.03,-33.57,42.3,3.7,md,guc
2007-03-26,02:46:59,-72.61,-17.38,26.9,5.4,mwc,gcmt
2007-03-26,03:09:24,-72.76,-17.45,35.0,3.6,mb,us
2007-03-26,03:30:17,-72.73,-17.45,35.0,4.4,mb,us
2007-03-26,05:10:27,-71.26,-29.8,60.7,2.9,m,guc
2007-03-26,05:11:19,-69.16,-31.16,143.7,3.7,m,guc
2007-03-26,07:10:14,-71.37,-30.78,47.0,2.7,m,guc
2007-03-26,15:04:40,-70.66,-34.41,109.9,2.5,md,guc
2007-03-26,17:01:01,-71.96,-30.46,75.0,3.5,md,guc
2007-03-26,21:00:26,-69.62,-19.48,108.9,5.1,mwc,gcmt
2007-03-26,22:30:27,-72.67,-18.8,35.0,4.0,mb,us
2007-03-27,01:01:29,-68.21,-56.83,35.3,4.5,mb,us
2007-03-27,01:59:28,-68.28,-23.59,158.7,4.5,mb,us
2007-03-27,03:11:28,-72.75,-17.44,35.0,5.0,mb,us
2007-03-27,03:22:07,-72.82,-17.41,35.0,0.0,,us
2007-03-27,05:23:34,-71.47,-32.39,59.7,3.4,md,guc
2007-03-27,12:04:54,-71.74,-6.2,607.4,4.2,mb,us
2007-03-27,15:07:38,-70.92,-34.84,103.7,2.6,md,guc
2007-03-27,16:51:47,-70.63,-27.93,67.4,2.8,m,guc
2007-03-27,19:14:29,-69.22,-19.68,119.8,0.0,,us
2007-03-28,04:24:47,-69.45,-31.84,152.5,3.2,md,guc
2007-03-28,05:20:20,-70.26,-33.69,7.7,2.5,ml,guc
2007-03-28,07:58:48,-71.22,-16.75,98.7,4.4,mb,us
2007-03-28,10:19:58,-71.6,-32.28,57.7,3.7,md,guc
2007-03-28,18:05:43,-69.74,-32.16,131.5,3.3,md,guc
2007-03-29,02:04:09,-69.09,-17.58,172.0,4.0,mb,us
2007-03-29,02:21:27,-69.74,-31.28,132.2,3.2,md,guc
2007-03-29,09:02:14,-66.65,-24.01,183.0,4.6,m,guc
2007-03-29,13:14:31,-71.34,-31.93,41.6,2.5,m,guc
2007-03-29,14:40:44,-71.84,-31.59,25.1,5.6,mwc,gcmt
2007-03-29,15:12:56,-71.88,-31.61,34.3,2.8,ml,guc
2007-03-29,15:22:56,-71.9,-31.62,28.5,3.0,ml,guc
2007-03-29,15:43:31,-71.91,-31.63,30.7,3.2,ml,guc
2007-03-29,17:09:07,-71.71,-31.6,33.9,5.8,mwb,us
2007-03-29,17:18:06,-72.01,-31.63,19.6,3.9,ml,guc
2007-03-29,17:28:04,-71.83,-31.6,31.7,4.1,ml,guc
2007-03-29,17:46:21,-72.08,-31.57,4.0,5.3,mwc,gcmt
2007-03-29,18:08:20,-71.85,-31.62,33.1,3.8,ml,guc
2007-03-29,18:22:47,-72.0,-31.56,18.2,4.8,mb,us
2007-03-29,18:31:58,-71.9,-31.58,29.1,5.0,mwc,gcmt
2007-03-29,19:21:54,-71.95,-31.63,4.4,3.2,ml,guc
2007-03-29,20:18:53,-71.96,-31.61,24.8,3.3,ml,guc
2007-03-29,20:21:11,-71.91,-31.62,15.4,3.3,ml,guc
2007-03-29,20:33:29,-71.8,-31.66,8.4,3.4,ml,guc
2007-03-29,22:09:16,-71.97,-31.58,18.1,3.0,ml,guc
2007-03-30,00:20:10,-69.97,-32.45,118.2,3.0,md,guc
2007-03-30,02:26:44,-70.08,-33.24,112.7,4.3,mb,us
2007-03-30,02:57:50,-71.96,-31.65,27.0,4.6,ml,guc
2007-03-30,03:08:42,-71.9,-31.66,31.4,4.5,ml,guc
2007-03-30,03:45:09,-71.89,-31.71,20.4,3.8,ml,guc
2007-03-30,06:13:14,-71.85,-31.74,30.6,3.7,md,guc
2007-03-30,06:42:44,-71.87,-31.68,34.9,3.1,ml,guc
2007-03-30,06:43:51,-71.7,-32.7,29.7,2.9,ml,guc
2007-03-30,08:48:31,-71.91,-31.68,31.5,3.7,ml,guc
2007-03-30,14:24:03,-72.04,-31.6,32.4,3.5,ml,guc
2007-03-30,16:02:13,-72.09,-31.58,10.0,4.9,mb,us
2007-03-30,16:33:53,-71.91,-31.64,25.3,4.1,ml,guc
2007-03-30,16:44:42,-71.88,-31.68,34.3,3.0,ml,guc
2007-03-30,18:07:55,-72.02,-31.6,33.0,3.6,ml,guc
2007-03-30,18:36:19,-71.94,-31.66,40.4,3.2,m,guc
2007-03-30,18:41:05,-72.07,-31.64,23.9,3.3,ml,guc
2007-03-30,19:34:06,-67.47,-24.31,220.0,5.0,m,guc
2007-03-30,22:07:05,-125.47,-55.69,10.0,5.2,mwc,gcmt
2007-03-30,22:34:14,-71.92,-31.68,25.7,3.3,ml,guc
2007-03-30,23:05:44,-69.48,-31.69,143.6,3.9,md,guc
2007-03-31,00:23:01,-71.85,-31.7,32.5,3.6,ml,guc
2007-03-31,00:30:38,-70.28,-33.56,113.1,3.5,md,guc
2007-03-31,00:48:08,-71.91,-31.67,33.0,3.1,ml,guc
2007-03-31,07:52:56,-71.96,-31.69,33.1,3.1,ml,guc
2007-03-31,08:02:34,-71.89,-31.64,30.2,2.9,ml,guc
2007-03-31,09:25:25,-72.08,-31.57,30.5,4.5,ml,guc
2007-03-31,10:55:28,-71.86,-31.66,37.7,3.7,md,guc
2007-03-31,11:01:30,-71.99,-31.58,9.0,3.3,ml,guc
2007-03-31,12:25:18,-71.79,-31.58,33.7,3.4,ml,guc
2007-03-31,12:49:04,-123.27,-56.08,10.0,6.2,mwb,us
2007-03-31,13:07:24,-71.34,-35.49,92.0,2.7,md,guc
2007-03-31,13:26:07,-71.61,-31.97,30.3,3.2,ml,guc
2007-03-31,23:50:30,-68.75,-31.14,150.0,3.8,md,guc
2007-03-31,23:54:29,-71.79,-32.1,15.0,2.7,ml,guc
2007-04-01,01:32:05,-66.12,-22.99,230.4,4.3,mb,us
2007-04-01,01:38:11,-71.88,-31.64,30.6,2.7,ml,guc
2007-04-01,08:17:56,-95.16,-37.16,10.0,4.4,mb,us
2007-04-01,13:40:32,-71.55,-31.99,59.4,3.6,md,guc
2007-04-01,16:50:37,-71.84,-31.61,27.2,3.9,ml,guc
2007-04-01,21:02:19,-71.92,-31.64,26.2,3.9,ml,guc
2007-04-01,22:52:44,-71.56,-30.19,15.0,2.9,ml,guc
2007-04-02,01:38:42,-70.13,-34.05,3.1,2.5,ml,guc
2007-04-02,01:58:50,-70.2,-32.14,114.9,3.3,md,guc
2007-04-02,02:49:36,-73.06,-45.38,4.9,6.1,mwc,gcmt
2007-04-02,05:15:39,-74.57,-12.31,10.0,3.8,ml,lim
2007-04-02,09:04:52,-72.72,-45.42,58.8,4.7,mb,us
2007-04-02,17:22:24,-69.34,-31.88,120.8,3.5,md,guc
2007-04-02,19:05:11,-70.4,-31.74,128.8,3.0,md,guc
2007-04-02,20:19:56,-71.81,-31.57,8.6,3.0,ml,guc
2007-04-02,20:54:18,-71.1,-32.66,5.4,3.3,md,guc
2007-04-03,02:46:43,-72.14,-31.71,9.2,3.5,ml,guc
2007-04-03,10:16:11,-71.2,-28.84,43.1,3.7,md,guc
2007-04-03,11:28:59,-69.63,-32.24,123.1,3.1,md,guc
2007-04-03,13:04:39,-71.29,-33.4,52.5,3.7,md,guc
2007-04-03,14:07:23,-72.09,-34.48,30.9,2.5,ml,guc
2007-04-03,21:15:47,-71.89,-32.75,30.4,2.6,ml,guc
2007-04-03,22:34:59,-70.82,-33.45,76.6,2.8,md,guc
2007-04-04,02:11:50,-70.98,-27.82,15.8,4.2,ml,guc
2007-04-04,03:16:22,-72.46,-35.85,55.0,3.3,md,guc
2007-04-04,06:56:42,-71.23,-28.56,46.1,3.1,m,guc
2007-04-04,07:39:59,-68.11,-21.63,122.3,4.5,mb,us
2007-04-04,08:50:10,-71.66,-32.66,30.5,3.3,ml,guc
2007-04-04,10:47:26,-70.1,-34.21,4.3,3.3,md,guc
2007-04-04,12:24:47,-71.78,-32.72,26.0,2.9,ml,guc
2007-04-04,16:20:05,-71.21,-34.96,88.0,2.8,md,guc
2007-04-04,17:48:16,-71.68,-34.99,60.6,4.0,md,guc
2007-04-05,00:15:55,-68.46,-21.27,105.4,0.0,,us
2007-04-05,00:21:49,-68.34,-32.16,166.7,4.0,md,guc
2007-04-05,01:50:47,-56.5,-62.06,10.0,4.7,mb,us
2007-04-05,07:07:41,-72.09,-31.65,23.9,4.3,ml,guc
2007-04-05,07:13:04,-69.83,-28.92,83.8,3.5,md,guc
2007-04-05,09:52:32,-71.01,-35.33,105.7,3.0,md,guc
2007-04-05,10:03:46,-70.46,-32.63,101.2,3.1,md,guc
2007-04-05,15:55:47,-71.04,-27.82,44.8,4.0,md,guc
2007-04-05,18:17:32,-70.67,-13.43,44.6,4.6,mb,us
2007-04-06,02:52:37,-70.35,-33.07,119.8,2.6,m,guc
2007-04-06,05:54:20,-123.64,-55.37,10.0,5.9,mwc,gcmt
2007-04-06,08:13:35,-123.78,-55.39,10.0,4.9,mb,us
2007-04-06,10:00:46,-68.42,-21.54,102.3,0.0,,us
2007-04-06,11:11:49,-68.48,-23.16,101.2,4.6,mb,us
2007-04-06,11:34:21,-71.98,-31.71,29.6,3.2,ml,guc
2007-04-06,14:08:58,-71.26,-16.81,40.9,5.2,mwc,gcmt
2007-04-06,14:46:59,-71.17,-16.78,39.7,4.5,mb,us
2007-04-06,16:04:41,-71.95,-31.67,9.4,4.0,mb,us
2007-04-06,16:50:59,-70.67,-33.78,88.7,2.5,md,guc
2007-04-06,22:00:05,-72.58,-31.61,10.0,3.3,mb,us
2007-04-06,22:40:38,-69.74,-17.31,131.8,4.1,mb,us
2007-04-06,23:00:09,-71.56,-30.76,28.5,3.3,ml,guc
2007-04-07,03:48:33,-70.42,-32.81,106.8,2.7,md,guc
2007-04-07,06:57:55,-75.43,-8.96,124.7,4.6,mb,us
2007-04-07,13:24:13,-69.67,-16.34,198.7,4.4,mb,us
2007-04-07,17:56:31,-72.09,-31.7,38.0,0.0,,us
2007-04-07,18:15:10,-66.78,-24.0,184.9,4.2,mb,us
2007-04-07,18:20:05,-72.0,-31.7,27.2,4.7,mb,us
2007-04-07,23:46:08,-89.75,-41.75,10.0,5.1,mwc,gcmt
2007-04-07,23:46:16,-89.9,-40.52,10.0,5.1,mwc,gcmt
2007-04-08,00:22:36,-69.83,-31.47,156.5,3.1,md,guc
2007-04-08,02:01:08,-70.58,-30.64,3.2,3.0,ml,guc
2007-04-08,03:11:23,-71.46,-32.66,27.1,2.6,ml,guc
2007-04-08,03:27:22,-71.76,-32.66,22.8,3.0,ml,guc
2007-04-08,04:13:12,-72.06,-31.72,32.3,2.9,ml,guc
2007-04-08,11:51:16,-72.62,-17.49,45.6,5.1,mwc,gcmt
2007-04-08,12:24:31,-70.16,-15.54,213.2,4.4,mb,us
2007-04-08,12:55:12,-72.36,-17.71,83.7,4.2,mb,us
2007-04-08,13:25:29,-72.71,-17.56,32.5,4.8,mb,us
2007-04-08,13:28:17,-72.74,-17.42,29.8,5.1,mwc,gcmt
2007-04-08,17:24:35,-72.3,-17.49,63.9,4.2,mb,us
2007-04-08,17:24:53,-72.67,-17.39,67.9,4.2,mb,us
2007-04-08,22:58:51,-68.54,-21.66,103.5,4.3,mb,us
2007-04-09,02:27:11,-71.75,-16.91,10.0,4.3,mb,us
2007-04-09,04:26:40,-71.55,-31.73,37.9,3.0,md,guc
2007-04-09,06:16:06,-70.05,-34.48,5.0,3.2,md,guc
2007-04-09,13:56:31,-71.96,-30.82,46.8,0.0,,us
2007-04-09,14:16:19,-67.03,-24.48,157.7,4.9,mb,us
2007-04-09,16:52:50,-72.7,-17.45,48.5,0.0,,us
2007-04-09,16:57:55,-71.98,-30.84,36.8,4.5,md,guc
2007-04-09,19:01:24,-72.05,-30.88,22.8,4.7,mb,us
2007-04-10,05:44:41,-71.77,-32.15,9.3,2.7,ml,guc
2007-04-10,05:58:38,-71.76,-32.18,8.7,3.3,ml,guc
2007-04-10,07:28:04,-71.11,-29.8,93.4,3.0,m,guc
2007-04-10,08:34:58,-71.79,-32.12,22.4,3.6,md,guc
2007-04-10,11:24:56,-71.8,-32.13,22.3,3.6,md,guc
2007-04-10,11:59:04,-69.12,-31.18,145.0,3.1,md,guc
2007-04-10,12:08:30,-71.98,-32.66,41.6,3.5,md,guc
2007-04-10,12:23:44,-69.09,-19.73,108.3,0.0,,us
2007-04-10,17:05:28,-73.32,-15.87,81.5,4.6,mb,us
2007-04-10,17:28:12,-71.5,-34.0,44.4,3.0,md,guc
2007-04-10,17:33:12,-71.98,-31.68,33.1,3.3,ml,guc
2007-04-10,17:57:32,-68.65,-23.14,100.6,4.4,mb,us
2007-04-10,19:07:07,-72.03,-31.61,4.1,3.1,ml,guc
2007-04-10,21:45:02,-70.25,-32.47,111.4,3.3,md,guc
2007-04-11,00:24:00,-72.04,-31.63,31.6,3.1,ml,guc
2007-04-11,03:28:28,-70.93,-35.85,130.0,3.1,md,guc
2007-04-11,05:33:35,-71.8,-31.61,69.0,3.3,md,guc
2007-04-11,05:50:46,-72.69,-45.24,54.9,4.6,mb,us
2007-04-11,06:28:17,-71.2,-29.29,57.1,2.8,m,guc
2007-04-11,09:34:48,-68.16,-32.04,5.0,4.1,ml,guc
2007-04-11,10:34:57,-70.63,-29.56,84.2,3.1,m,guc
2007-04-11,22:57:15,-68.22,-21.6,114.8,0.0,,us
2007-04-12,02:59:07,-69.37,-18.66,106.3,5.2,mwc,gcmt
2007-04-12,04:25:20,-72.09,-34.47,32.2,3.2,ml,guc
2007-04-12,10:19:34,-71.74,-34.69,39.7,3.0,md,guc
2007-04-12,10:52:47,-71.52,-30.21,30.5,2.8,ml,guc
2007-04-12,15:35:15,-71.89,-33.01,27.6,4.1,ml,guc
2007-04-12,20:34:55,-75.84,-13.7,61.1,3.8,mb,us
2007-04-12,22:58:12,-67.52,-28.11,150.0,4.4,mb,us
2007-04-13,02:16:45,-70.6,-34.62,113.7,2.8,md,guc
2007-04-13,02:29:21,-70.55,-35.02,17.5,2.5,ml,guc
2007-04-13,03:42:14,-69.76,-31.64,145.3,3.2,m,guc
2007-04-13,04:33:25,-70.97,-32.89,73.4,3.2,md,guc
2007-04-13,09:18:40,-70.65,-34.16,100.7,2.9,md,guc
2007-04-13,12:09:59,-68.7,-20.69,115.1,3.9,mb,us
2007-04-13,18:24:19,-108.84,-35.05,10.0,6.1,mwb,us
2007-04-14,00:52:08,-109.37,-34.83,10.0,4.4,mb,us
2007-04-14,02:31:41,-71.35,-30.95,55.9,4.0,md,guc
2007-04-14,02:36:46,-71.26,-30.97,51.7,3.1,m,guc
2007-04-14,03:50:53,-71.23,-30.7,45.3,4.1,md,guc
2007-04-14,05:48:39,-73.56,-15.68,82.8,4.1,mb,us
2007-04-14,10:00:52,-97.9,-36.4,10.0,5.4,mwc,gcmt
2007-04-14,10:04:24,-70.65,-33.7,24.6,2.7,md,guc
2007-04-14,11:27:29,-70.02,-31.71,138.5,3.0,m,guc
2007-04-14,11:32:42,-109.11,-34.77,10.0,0.0,,us
2007-04-14,19:07:23,-64.7,-23.7,33.6,4.5,mb,us
2007-04-14,19:42:46,-72.08,-30.62,22.8,2.9,ml,guc
2007-04-14,21:22:20,-71.12,-32.16,75.0,2.9,md,guc
2007-04-15,02:08:39,-68.3,-21.56,132.4,4.5,mb,us
2007-04-15,05:28:42,-69.43,-31.92,164.7,3.2,md,guc
2007-04-15,09:52:47,-74.51,-7.8,148.0,4.2,mb,us
2007-04-15,13:52:36,-69.49,-30.83,145.6,4.0,md,guc
2007-04-15,15:19:23,-71.78,-26.66,50.0,3.4,m,guc
2007-04-15,17:05:28,-97.75,-36.75,10.0,5.1,mwc,gcmt
2007-04-15,22:22:31,-71.29,-33.53,57.1,3.1,md,guc
2007-04-16,08:21:52,-72.03,-31.68,35.5,4.1,md,guc
2007-04-16,08:33:02,-72.11,-31.72,22.6,3.8,ml,guc
2007-04-16,09:31:52,-72.14,-31.79,21.3,3.8,ml,guc
2007-04-16,09:53:53,-69.02,-23.64,70.0,4.4,mb,us
2007-04-16,10:10:38,-72.12,-31.7,20.1,3.7,ml,guc
2007-04-16,10:36:45,-71.98,-31.72,31.4,2.8,ml,guc
2007-04-16,12:12:25,-70.53,-27.28,29.0,3.4,ml,guc
2007-04-16,16:40:34,-72.15,-31.64,30.7,0.0,,us
2007-04-16,16:53:02,-72.17,-31.66,17.5,3.7,ml,guc
2007-04-17,01:11:18,-66.63,-23.26,202.9,3.9,mb,us
2007-04-17,02:15:04,-72.04,-31.64,26.1,3.1,ml,guc
2007-04-17,10:38:45,-65.85,-22.6,256.0,4.5,mb,us
2007-04-18,01:08:08,-66.63,-24.08,172.2,5.6,mwc,gcmt
2007-04-18,03:40:43,-71.72,-30.88,6.9,2.8,ml,guc
2007-04-18,05:31:46,-72.03,-30.37,21.5,3.1,ml,guc
2007-04-18,05:42:52,-69.97,-24.42,97.2,3.7,md,guc
2007-04-19,01:15:24,-70.69,-25.84,40.3,3.8,md,guc
2007-04-19,05:57:52,-70.86,-33.81,75.4,2.6,md,guc
2007-04-19,09:13:49,-71.29,-29.7,47.1,3.2,md,guc
2007-04-19,11:01:32,-71.16,-29.88,63.1,3.8,md,guc
2007-04-19,11:38:38,-69.89,-26.13,29.2,3.5,ml,guc
2007-04-19,14:36:30,-72.55,-45.21,59.7,4.7,mb,us
2007-04-19,16:32:07,-67.65,-28.34,133.0,4.9,mwc,gcmt
2007-04-19,18:53:49,-101.23,-36.09,10.0,4.7,mb,us
2007-04-20,03:05:01,-71.9,-33.54,15.2,3.2,ml,guc
2007-04-20,03:54:06,-72.02,-31.63,29.8,3.1,ml,guc
2007-04-20,07:37:24,-70.81,-24.79,41.4,4.2,m,guc
2007-04-20,12:01:50,-70.6,-25.47,57.9,3.9,md,guc
2007-04-20,13:19:20,-70.65,-33.09,87.4,2.9,md,guc
2007-04-20,19:03:33,-71.42,-31.43,69.5,3.3,md,guc
2007-04-21,04:08:21,-72.07,-31.71,30.3,3.6,ml,guc
2007-04-21,06:51:27,-70.22,-34.3,6.3,3.0,md,guc
2007-04-21,07:14:18,-72.77,-17.48,30.6,4.9,mb,us
2007-04-21,07:14:56,-71.41,-29.49,67.5,4.0,md,guc
2007-04-21,11:25:18,-69.95,-32.24,18.6,3.5,md,guc
2007-04-21,16:39:35,-69.86,-32.34,120.0,0.0,,us
2007-04-21,17:53:46,-72.65,-45.24,36.7,6.2,mwb,us
2007-04-22,04:59:27,-70.89,-32.75,76.3,2.6,md,guc
2007-04-22,06:05:29,-71.86,-31.53,29.9,5.1,mwc,gcmt
2007-04-22,08:28:08,-71.56,-29.49,37.0,2.9,m,guc
2007-04-22,08:34:30,-71.65,-33.37,15.2,3.5,md,guc
2007-04-22,08:56:47,-68.5,-21.3,107.3,4.5,mb,us
2007-04-22,10:22:02,-71.45,-32.39,25.6,5.3,mb,us
2007-04-22,13:49:19,-71.41,-32.42,18.3,2.6,ml,guc
2007-04-22,13:54:43,-70.18,-33.48,104.6,4.1,mb,us
2007-04-22,17:11:30,-70.18,-33.44,109.0,2.7,md,guc
2007-04-22,23:09:35,-71.77,-31.6,33.8,3.1,ml,guc
2007-04-23,06:30:25,-72.07,-31.66,31.2,3.8,ml,guc
2007-04-23,07:55:25,-66.83,-27.86,163.4,4.2,mb,us
2007-04-23,09:48:04,-70.05,-34.13,5.2,3.3,md,guc
2007-04-23,13:23:11,-72.23,-35.94,96.4,2.8,m,guc
2007-04-23,14:41:58,-68.7,-19.95,135.4,3.6,mb,us
2007-04-23,14:50:39,-67.5,-20.94,173.0,4.1,mb,us
2007-04-23,16:49:05,-69.61,-31.54,152.2,3.2,md,guc
2007-04-23,17:15:13,-71.81,-32.23,1.6,3.0,ml,guc
2007-04-24,04:56:25,-75.33,-10.44,35.0,0.0,,us
2007-04-24,06:05:12,-71.16,-28.02,38.6,3.1,m,guc
2007-04-24,10:47:39,-72.11,-31.73,24.5,2.9,ml,guc
2007-04-24,10:52:14,-72.1,-31.63,31.2,3.1,ml,guc
2007-04-24,15:27:34,-73.76,-16.04,48.4,0.0,,us
2007-04-24,17:25:20,-71.62,-30.43,30.7,3.1,ml,guc
2007-04-24,21:44:40,-73.99,-16.36,45.0,4.2,mb,us
2007-04-24,22:02:11,-67.45,-18.7,217.5,4.0,mb,us
2007-04-25,01:29:20,-71.22,-29.27,43.4,3.2,md,guc
2007-04-25,05:36:22,-69.12,-20.54,80.4,3.8,mb,us
2007-04-25,15:57:24,-69.86,-31.66,149.2,3.1,md,guc
2007-04-25,17:40:57,-68.27,-31.48,13.1,3.6,ml,guc
2007-04-25,18:00:43,-70.27,-32.97,107.9,2.6,md,guc
2007-04-26,02:38:35,-69.45,-31.42,137.5,3.7,md,guc
2007-04-26,05:26:54,-66.4,-24.1,77.2,4.4,mb,us
2007-04-26,05:30:47,-70.22,-34.97,145.8,2.8,md,guc
2007-04-26,06:05:34,-69.58,-27.98,80.0,4.0,m,guc
2007-04-26,08:11:11,-70.92,-32.38,75.6,2.7,md,guc
2007-04-26,09:33:30,-72.21,-31.66,24.3,0.0,,us
2007-04-26,09:34:17,-71.67,-31.5,45.2,4.8,mb,us
2007-04-26,12:13:29,-70.78,-28.16,45.4,5.2,mwc,gcmt
2007-04-26,16:45:44,-71.87,-31.67,5.0,4.4,mb,us
2007-04-26,21:15:24,-70.46,-31.7,9.2,2.5,ml,guc
2007-04-27,00:23:57,-71.58,-32.61,62.7,2.9,md,guc
2007-04-27,00:35:34,-72.21,-31.76,25.0,4.3,mb,us
2007-04-27,02:56:22,-72.26,-31.6,33.4,3.8,ml,guc
2007-04-27,05:40:56,-69.8,-31.26,145.0,3.3,md,guc
2007-04-27,05:47:21,-70.61,-31.69,3.0,3.3,ml,guc
2007-04-27,09:57:21,-111.26,-23.68,10.0,4.1,mb,us
2007-04-27,15:33:54,-59.73,-61.83,10.0,5.0,mb,us
2007-04-28,02:43:24,-67.03,-24.02,168.6,3.8,mb,us
2007-04-28,10:26:09,-70.48,-33.2,96.0,2.7,m,guc
2007-04-28,16:07:07,-71.43,-30.19,55.3,3.2,md,guc
2007-04-28,19:11:07,-70.39,-31.66,129.4,3.0,md,guc
2007-04-29,07:26:37,-73.71,-38.37,87.9,3.3,m,guc
2007-04-29,15:54:07,-69.66,-31.49,162.4,3.6,md,guc
2007-04-29,17:52:57,-71.7,-31.5,23.9,3.7,ml,guc
2007-04-29,19:48:58,-69.38,-30.29,133.3,3.4,md,guc
2007-04-30,02:58:38,-70.86,-31.92,104.4,2.7,md,guc
2007-04-30,09:12:45,-71.61,-32.68,5.0,3.2,md,guc
2007-04-30,10:18:05,-71.44,-32.34,33.5,3.3,md,guc
2007-04-30,15:53:17,-71.5,-32.39,22.2,2.8,ml,guc
2007-04-30,16:46:00,-71.17,-36.51,147.1,2.9,md,guc
2007-04-30,17:51:06,-69.04,-31.55,155.9,2.9,md,guc
2007-04-30,19:55:19,-70.11,-28.67,87.5,4.7,m,guc
2007-05-01,00:58:14,-69.06,-32.9,11.3,3.5,ml,guc
2007-05-01,02:15:11,-71.72,-31.2,28.6,3.8,ml,guc
2007-05-01,03:07:00,-71.96,-34.51,36.2,3.5,md,guc
2007-05-01,03:49:32,-71.46,-31.95,25.7,2.6,ml,guc
2007-05-01,03:52:21,-68.41,-21.33,120.5,5.5,mwc,gcmt
2007-05-01,06:55:56,-67.88,-21.3,140.6,4.6,mb,us
2007-05-01,08:18:57,-67.03,-24.14,225.0,4.2,m,guc
2007-05-01,11:12:08,-67.59,-28.44,100.0,4.0,m,guc
2007-05-01,11:40:48,-70.48,-28.81,91.3,3.5,m,guc
2007-05-01,18:20:52,-71.38,-29.01,18.2,3.7,ml,guc
2007-05-01,20:26:23,-70.22,-17.79,103.2,3.8,mb,us
2007-05-01,21:18:16,-69.63,-31.69,134.2,3.0,md,guc
2007-05-01,23:33:20,-71.52,-32.39,16.4,3.5,ml,guc
2007-05-01,23:38:54,-71.52,-32.36,15.0,2.6,ml,guc
2007-05-02,04:31:51,-72.03,-30.94,25.8,3.1,ml,guc
2007-05-02,07:55:54,-71.81,-35.94,105.4,3.7,md,guc
2007-05-02,11:45:28,-68.86,-19.9,121.8,0.0,,us
2007-05-02,12:25:33,-71.51,-30.21,35.7,3.0,m,guc
2007-05-02,15:36:18,-72.62,-14.08,89.7,4.7,mb,us
2007-05-03,02:17:47,-68.4,-21.45,126.1,3.5,mb,us
2007-05-03,02:19:15,-71.14,-30.62,44.0,4.1,md,guc
2007-05-03,03:02:26,-71.9,-36.16,137.3,3.8,m,guc
2007-05-03,06:07:12,-65.82,-22.37,264.1,4.4,mb,us
2007-05-03,07:47:01,-71.73,-34.81,41.5,3.3,md,guc
2007-05-03,09:12:44,-69.64,-28.91,120.9,4.1,m,guc
2007-05-03,11:29:59,-69.21,-32.85,4.1,2.6,ml,guc
2007-05-03,19:23:24,-70.25,-33.02,95.9,2.6,md,guc
2007-05-03,20:33:08,-69.61,-31.43,2.2,3.7,ml,guc
2007-05-03,23:04:01,-71.61,-35.13,61.1,3.5,md,guc
2007-05-03,23:27:31,-70.43,-33.23,100.6,3.0,md,guc
2007-05-04,00:27:33,-78.04,-11.92,35.0,4.3,mb,us
2007-05-04,06:45:32,-70.64,-33.2,98.7,3.0,m,guc
2007-05-04,08:59:16,-66.69,-23.89,189.5,4.4,mb,us
2007-05-04,13:06:57,-69.64,-31.47,149.3,3.5,md,guc
2007-05-04,16:32:52,-69.53,-31.43,145.0,3.2,md,guc
2007-05-04,21:35:02,-70.38,-31.71,9.8,2.6,ml,guc
2007-05-05,04:59:28,-72.52,-37.38,75.0,4.6,mb,us
2007-05-05,06:47:35,-71.38,-29.77,50.0,4.0,md,guc
2007-05-05,08:43:12,-75.46,-10.01,35.7,4.6,mb,us
2007-05-05,11:12:03,-72.13,-29.82,28.8,4.4,ml,guc
2007-05-05,16:09:37,-71.45,-31.7,65.3,3.4,md,guc
2007-05-06,05:08:44,-72.05,-31.7,8.5,3.4,ml,guc
2007-05-06,05:11:29,-70.29,-28.31,86.7,3.9,md,guc
2007-05-06,06:04:38,-72.16,-34.08,37.9,2.5,ml,guc
2007-05-06,07:23:51,-71.89,-31.66,31.3,2.7,ml,guc
2007-05-06,10:04:34,-71.49,-35.25,94.8,2.7,md,guc
2007-05-06,15:34:50,-71.0,-32.73,58.7,3.7,md,guc
2007-05-06,17:39:50,-71.39,-35.12,76.0,2.8,md,guc
2007-05-06,19:12:01,-72.06,-31.65,30.3,2.9,ml,guc
2007-05-06,19:28:00,-69.98,-20.47,53.7,0.0,,us
2007-05-06,22:37:38,-71.65,-15.95,126.5,0.0,,us
2007-05-06,22:57:55,-71.9,-40.49,35.0,4.3,mb,us
2007-05-07,00:06:12,-71.67,-30.74,25.5,3.3,ml,guc
2007-05-07,04:16:22,-71.29,-30.56,45.0,3.7,md,guc
2007-05-07,04:50:05,-74.2,-40.37,10.0,4.7,mb,us
2007-05-07,05:22:18,-72.13,-33.0,8.6,2.7,ml,guc
2007-05-07,06:39:12,-70.82,-32.92,69.3,2.5,md,guc
2007-05-07,09:58:22,-70.77,-34.3,85.0,2.5,md,guc
2007-05-07,11:15:16,-80.45,-44.85,10.0,6.1,mwb,us
2007-05-07,14:16:10,-68.27,-21.56,106.9,0.0,,us
2007-05-07,15:36:13,-71.97,-31.73,46.1,3.7,md,guc
2007-05-07,18:44:21,-68.27,-21.69,111.7,3.7,mb,us
2007-05-07,21:00:13,-72.54,-34.15,44.9,4.0,md,guc
2007-05-07,22:26:27,-72.34,-34.52,26.0,2.7,ml,guc
2007-05-07,23:02:06,-69.32,-31.45,65.0,3.5,md,guc
2007-05-08,01:55:21,-67.09,-28.26,61.1,0.0,,us
2007-05-08,06:28:40,-71.94,-31.7,34.2,3.5,ml,guc
2007-05-08,07:35:51,-71.24,-32.15,69.1,2.7,m,guc
2007-05-08,08:43:00,-69.59,-17.26,151.9,3.9,mb,us
2007-05-08,09:44:24,-71.32,-31.94,47.0,3.6,md,guc
2007-05-08,10:04:46,-71.79,-32.14,22.8,3.7,ml,guc
2007-05-08,10:08:21,-71.96,-31.7,34.4,3.9,ml,guc
2007-05-08,11:41:24,-70.37,-33.36,93.6,2.8,md,guc
2007-05-08,16:39:15,-69.94,-32.88,104.2,4.7,mb,us
2007-05-08,17:09:44,-69.21,-32.08,115.2,3.8,md,guc
2007-05-08,22:17:34,-71.94,-31.78,30.9,4.4,ml,guc
2007-05-08,22:29:11,-71.48,-8.66,487.7,4.0,mb,us
2007-05-08,22:31:28,-71.97,-31.7,29.6,4.8,mb,us
2007-05-08,23:44:33,-71.95,-31.7,31.6,3.2,ml,guc
2007-05-09,00:57:57,-72.07,-31.76,32.8,3.6,ml,guc
2007-05-09,05:35:49,-69.44,-30.28,1.4,4.1,ml,guc
2007-05-09,13:26:47,-71.25,-35.07,93.2,3.0,md,guc
2007-05-09,14:05:36,-70.47,-35.08,19.4,2.5,ml,guc
2007-05-09,20:25:54,-66.6,-21.31,221.0,4.6,mb,us
2007-05-09,21:08:18,-71.15,-31.44,85.0,3.4,md,guc
2007-05-09,21:44:52,-71.38,-32.4,15.1,2.7,ml,guc
2007-05-10,02:10:09,-71.55,-32.63,15.0,2.6,ml,guc
2007-05-10,04:18:02,-69.11,-18.58,132.5,4.3,mb,us
2007-05-10,05:31:31,-71.37,-32.62,59.0,4.7,mb,us
2007-05-10,15:13:53,-72.08,-34.33,35.6,2.7,ml,guc
2007-05-10,16:57:37,-70.08,-32.67,105.2,4.7,mb,us
2007-05-10,17:23:37,-68.65,-31.24,144.1,3.8,md,guc
2007-05-10,20:23:27,-90.7,-11.69,10.0,4.3,mb,us
2007-05-11,00:04:53,-68.78,-31.52,144.4,3.7,md,guc
2007-05-11,04:23:36,-71.26,-34.13,64.3,2.9,md,guc
2007-05-11,05:56:01,-72.09,-34.46,32.6,3.0,ml,guc
2007-05-11,07:21:44,-74.35,-11.12,105.5,0.0,,us
2007-05-11,14:26:41,-71.1,-29.48,48.9,4.2,md,guc
2007-05-11,17:28:29,-70.95,-33.57,71.5,2.9,md,guc
2007-05-12,00:37:50,-71.76,-32.62,10.4,3.0,ml,guc
2007-05-12,01:14:06,-71.09,-31.9,86.1,2.9,md,guc
2007-05-12,01:50:31,-70.07,-33.42,5.2,3.0,ml,guc
2007-05-12,03:10:16,-70.38,-31.9,132.1,2.7,m,guc
2007-05-12,04:58:43,-80.36,-5.42,34.1,4.0,mb,us
2007-05-12,08:18:17,-71.58,-31.57,38.0,3.7,md,guc
2007-05-12,08:57:53,-70.36,-32.17,119.4,2.9,md,guc
2007-05-12,10:16:30,-68.73,-22.67,99.7,4.9,m,guc
2007-05-12,10:16:56,-116.75,-49.75,10.0,5.2,mwc,gcmt
2007-05-12,21:44:48,-71.65,-31.47,22.5,3.2,ml,guc
2007-05-12,23:02:53,-71.66,-31.44,32.6,2.7,ml,guc
2007-05-13,01:33:37,-71.36,-15.5,141.5,4.2,mb,us
2007-05-13,03:23:53,-89.07,-41.4,10.0,5.0,mwc,gcmt
2007-05-13,04:02:59,-69.93,-31.28,157.6,3.8,md,guc
2007-05-13,04:38:52,-71.32,-35.44,96.3,4.1,mb,us
2007-05-13,05:01:10,-67.23,-29.1,108.9,0.0,,us
2007-05-13,07:20:19,-71.71,-31.63,28.6,2.8,ml,guc
2007-05-13,07:51:49,-68.91,-27.89,101.8,4.2,m,guc
2007-05-13,12:58:44,-71.14,-35.02,102.7,3.2,md,guc
2007-05-13,15:27:42,-70.0,-33.16,12.1,3.1,ml,guc
2007-05-13,18:38:53,-71.8,-33.82,52.8,3.0,md,guc
2007-05-13,23:11:44,-71.73,-30.97,20.2,2.6,ml,guc
2007-05-14,03:02:14,-68.89,-31.25,152.2,3.8,md,guc
2007-05-14,04:04:00,-69.44,-28.33,130.0,4.4,mb,us
2007-05-14,05:50:06,-71.67,-32.66,5.4,2.9,ml,guc
2007-05-14,06:59:51,-71.71,-31.54,30.1,2.7,ml,guc
2007-05-14,09:39:31,-68.66,-31.19,150.0,3.6,md,guc
2007-05-14,09:48:59,-67.62,-28.37,122.9,4.0,m,guc
2007-05-14,11:52:37,-71.46,-30.62,22.0,3.1,ml,guc
2007-05-14,21:55:00,-70.28,-33.06,100.3,2.7,md,guc
2007-05-15,04:45:59,-69.65,-31.61,142.0,3.3,md,guc
2007-05-15,05:14:50,-69.46,-31.34,145.4,3.6,md,guc
2007-05-15,06:12:47,-71.75,-32.74,29.7,3.1,md,guc
2007-05-15,20:25:51,-71.63,-29.98,42.7,2.5,m,guc
2007-05-15,22:12:49,-68.17,-21.81,120.3,3.9,mb,us
2007-05-15,23:31:01,-69.14,-31.24,134.6,3.7,md,guc
2007-05-16,16:48:10,-80.72,-45.02,8.5,5.4,mwc,gcmt
2007-05-16,18:52:37,-68.69,-31.02,150.0,3.4,md,guc
2007-05-16,20:08:36,-78.83,-8.28,10.0,4.1,ml,lim
2007-05-17,01:13:05,-71.42,-32.41,15.0,2.7,ml,guc
2007-05-17,03:35:21,-69.95,-31.72,125.6,3.0,m,guc
2007-05-17,04:20:08,-72.37,-17.21,41.1,4.6,mb,us
2007-05-17,04:52:17,-70.32,-32.85,101.2,2.5,md,guc
2007-05-17,05:47:11,-71.28,-31.88,47.0,3.4,md,guc
2007-05-17,05:56:15,-71.55,-31.71,58.2,3.4,md,guc
2007-05-17,07:20:37,-64.76,-27.95,29.6,4.3,md,sja
2007-05-17,07:36:10,-70.45,-33.88,12.4,2.6,md,guc
2007-05-17,12:10:51,-71.9,-35.3,61.9,3.9,md,guc
2007-05-17,16:26:35,-66.88,-24.13,176.8,4.0,mb,us
2007-05-17,16:37:30,-70.75,-33.33,77.5,2.5,md,guc
2007-05-17,19:24:18,-70.39,-31.8,127.4,2.8,md,guc
2007-05-17,22:31:28,-70.82,-33.82,82.4,3.2,md,guc
2007-05-17,23:18:49,-71.76,-15.46,122.8,4.1,mb,us
2007-05-18,00:09:59,-71.73,-31.35,32.6,3.5,ml,guc
2007-05-18,03:52:09,-69.62,-28.84,125.9,4.1,md,guc
2007-05-18,06:10:23,-114.36,-22.3,10.0,0.0,,us
2007-05-18,07:19:55,-71.36,-34.22,66.1,3.4,m,guc
2007-05-18,09:50:54,-69.73,-33.47,1.1,3.4,md,guc
2007-05-18,14:56:05,-72.84,-33.68,26.6,2.6,ml,guc
2007-05-18,19:31:47,-67.14,-24.45,164.8,4.7,mb,us
2007-05-18,19:59:02,-71.38,-31.55,46.5,4.1,md,guc
2007-05-18,21:16:16,-70.82,-28.63,61.7,4.0,m,guc
2007-05-18,22:31:05,-69.01,-24.89,100.0,4.7,mb,us
2007-05-19,02:51:20,-63.68,-22.75,532.1,3.6,mb,us
2007-05-19,04:39:35,-71.67,-30.93,36.9,4.3,mb,us
2007-05-19,05:02:13,-71.69,-30.95,15.6,3.2,ml,guc
2007-05-19,09:06:48,-68.99,-33.8,150.0,3.1,md,guc
2007-05-19,14:22:21,-116.39,-71.64,10.0,4.5,mb,us
2007-05-19,16:26:06,-68.7,-28.76,111.9,5.0,mwc,gcmt
2007-05-19,18:42:21,-71.94,-33.54,40.4,3.4,md,guc
2007-05-19,19:19:36,-70.32,-34.44,119.9,2.8,md,guc
2007-05-20,00:47:52,-71.9,-32.48,31.7,3.0,ml,guc
2007-05-20,02:35:08,-71.31,-31.03,47.8,3.9,md,guc
2007-05-20,02:50:25,-68.54,-21.24,117.9,4.5,mb,us
2007-05-20,03:38:07,-71.66,-30.92,33.9,3.8,ml,guc
2007-05-20,05:16:18,-71.48,-28.81,33.5,3.2,ml,guc
2007-05-20,08:24:36,-72.12,-34.04,46.4,3.3,md,guc
2007-05-20,10:06:45,-71.23,-32.81,53.6,3.7,md,guc
2007-05-20,12:15:45,-71.12,-29.59,46.2,5.4,mwb,us
2007-05-20,12:44:29,-71.18,-29.54,50.6,2.9,m,guc
2007-05-20,13:06:15,-71.15,-29.56,58.1,3.3,md,guc
2007-05-20,14:30:06,-71.22,-29.59,55.8,3.3,md,guc
2007-05-20,19:13:07,-71.14,-29.56,43.7,2.8,m,guc
2007-05-20,19:41:35,-71.09,-29.58,51.7,4.5,m,guc
2007-05-20,19:59:36,-71.22,-29.6,56.5,3.2,m,guc
2007-05-20,23:36:48,-71.13,-29.55,46.8,3.1,m,guc
2007-05-21,00:20:28,-71.14,-29.62,50.9,4.1,md,guc
2007-05-21,02:54:57,-71.28,-31.98,32.7,2.6,ml,guc
2007-05-21,05:21:57,-69.26,-19.5,102.3,4.9,mb,us
2007-05-21,08:27:14,-69.01,-31.48,150.0,3.5,md,guc
2007-05-21,09:24:14,-70.33,-34.08,4.1,2.8,md,guc
2007-05-21,10:58:42,-70.53,-35.1,11.8,2.6,ml,guc
2007-05-21,14:06:45,-71.55,-31.63,36.5,3.8,md,guc
2007-05-21,14:14:52,-71.25,-29.69,50.2,3.7,md,guc
2007-05-21,16:11:05,-68.94,-18.55,134.9,0.0,,us
2007-05-21,16:30:46,-71.21,-29.56,50.7,3.6,m,guc
2007-05-21,18:11:50,-68.57,-24.47,86.7,0.0,,us
2007-05-21,18:17:24,-71.21,-29.58,51.4,4.2,m,guc
2007-05-21,18:35:01,-72.03,-31.71,14.0,3.1,ml,guc
2007-05-21,19:19:12,-70.83,-29.61,28.5,4.1,ml,guc
2007-05-21,20:19:50,-71.9,-34.85,24.0,3.4,ml,guc
2007-05-22,01:44:01,-69.58,-31.04,103.9,3.3,md,guc
2007-05-22,02:43:50,-70.33,-32.46,109.6,3.7,md,guc
2007-05-22,03:20:14,-69.53,-31.78,125.0,3.9,md,guc
2007-05-22,05:09:42,-67.88,-28.6,110.7,4.1,mb,us
2007-05-22,07:26:22,-71.5,-29.18,62.3,4.2,m,guc
2007-05-22,12:18:59,-68.56,-31.35,97.5,4.4,mb,us
2007-05-22,14:18:36,-71.4,-28.73,12.4,3.3,ml,guc
2007-05-22,16:05:43,-66.77,-24.01,187.0,4.2,mb,us
2007-05-22,16:26:24,-71.17,-29.61,60.7,3.3,md,guc
2007-05-22,23:42:26,-67.67,-24.4,230.0,4.2,mb,us
2007-05-23,01:01:02,-70.66,-16.9,125.0,4.0,mb,us
2007-05-23,06:29:16,-71.1,-29.62,49.7,3.4,m,guc
2007-05-23,07:46:33,-69.52,-31.56,136.7,3.2,md,guc
2007-05-23,09:50:19,-71.82,-33.32,10.1,2.6,ml,guc
2007-05-23,12:02:35,-71.31,-35.46,94.5,3.2,md,guc
2007-05-23,12:19:55,-71.62,-30.54,29.4,4.4,ml,guc
2007-05-23,17:15:13,-69.28,-31.92,128.1,3.7,md,guc
2007-05-23,19:50:00,-71.08,-35.35,102.0,3.1,md,guc
2007-05-23,20:08:18,-71.02,-35.32,103.7,3.1,md,guc
2007-05-24,02:03:04,-70.16,-32.75,106.8,4.1,mb,us
2007-05-24,03:38:13,-71.48,-32.54,26.3,2.7,ml,guc
2007-05-24,03:53:30,-69.94,-33.37,3.2,2.9,ml,guc
2007-05-24,07:42:46,-72.3,-16.49,103.8,0.0,,us
2007-05-24,07:46:03,-72.76,-35.69,5.0,3.4,ml,guc
2007-05-24,11:19:51,-71.41,-32.32,40.4,3.7,md,guc
2007-05-24,15:30:53,-44.2,-15.36,10.0,4.4,mb,us
2007-05-24,19:25:05,-69.26,-17.73,123.3,4.8,mb,us
2007-05-24,21:20:06,-67.04,-24.14,161.4,0.0,,us
2007-05-24,22:25:18,-70.25,-32.78,101.9,3.6,md,guc
2007-05-24,22:35:14,-70.72,-32.34,99.8,3.2,md,guc
2007-05-25,02:20:23,-71.29,-30.68,49.9,3.7,md,guc
2007-05-25,09:54:51,-72.57,-29.49,46.9,4.1,m,guc
2007-05-25,12:03:53,-71.08,-35.08,103.4,3.1,md,guc
2007-05-25,12:57:57,-71.61,-31.32,19.9,3.3,ml,guc
2007-05-25,17:47:31,-67.03,-24.22,180.5,5.9,mwb,us
2007-05-26,00:08:23,-71.39,-32.06,36.8,4.7,mb,us
2007-05-26,01:13:02,-69.65,-31.4,138.8,3.5,md,guc
2007-05-26,02:44:47,-103.1,-35.93,10.0,5.5,mwc,gcmt
2007-05-26,04:26:34,-74.09,-41.96,10.0,4.3,mb,us
2007-05-26,06:34:56,-71.0,-27.91,39.1,4.3,md,guc
2007-05-26,07:11:39,-71.11,-34.32,72.0,3.0,md,guc
2007-05-26,07:44:07,-67.02,-24.32,169.7,4.3,mb,us
2007-05-26,09:37:52,-69.69,-24.51,80.0,3.0,m,guc
2007-05-26,09:48:36,-69.86,-33.34,101.1,2.8,md,guc
2007-05-26,10:39:14,-69.61,-31.47,145.5,3.2,m,guc
2007-05-26,21:04:26,-78.54,-10.16,55.8,3.9,mb,us
2007-05-26,22:45:37,-100.15,-36.18,10.0,4.5,mb,us
2007-05-26,22:54:19,-71.96,-32.77,27.9,3.2,md,guc
2007-05-27,02:31:15,-66.63,-23.89,191.9,4.1,mb,us
2007-05-27,04:56:54,-70.83,-33.64,77.6,2.7,md,guc
2007-05-27,05:17:49,-70.6,-15.98,10.0,4.5,mb,us
2007-05-27,07:00:11,-68.37,-23.63,130.0,3.9,m,guc
2007-05-27,09:45:52,-65.41,-21.89,297.2,0.0,,us
2007-05-27,10:23:13,-67.41,-27.51,150.0,5.2,m,guc
2007-05-27,12:00:36,-70.03,-31.6,144.0,3.2,md,guc
2007-05-27,13:40:51,-72.31,-34.63,28.5,2.9,ml,guc
2007-05-27,14:03:51,-72.31,-34.63,23.0,2.9,ml,guc
2007-05-27,15:40:42,-67.91,-21.65,112.9,0.0,,us
2007-05-28,01:14:21,-70.98,-34.19,69.7,2.5,md,guc
2007-05-28,01:25:21,-67.18,-23.21,210.0,4.2,mb,us
2007-05-28,02:33:00,-69.31,-19.08,110.3,4.1,mb,us
2007-05-28,02:48:40,-70.77,-26.73,57.9,4.7,m,guc
2007-05-28,03:07:24,-70.01,-32.88,126.4,2.8,md,guc
2007-05-28,09:46:26,-71.25,-28.1,5.0,3.6,ml,guc
2007-05-28,13:29:13,-70.18,-15.76,228.7,4.0,mb,us
2007-05-28,19:25:10,-70.12,-33.62,111.7,3.0,md,guc
2007-05-28,22:37:11,-71.08,-34.94,105.5,3.5,md,guc
2007-05-29,02:14:13,-66.69,-24.08,190.6,4.7,mb,us
2007-05-29,04:07:57,-70.72,-34.38,95.6,2.9,md,guc
2007-05-29,04:49:18,-66.54,-27.92,151.0,4.4,mb,us
2007-05-29,08:45:15,-66.67,-24.08,192.4,4.9,m,guc
2007-05-29,15:33:44,-71.0,-35.19,110.4,2.8,md,guc
2007-05-29,16:16:16,-71.23,-39.9,161.4,4.4,mb,us
2007-05-29,18:15:51,-102.74,-35.84,10.0,5.1,mwc,gcmt
2007-05-29,18:46:15,-70.58,-34.36,114.0,3.7,md,guc
2007-05-29,22:28:07,-72.17,-36.58,120.9,2.9,md,guc
2007-05-30,01:11:04,-72.33,-33.99,1.6,2.7,ml,guc
2007-05-30,04:30:21,-70.82,-32.48,80.0,3.1,md,guc
2007-05-30,08:57:06,-70.16,-32.42,125.9,3.0,md,guc
2007-05-30,11:49:28,-69.09,-22.98,71.0,4.3,md,guc
2007-05-30,14:21:22,-72.26,-34.38,9.9,3.3,ml,guc
2007-05-30,16:57:37,-74.17,-11.56,81.7,4.1,mb,us
2007-05-31,00:24:54,-68.27,-23.54,140.0,4.4,mb,us
2007-05-31,02:28:45,-69.05,-19.18,135.0,4.0,mb,us
2007-05-31,05:02:58,-69.32,-25.29,100.0,3.8,md,guc
2007-05-31,11:57:27,-71.58,-32.62,44.8,3.4,md,guc
2007-06-01,03:13:53,-70.08,-21.0,68.9,4.4,mb,us
2007-06-01,03:37:27,-71.14,-38.13,10.0,4.0,mb,us
2007-06-01,20:06:46,-63.33,-27.15,564.6,4.5,mb,us
2007-06-01,23:23:53,-72.17,-34.6,37.6,3.9,md,guc
2007-06-01,23:44:16,-69.59,-31.63,113.6,3.6,md,guc
2007-06-02,09:11:10,-70.88,-34.22,77.5,3.1,md,guc
2007-06-02,10:06:29,-71.22,-31.05,62.7,3.0,m,guc
2007-06-02,10:44:15,-71.14,-30.17,68.8,2.9,m,guc
2007-06-02,10:50:35,-70.89,-34.22,79.9,2.6,md,guc
2007-06-02,15:00:40,-70.33,-34.32,119.5,2.8,md,guc
2007-06-02,16:04:19,-66.87,-24.17,167.3,4.7,mb,us
2007-06-02,19:19:31,-70.77,-28.28,2.2,2.8,ml,guc
2007-06-03,03:00:11,-66.66,-23.99,187.8,4.7,mb,us
2007-06-03,06:57:02,-70.07,-34.17,4.2,3.6,md,guc
2007-06-03,12:16:49,-71.7,-32.59,15.5,3.3,ml,guc
2007-06-03,23:01:52,-70.64,-28.56,47.0,3.9,m,guc
2007-06-04,01:29:38,-71.64,-35.82,91.3,3.6,md,guc
2007-06-04,05:23:44,-69.14,-31.2,150.0,3.3,m,guc
2007-06-04,06:29:03,-72.26,-34.53,28.4,2.5,ml,guc
2007-06-04,10:26:22,-70.03,-34.18,9.3,2.5,ml,guc
2007-06-04,11:01:18,-70.22,-17.15,132.2,4.3,mb,us
2007-06-04,13:23:00,-70.91,-32.35,63.1,2.7,md,guc
2007-06-05,03:24:26,-71.86,-32.14,35.0,3.5,md,guc
2007-06-05,06:42:12,-71.83,-32.16,35.8,4.1,md,guc
2007-06-05,08:09:27,-72.64,-33.77,31.2,2.6,ml,guc
2007-06-05,08:45:35,-73.46,-16.47,57.4,3.8,mb,us
2007-06-05,10:49:24,-70.31,-29.06,90.0,3.8,m,guc
2007-06-05,15:30:35,-69.56,-17.47,154.9,4.3,mb,us
2007-06-05,16:57:23,-71.0,-33.94,70.9,2.7,md,guc
2007-06-05,17:43:27,-71.22,-34.41,69.5,2.6,md,guc
2007-06-06,01:30:46,-66.8,-20.35,231.6,4.1,mb,us
2007-06-06,07:15:43,-71.83,-32.45,21.8,2.8,ml,guc
2007-06-06,10:53:26,-71.66,-31.52,30.6,3.9,ml,guc
2007-06-06,15:11:01,-71.32,-28.87,42.9,3.8,m,guc
2007-06-06,17:03:28,-71.91,-35.91,80.6,3.2,md,guc
2007-06-06,17:42:59,-69.4,-31.5,127.1,2.9,m,guc
2007-06-06,18:03:39,-72.04,-27.47,10.0,0.0,,us
2007-06-06,19:46:19,-71.71,-31.42,29.5,3.0,ml,guc
2007-06-06,22:01:46,-70.64,-26.26,50.0,4.2,m,guc
2007-06-06,22:18:39,-69.93,-31.78,121.1,2.8,m,guc
2007-06-07,00:20:37,-71.01,-32.99,59.1,3.2,md,guc
2007-06-07,01:03:04,-72.09,-31.69,15.3,2.8,ml,guc
2007-06-07,04:33:34,-69.95,-32.31,114.7,3.5,md,guc
2007-06-07,05:01:52,-74.18,-14.89,113.6,3.8,mb,us
2007-06-07,15:36:03,-70.37,-34.43,125.5,3.3,md,guc
2007-06-07,17:44:14,-70.83,-31.76,100.1,2.6,m,guc
2007-06-07,21:10:20,-69.98,-32.68,127.6,3.1,md,guc
2007-06-08,07:02:51,-70.09,-32.22,140.1,2.9,m,guc
2007-06-08,09:52:19,-111.36,-34.97,10.0,5.0,mwc,gcmt
2007-06-08,14:05:47,-69.93,-32.23,104.0,3.2,md,guc
2007-06-08,17:31:48,-70.7,-29.67,5.0,3.5,ml,guc
2007-06-08,18:35:29,-70.78,-29.53,32.6,3.2,ml,guc
2007-06-09,01:45:32,-72.84,-13.6,35.0,4.0,ml,lim
2007-06-09,04:00:18,-68.34,-31.19,150.0,3.2,md,guc
2007-06-09,19:12:44,-71.29,-18.53,53.2,4.6,mb,us
2007-06-09,20:47:39,-70.83,-18.38,50.1,4.3,mb,us
2007-06-09,21:09:39,-67.17,-24.26,156.2,4.3,mb,us
2007-06-09,22:54:26,-71.77,-34.74,39.3,3.5,md,guc
2007-06-10,13:11:46,-69.0,-31.64,113.2,4.4,mb,us
2007-06-10,20:06:55,-70.83,-32.47,78.9,3.4,md,guc
2007-06-10,21:39:17,-72.2,-35.66,43.3,3.6,md,guc
2007-06-10,23:15:11,-71.04,-28.86,46.5,3.7,md,guc
2007-06-11,04:02:33,-70.59,-32.74,107.9,2.7,md,guc
2007-06-11,07:44:20,-69.46,-27.45,113.5,4.0,md,guc
2007-06-11,10:46:46,-71.35,-33.43,54.8,2.6,m,guc
2007-06-11,13:51:20,-65.61,-30.98,165.8,4.4,mb,us
2007-06-11,14:47:02,-70.0,-33.15,5.0,3.2,ml,guc
2007-06-12,01:42:43,-67.73,-22.91,121.4,3.9,mb,us
2007-06-12,06:34:15,-70.04,-31.71,137.1,3.1,m,guc
2007-06-12,09:29:46,-74.13,-42.52,28.3,4.8,mb,us
2007-06-12,10:30:32,-73.3,-37.64,55.3,4.5,mb,us
2007-06-12,10:40:26,-69.3,-28.2,129.0,3.9,md,guc
2007-06-12,12:27:06,-69.82,-32.25,147.7,3.7,md,guc
2007-06-12,15:07:51,-90.69,-41.31,10.0,5.1,mwc,gcmt
2007-06-12,17:17:12,-91.16,-41.11,10.0,4.9,mwc,gcmt
2007-06-12,18:27:29,-69.28,-29.21,97.3,4.3,mb,us
2007-06-12,21:45:58,-71.05,-32.44,70.6,2.7,md,guc
2007-06-12,23:26:45,-67.38,-28.82,115.5,3.7,mb,us
2007-06-13,09:46:46,-71.73,-32.18,24.5,2.9,ml,guc
2007-06-13,14:23:44,-70.33,-31.05,117.9,3.3,md,guc
2007-06-13,16:27:27,-70.02,-33.16,19.8,3.2,ml,guc
2007-06-13,17:10:47,-71.63,-32.62,5.5,2.5,ml,guc
2007-06-13,17:15:57,-71.55,-32.16,42.7,4.1,md,guc
2007-06-13,23:24:12,-71.64,-35.55,95.8,2.9,md,guc
2007-06-13,23:59:48,-72.0,-32.57,22.2,3.1,ml,guc
2007-06-14,02:31:22,-70.06,-33.15,8.1,2.7,ml,guc
2007-06-14,08:53:25,-66.96,-24.17,164.5,4.3,mb,us
2007-06-14,09:41:37,-73.51,-15.96,50.2,0.0,,us
2007-06-14,09:54:29,-70.32,-29.07,90.2,4.2,m,guc
2007-06-14,10:41:59,-68.92,-23.03,105.4,5.5,mwb,us
2007-06-14,13:09:40,-71.79,-32.59,15.0,3.1,ml,guc
2007-06-14,13:37:41,-100.15,-36.21,10.0,5.9,mwb,us
2007-06-14,14:03:23,-110.78,-35.6,10.0,4.5,mb,us
2007-06-14,14:41:19,-71.16,-15.43,10.0,4.5,mb,us
2007-06-14,18:19:57,-70.36,-32.78,107.7,2.7,md,guc
2007-06-14,19:44:53,-70.19,-31.61,140.8,3.4,md,guc
2007-06-14,21:32:22,-74.09,-36.05,26.4,3.3,ml,guc
2007-06-14,22:57:08,-71.4,-32.3,41.4,4.0,md,guc
2007-06-14,23:13:00,-66.89,-24.16,159.7,3.9,mb,us
2007-06-14,23:25:17,-71.47,-30.39,24.6,3.3,ml,guc
2007-06-15,01:23:06,-70.31,-31.99,125.6,3.2,md,guc
2007-06-15,01:52:08,-69.06,-33.25,55.0,3.4,md,guc
2007-06-15,03:51:11,-69.26,-31.49,158.5,3.9,md,guc
2007-06-15,04:42:15,-100.59,-36.22,10.0,4.4,mb,us
2007-06-15,05:37:20,-66.82,-24.04,195.7,3.8,mb,us
2007-06-15,16:11:09,-66.69,-23.91,197.1,3.9,mb,us
2007-06-15,21:51:22,-70.59,-34.99,18.4,3.2,ml,guc
2007-06-15,23:44:22,-71.21,-34.8,72.1,3.4,md,guc
2007-06-16,00:54:47,-71.32,-28.64,42.0,3.8,m,guc
2007-06-16,01:00:00,-70.41,-33.99,105.6,2.8,md,guc
2007-06-16,01:03:40,-67.19,-29.6,35.0,0.0,,us
2007-06-16,08:23:25,-71.74,-35.74,66.2,2.7,md,guc
2007-06-16,11:05:12,-69.44,-32.1,120.3,3.9,m,guc
2007-06-16,11:39:22,-69.36,-31.92,142.5,2.9,m,guc
2007-06-16,19:16:05,-68.44,-22.32,114.9,4.6,mb,us
2007-06-16,22:22:53,-109.09,-32.97,10.0,4.7,mb,us
2007-06-17,00:27:13,-70.65,-34.1,100.9,2.6,md,guc
2007-06-17,01:10:43,-72.13,-27.78,34.8,3.6,ml,guc
2007-06-17,03:11:48,-70.37,-34.54,135.6,2.6,md,guc
2007-06-17,06:43:35,-69.07,-31.25,150.0,3.3,m,guc
2007-06-17,08:46:49,-69.66,-32.43,101.9,2.9,m,guc
2007-06-17,09:40:57,-69.94,-24.64,45.0,3.8,m,guc
2007-06-17,15:56:15,-68.97,-18.25,136.0,4.6,mb,us
2007-06-17,18:55:14,-69.12,-31.25,129.9,3.6,md,guc
2007-06-17,21:04:55,-67.01,-24.27,174.6,4.4,mb,us
2007-06-18,01:43:38,-72.22,-33.05,27.1,3.0,ml,guc
2007-06-18,12:45:12,-70.31,-32.65,106.5,2.7,m,guc
2007-06-18,13:04:46,-70.18,-34.32,4.8,3.0,md,guc
2007-06-18,16:14:32,-66.18,-22.94,234.1,4.3,mb,us
2007-06-18,20:37:40,-71.4,-28.82,37.3,4.7,mb,us
2007-06-19,06:03:09,-72.58,-35.4,29.4,4.1,ml,guc
2007-06-19,09:23:39,-70.38,-33.2,87.2,2.7,md,guc
2007-06-19,12:37:40,-70.57,-33.65,98.4,3.0,md,guc
2007-06-19,14:18:41,-71.17,-30.04,61.4,3.1,md,guc
2007-06-19,17:15:04,-67.73,-23.61,137.4,3.7,mb,us
2007-06-20,02:19:44,-71.75,-29.49,43.5,4.2,mb,us
2007-06-20,03:50:39,-71.78,-31.44,47.3,4.2,mb,us
2007-06-20,04:57:11,-71.42,-33.81,49.4,3.0,md,guc
2007-06-20,07:28:16,-69.46,-28.88,95.0,3.4,md,guc
2007-06-21,09:52:43,-71.07,-31.73,42.8,3.6,md,guc
2007-06-21,09:54:54,-71.16,-31.76,45.0,5.1,mwc,gcmt
2007-06-21,15:30:30,-71.62,-31.7,29.8,3.1,ml,guc
2007-06-21,20:21:48,-70.71,-34.48,100.0,2.6,md,guc
2007-06-22,00:28:26,-71.28,-30.79,49.5,4.2,md,guc
2007-06-22,06:31:38,-72.32,-33.26,34.5,2.8,ml,guc
2007-06-22,06:33:19,-71.11,-35.15,109.3,3.7,m,guc
2007-06-22,11:28:28,-70.47,-33.93,103.8,2.9,md,guc
2007-06-22,23:47:38,-71.4,-35.99,114.7,3.0,md,guc
2007-06-23,09:11:06,-71.31,-30.85,59.8,2.9,md,guc
2007-06-23,11:53:19,-68.81,-33.42,8.7,2.7,ml,guc
2007-06-23,12:05:04,-69.64,-31.99,163.5,2.9,m,guc
2007-06-23,13:35:47,-71.56,-30.93,30.6,3.4,ml,guc
2007-06-23,15:06:22,-70.19,-32.32,108.7,3.2,md,ath
2007-06-24,05:32:36,-69.3,-27.28,101.6,4.1,mb,us
2007-06-24,10:36:28,-70.31,-31.56,134.1,2.7,m,guc
2007-06-24,13:42:07,-99.42,-36.2,10.0,4.5,mb,us
2007-06-24,14:02:42,-68.04,-32.04,139.6,3.5,md,guc
2007-06-24,14:09:06,-68.65,-19.59,69.3,3.8,mb,us
2007-06-24,14:25:38,-71.62,-31.46,31.6,2.8,ml,guc
2007-06-24,23:07:51,-70.65,-28.88,79.5,4.3,mb,us
2007-06-25,02:52:38,-73.03,-15.2,108.3,4.5,mb,us
2007-06-25,07:13:26,-71.53,-30.67,28.4,2.7,ml,guc
2007-06-25,07:34:30,-75.47,-11.18,53.6,3.9,mb,us
2007-06-25,08:38:22,-71.62,-35.36,85.0,2.9,md,guc
2007-06-25,08:53:16,-70.76,-31.86,108.2,3.5,md,guc
2007-06-25,10:14:36,-71.75,-32.12,24.2,2.8,ml,guc
2007-06-25,16:25:28,-72.5,-34.91,19.2,2.5,ml,guc
2007-06-25,20:33:14,-68.67,-31.24,152.8,3.4,md,guc
2007-06-25,20:59:44,-69.85,-21.79,64.7,4.9,mb,us
2007-06-25,21:12:06,-68.51,-20.74,121.5,0.0,,us
2007-06-26,02:43:13,-72.23,-35.29,45.5,4.0,md,guc
2007-06-26,04:16:23,-71.96,-32.26,25.4,2.6,ml,guc
2007-06-26,14:15:07,-71.06,-35.03,88.2,2.8,md,guc
2007-06-26,15:59:57,-66.63,-23.29,199.6,3.7,mb,us
2007-06-26,22:11:48,-70.18,-33.4,111.7,2.9,md,guc
2007-06-27,00:25:55,-70.08,-31.78,120.8,3.4,md,guc
2007-06-27,03:46:22,-70.44,-34.83,130.2,2.9,md,guc
2007-06-27,04:47:54,-71.26,-32.08,67.7,3.8,md,guc
2007-06-27,06:36:27,-80.14,-6.92,33.3,4.7,mb,us
2007-06-27,09:14:16,-66.99,-24.16,184.9,0.0,,us
2007-06-27,09:41:24,-68.33,-31.94,108.9,4.4,mb,us
2007-06-27,14:31:21,-70.95,-32.66,63.5,2.8,md,guc
2007-06-27,15:34:28,-70.74,-31.46,112.5,3.2,md,guc
2007-06-27,16:00:42,-70.18,-23.17,44.0,0.0,,us
2007-06-27,18:21:33,-69.61,-17.7,146.1,3.5,mb,us
2007-06-27,21:03:44,-71.27,-15.54,132.8,4.6,mb,us
2007-06-28,00:12:14,-66.96,-24.28,162.9,5.0,mwc,gcmt
2007-06-28,01:09:38,-70.96,-33.76,67.2,3.2,md,guc
2007-06-28,08:44:46,-74.89,-15.68,12.0,5.8,mwb,us
2007-06-28,09:01:10,-70.75,-32.75,61.2,2.6,md,guc
2007-06-28,09:04:14,-75.32,-15.82,31.0,4.4,mb,us
2007-06-28,10:04:54,-75.23,-15.92,29.9,4.2,mb,us
2007-06-28,11:26:32,-74.79,-15.69,25.0,4.7,mb,us
2007-06-28,12:39:16,-74.9,-15.7,26.7,5.2,mwc,gcmt
2007-06-28,12:41:46,-74.79,-15.65,24.9,5.0,mb,us
2007-06-28,15:23:13,-71.66,-30.16,40.0,4.5,mb,us
2007-06-28,15:42:52,-74.99,-15.93,48.0,4.0,mb,us
2007-06-28,19:25:21,-71.34,-32.0,68.8,5.7,mwb,us
2007-06-29,01:00:21,-67.17,-22.0,177.4,4.2,mb,us
2007-06-29,02:02:17,-74.93,-15.77,16.3,5.6,mwb,us
2007-06-29,02:44:00,-75.28,-15.88,10.0,4.2,mb,us
2007-06-29,02:58:06,-75.3,-15.86,10.0,3.7,mb,us
2007-06-29,15:56:24,-66.97,-24.3,165.8,4.4,mb,us
2007-06-30,12:02:15,-66.81,-23.17,207.5,0.0,,us
2007-07-01,02:13:08,-72.02,-32.53,11.9,2.8,ml,guc
2007-07-01,10:28:08,-71.9,-34.65,15.0,2.9,ml,guc
2007-07-01,10:48:04,-71.61,-30.38,64.6,2.7,m,guc
2007-07-01,11:33:58,-70.32,-32.84,99.4,3.9,md,guc
2007-07-01,11:41:11,-70.8,-34.56,104.3,2.7,md,guc
2007-07-01,16:16:59,-70.82,-30.71,75.2,3.4,md,guc
2007-07-01,18:21:21,-70.73,-31.9,86.7,3.1,md,guc
2007-07-01,18:37:48,-67.17,-24.22,188.2,4.1,mb,us
2007-07-02,04:22:32,-71.06,-29.53,47.0,3.6,md,guc
2007-07-02,05:16:43,-68.96,-23.23,85.5,3.8,mb,us
2007-07-02,06:03:30,-79.46,-44.67,10.0,0.0,,us
2007-07-02,12:45:45,-72.06,-31.65,28.1,3.3,ml,guc
2007-07-02,16:35:27,-68.76,-31.14,105.5,3.6,md,guc
2007-07-02,19:58:10,-66.85,-24.21,180.7,4.1,mb,us
2007-07-03,01:42:58,-70.24,-34.91,14.6,2.9,ml,guc
2007-07-03,05:23:32,-70.94,-33.25,69.2,3.1,md,guc
2007-07-03,11:23:42,-83.72,-41.98,10.0,4.5,mb,us
2007-07-03,16:52:15,-75.51,-15.95,27.5,0.0,,us
2007-07-04,17:54:04,-71.68,-31.47,26.7,2.9,ml,guc
2007-07-05,03:38:33,-66.6,-23.39,203.8,3.8,mb,us
2007-07-05,19:25:49,-71.46,-30.35,44.7,4.8,mb,us
2007-07-05,20:51:07,-68.6,-20.42,130.2,3.7,mb,us
2007-07-06,00:09:40,-68.2,-21.28,124.3,4.0,mb,us
2007-07-06,03:48:23,-111.62,-33.16,10.0,4.1,mb,us
2007-07-06,09:06:01,-71.76,-32.47,15.6,2.7,ml,guc
2007-07-06,10:40:41,-71.28,-29.72,48.7,2.8,m,guc
2007-07-06,11:40:32,-72.96,-37.35,41.6,4.1,md,guc
2007-07-06,16:03:13,-72.4,-36.9,74.8,3.5,md,guc
2007-07-06,17:17:23,-69.1,-31.15,150.0,3.3,md,guc
2007-07-06,19:39:05,-69.0,-23.19,77.6,4.1,mb,us
2007-07-06,23:24:40,-71.56,-30.67,44.3,2.8,m,guc
2007-07-07,15:02:46,-114.54,-26.69,10.0,5.2,mwc,gcmt
2007-07-07,15:06:44,-72.76,-32.78,47.0,3.5,md,guc
2007-07-07,22:44:27,-75.09,-15.17,30.2,5.0,mwc,gcmt
2007-07-08,00:53:07,-71.17,-29.75,46.4,3.0,m,guc
2007-07-08,03:39:22,-69.82,-17.84,113.4,4.6,mb,us
2007-07-08,04:09:05,-70.8,-33.58,81.6,2.5,md,guc
2007-07-08,05:15:33,-69.76,-27.5,138.1,3.8,m,guc
2007-07-08,06:21:58,-68.1,-21.6,118.7,0.0,,us
2007-07-08,07:00:51,-71.27,-15.46,10.0,4.5,mb,us
2007-07-08,07:22:14,-72.22,-34.07,38.9,3.5,m,guc
2007-07-08,09:37:37,-71.1,-32.22,50.7,2.5,m,guc
2007-07-08,18:03:23,-71.52,-32.62,30.5,2.8,ml,guc
2007-07-08,19:12:58,-68.22,-21.66,130.3,4.9,mb,us
2007-07-08,19:13:30,-68.36,-21.58,128.7,4.4,mb,us
2007-07-08,19:25:03,-71.09,-34.24,75.1,2.8,md,guc
2007-07-08,20:20:08,-69.58,-32.08,146.3,3.4,md,guc
2007-07-08,20:27:55,-74.69,-36.18,22.7,3.6,ml,guc
2007-07-08,22:22:21,-71.8,-34.76,34.2,2.7,ml,guc
2007-07-09,00:15:27,-69.32,-27.62,94.4,0.0,,us
2007-07-09,05:50:37,-68.14,-20.08,141.5,0.0,,us
2007-07-09,08:16:19,-71.56,-30.4,31.6,3.2,ml,guc
2007-07-09,14:34:49,-114.42,-26.74,10.0,4.8,mb,us
2007-07-09,16:24:03,-70.69,-31.82,108.8,3.2,md,guc
2007-07-09,18:37:03,-69.06,-31.66,146.6,3.6,md,guc
2007-07-09,19:30:59,-71.92,-32.34,8.3,2.6,ml,guc
2007-07-09,20:34:16,-71.72,-29.78,45.9,3.1,m,guc
2007-07-10,12:55:25,-111.79,-13.92,10.0,4.9,mwc,gcmt
2007-07-10,20:54:58,-68.36,-31.12,103.4,3.8,md,guc
2007-07-10,21:16:03,-70.79,-34.88,104.7,2.6,md,guc
2007-07-11,06:53:08,-69.66,-31.43,158.2,3.1,md,guc
2007-07-11,13:50:18,-71.55,-32.02,30.0,2.6,ml,guc
2007-07-11,14:47:54,-69.97,-32.64,112.6,3.0,md,guc
2007-07-11,15:12:22,-70.28,-32.67,93.8,5.1,mwc,gcmt
2007-07-11,20:41:31,-65.37,-24.89,42.4,4.5,mb,us
2007-07-11,22:03:55,-68.57,-31.13,150.0,3.5,md,guc
2007-07-12,00:21:20,-70.2,-34.8,17.4,2.7,ml,guc
2007-07-12,03:02:51,-70.61,-33.65,30.9,2.8,ml,guc
2007-07-12,04:11:30,-71.38,-32.42,15.1,2.7,ml,guc
2007-07-12,05:23:49,-74.38,-7.93,152.1,6.1,mwc,gcmt
2007-07-12,15:48:20,-71.15,-28.19,33.5,3.5,ml,guc
2007-07-12,20:47:38,-71.36,-30.84,59.2,5.0,mb,us
2007-07-13,00:09:00,-71.7,-32.25,1.2,2.8,ml,guc
2007-07-13,04:05:00,-70.37,-30.11,95.0,3.5,m,guc
2007-07-13,05:30:31,-71.41,-32.4,15.2,3.3,ml,guc
2007-07-13,09:27:05,-65.89,-22.7,241.5,0.0,,us
2007-07-13,11:49:35,-69.8,-33.33,2.4,2.9,ml,guc
2007-07-13,11:56:13,-71.53,-35.16,85.0,2.9,md,guc
2007-07-13,15:05:34,-70.4,-34.42,14.2,3.1,ml,guc
2007-07-13,19:46:27,-107.99,-35.03,10.0,5.1,mwc,gcmt
2007-07-14,03:07:36,-69.75,-28.63,72.6,2.9,md,guc
2007-07-14,08:22:22,-68.99,-33.1,55.0,3.1,md,guc
2007-07-14,10:24:45,-71.18,-33.72,53.3,3.2,md,guc
2007-07-14,13:07:22,-71.36,-28.13,25.7,2.5,ml,guc
2007-07-14,15:54:18,-70.58,-35.19,151.9,2.9,md,guc
2007-07-14,16:03:34,-71.04,-35.26,115.5,2.6,md,guc
2007-07-14,16:54:06,-70.86,-28.26,0.8,2.5,ml,guc
2007-07-14,23:22:39,-69.62,-31.18,150.0,3.0,md,guc
2007-07-15,04:57:46,-71.54,-30.71,24.3,2.6,ml,guc
2007-07-15,09:48:04,-71.74,-32.21,32.0,3.4,ml,guc
2007-07-15,12:54:15,-72.29,-34.53,33.4,2.7,ml,guc
2007-07-15,19:26:15,-71.22,-31.81,72.2,3.0,md,guc
2007-07-15,20:52:29,-70.65,-33.13,87.7,3.3,md,guc
2007-07-15,21:49:28,-71.39,-31.53,31.2,3.1,ml,guc
2007-07-15,22:04:05,-71.65,-33.67,45.8,2.8,md,guc
2007-07-16,00:06:27,-70.1,-32.57,125.3,2.7,md,guc
2007-07-16,02:59:34,-115.2,-23.5,10.0,4.8,mb,us
2007-07-16,05:10:16,-68.84,-31.55,154.5,3.7,md,guc
2007-07-16,06:53:39,-71.96,-31.46,5.5,3.5,ml,guc
2007-07-16,07:09:22,-70.85,-33.97,79.9,2.7,md,guc
2007-07-16,08:20:34,-71.14,-32.08,79.7,2.5,md,guc
2007-07-16,10:01:11,-74.78,-7.33,135.9,4.3,mb,us
2007-07-16,12:43:29,-73.79,-15.89,54.7,4.8,mb,us
2007-07-16,16:08:08,-70.15,-29.54,103.7,3.1,md,guc
2007-07-16,20:00:53,-71.46,-30.04,37.8,3.7,md,guc
2007-07-17,01:44:43,-70.15,-28.97,106.0,3.7,m,guc
2007-07-17,08:04:12,-71.39,-31.06,64.1,3.4,md,guc
2007-07-17,10:59:57,-66.83,-24.37,152.9,0.0,,us
2007-07-17,16:46:08,-70.72,-28.25,0.0,2.5,ml,guc
2007-07-17,18:32:16,-67.58,-31.52,10.0,4.8,mb,us
2007-07-17,21:10:48,-66.27,-23.04,229.2,3.7,mb,us
2007-07-18,00:41:11,-71.63,-32.12,30.2,3.5,ml,guc
2007-07-18,01:53:32,-69.28,-19.48,123.7,3.6,mb,us
2007-07-18,03:57:28,-71.04,-29.46,58.7,3.7,md,guc
2007-07-18,10:35:49,-69.93,-31.88,136.2,2.7,m,guc
2007-07-18,18:21:03,-73.31,-36.3,23.7,3.9,ml,guc
2007-07-18,20:01:02,-72.32,-34.68,15.1,2.6,ml,guc
2007-07-18,20:50:24,-70.98,-32.66,4.9,2.5,ml,guc
2007-07-18,22:19:34,-71.43,-28.91,69.1,3.2,md,guc
2007-07-19,00:24:56,-68.65,-31.6,160.4,3.7,md,guc
2007-07-19,01:57:46,-70.01,-32.55,109.5,2.7,md,guc
2007-07-19,02:28:57,-68.32,-23.16,93.2,4.2,mb,us
2007-07-19,07:48:06,-124.9,-55.77,10.0,5.1,mwc,gcmt
2007-07-19,08:19:33,-71.27,-32.06,72.8,3.1,md,guc
2007-07-19,11:16:09,-70.06,-31.81,34.1,2.6,ml,guc
2007-07-19,19:34:51,-68.86,-25.07,100.5,3.9,md,guc
2007-07-19,22:43:02,-72.1,-33.08,40.0,3.2,md,guc
2007-07-20,02:57:26,-71.73,-32.66,20.3,3.6,ml,guc
2007-07-20,02:59:21,-71.67,-32.65,8.8,2.5,ml,guc
2007-07-20,08:43:18,-69.73,-28.95,127.7,3.2,m,guc
2007-07-20,15:36:49,-71.0,-32.89,65.0,3.2,md,guc
2007-07-20,19:23:46,-71.68,-35.5,37.3,3.4,md,guc
2007-07-20,23:30:14,-71.06,-34.32,86.1,2.8,md,guc
2007-07-21,01:53:16,-68.93,-31.49,153.9,3.4,md,guc
2007-07-21,06:44:52,-71.32,-31.7,0.0,2.6,ml,guc
2007-07-21,07:40:03,-71.7,-30.88,28.6,2.6,ml,guc
2007-07-21,08:21:04,-70.23,-33.05,103.4,3.1,md,guc
2007-07-21,09:26:49,-68.54,-20.73,107.5,0.0,,us
2007-07-21,13:27:04,-71.27,-8.13,644.9,6.1,mwb,us
2007-07-21,15:34:53,-65.78,-22.15,289.5,6.4,mwc,gcmt
2007-07-21,18:07:45,-69.71,-31.61,141.8,3.7,md,guc
2007-07-21,19:24:09,-72.09,-30.23,41.3,4.0,md,guc
2007-07-21,20:40:58,-71.68,-32.15,51.2,3.5,md,guc
2007-07-22,02:01:14,-68.49,-31.15,150.0,3.6,md,guc
2007-07-22,02:04:28,-71.23,-29.18,56.1,3.9,m,guc
2007-07-22,02:09:46,-70.91,-29.8,85.0,3.8,m,guc
2007-07-22,07:01:55,-68.86,-26.21,120.0,4.5,m,guc
2007-07-22,12:16:24,-71.34,-28.89,5.0,3.9,ml,guc
2007-07-23,01:21:26,-76.7,-6.84,62.0,4.6,mb,us
2007-07-23,03:16:26,-68.63,-22.22,93.7,4.0,mb,us
2007-07-23,04:37:48,-70.33,-31.8,153.0,3.0,m,guc
2007-07-23,06:16:02,-114.21,-21.75,10.0,4.5,mb,us
2007-07-23,07:56:27,-71.77,-32.66,15.0,2.6,ml,guc
2007-07-23,08:38:06,-69.04,-31.37,148.0,3.5,md,guc
2007-07-23,08:45:00,-69.01,-31.27,150.0,3.9,md,guc
2007-07-23,16:49:34,-64.12,-17.6,39.2,0.0,,us
2007-07-23,17:04:27,-69.29,-18.27,139.0,3.9,mb,us
2007-07-23,17:47:42,-70.59,-33.31,13.2,2.5,ml,guc
2007-07-23,20:31:25,-71.05,-31.92,79.5,3.2,md,guc
2007-07-23,21:34:46,-70.85,-28.25,1.5,2.9,ml,guc
2007-07-24,02:15:55,-111.92,-24.73,10.0,4.3,mb,us
2007-07-24,04:57:33,-71.12,-27.28,9.2,3.6,ml,guc
2007-07-24,07:06:19,-71.18,-27.32,0.0,3.3,ml,guc
2007-07-24,13:45:39,-68.37,-28.77,40.1,0.0,,us
2007-07-24,14:15:53,-71.38,-27.1,48.5,3.8,md,guc
2007-07-24,17:14:17,-115.01,-23.49,10.0,4.3,mb,us
2007-07-25,01:45:25,-70.37,-35.12,11.2,3.4,ml,guc
2007-07-25,02:35:31,-70.37,-35.07,19.7,3.2,md,guc
2007-07-25,02:40:35,-69.52,-18.22,142.1,3.8,mb,us
2007-07-25,06:51:34,-65.75,-27.8,33.0,3.0,md,sja
2007-07-25,07:14:33,-71.67,-35.06,62.8,4.2,mb,us
2007-07-25,07:57:50,-66.54,-24.13,148.7,0.0,,us
2007-07-25,08:59:31,-70.92,-34.71,98.6,2.9,md,guc
2007-07-25,14:07:15,-71.25,-36.48,169.1,3.4,md,guc
2007-07-25,19:09:40,-70.07,-33.99,7.1,2.5,ml,guc
2007-07-26,02:10:04,-70.68,-26.52,61.9,3.5,md,guc
2007-07-26,02:29:21,-67.03,-24.19,161.4,4.0,mb,us
2007-07-26,04:12:14,-80.15,-6.12,67.1,4.3,mb,us
2007-07-26,06:55:26,-76.04,-15.13,24.2,0.0,,us
2007-07-26,11:49:27,-71.4,-33.99,50.2,2.8,md,guc
2007-07-26,13:50:54,-72.94,-36.94,63.5,3.7,md,guc
2007-07-26,16:21:09,-73.53,-14.22,69.6,4.4,mb,us
2007-07-26,20:46:54,-71.33,-32.4,46.1,3.5,md,guc
2007-07-26,21:15:46,-71.92,-34.69,31.1,3.3,ml,guc
2007-07-26,21:49:59,-71.61,-30.4,31.2,4.5,mb,us
2007-07-26,22:43:23,-71.31,-28.98,43.4,3.9,md,guc
2007-07-26,23:29:04,-70.4,-33.29,105.0,2.6,md,guc
2007-07-27,05:23:05,-71.72,-32.53,15.0,2.5,ml,guc
2007-07-27,06:41:56,-71.38,-28.74,14.1,3.5,ml,guc
2007-07-27,08:28:03,-71.01,-27.54,24.5,3.4,ml,guc
2007-07-27,10:09:19,-68.45,-21.48,114.7,4.2,mb,us
2007-07-27,13:40:57,-71.05,-34.52,79.1,3.3,md,guc
2007-07-27,19:44:06,-71.74,-33.45,45.0,3.3,md,guc
2007-07-27,22:50:46,-71.59,-30.39,25.2,3.2,ml,guc
2007-07-27,23:08:47,-69.56,-31.45,153.3,2.9,m,guc
2007-07-28,00:44:57,-71.71,-32.63,3.7,2.8,ml,guc
2007-07-28,02:34:25,-71.58,-32.69,21.9,2.5,ml,guc
2007-07-28,04:55:55,-82.04,-44.36,10.0,4.4,mb,us
2007-07-28,08:39:42,-68.5,-21.34,100.5,4.5,mb,us
2007-07-28,08:55:37,-71.34,-28.76,35.0,3.9,ml,guc
2007-07-28,09:00:21,-71.46,-30.92,71.0,3.0,md,guc
2007-07-28,12:06:22,-71.31,-28.05,31.8,3.2,ml,guc
2007-07-28,12:31:33,-70.93,-32.12,67.5,2.9,md,guc
2007-07-28,13:37:30,-71.02,-29.45,61.9,4.4,mb,us
2007-07-28,14:11:58,-77.96,-11.02,50.7,5.0,mwc,gcmt
2007-07-28,15:23:19,-114.76,-26.59,10.0,5.3,mwc,gcmt
2007-07-28,15:52:41,-70.98,-35.34,107.0,2.8,md,guc
2007-07-28,16:36:29,-70.88,-32.86,13.0,3.2,ml,guc
2007-07-28,18:39:34,-70.86,-32.86,12.8,3.5,ml,guc
2007-07-28,23:29:35,-71.35,-29.04,50.0,3.8,m,guc
2007-07-29,04:13:49,-114.88,-26.7,10.0,4.3,mb,us
2007-07-29,07:52:40,-71.76,-32.3,5.1,2.5,ml,guc
2007-07-29,11:50:42,-69.72,-31.66,121.3,2.5,md,guc
2007-07-29,12:28:17,-69.25,-31.81,150.0,3.2,md,guc
2007-07-29,12:49:02,-70.38,-30.24,98.2,3.4,md,guc
2007-07-29,15:07:29,-68.27,-32.02,56.7,4.0,md,sja
2007-07-29,15:59:48,-66.3,-22.78,217.7,3.7,mb,us
2007-07-29,16:57:49,-71.31,-34.72,81.5,3.8,md,guc
2007-07-29,17:51:30,-69.9,-31.76,141.0,4.5,mb,us
2007-07-29,19:31:03,-71.57,-30.36,40.7,3.8,md,guc
2007-07-29,21:02:55,-70.23,-33.3,113.9,2.9,md,guc
2007-07-30,00:39:16,-68.67,-31.22,142.0,3.2,m,guc
2007-07-30,01:41:59,-69.0,-31.2,150.0,3.2,m,guc
2007-07-30,05:38:07,-71.04,-27.84,42.0,3.7,md,guc
2007-07-30,06:06:50,-103.85,-35.52,10.0,5.5,mwb,us
2007-07-30,06:42:42,-68.38,-33.34,38.4,4.3,md,guc
2007-07-30,08:20:30,-70.62,-17.18,33.8,4.9,mb,us
2007-07-30,09:02:29,-66.98,-24.26,179.3,0.0,,us
2007-07-30,11:39:06,-74.48,-7.81,157.5,0.0,,us
2007-07-30,15:37:26,-71.31,-30.62,42.3,4.2,md,guc
2007-07-30,19:45:48,-68.9,-22.64,88.4,0.0,,us
2007-07-30,20:27:39,-71.86,-33.45,39.7,3.4,md,guc
2007-07-31,02:19:42,-113.41,-21.8,10.0,4.4,mb,us
2007-07-31,02:42:17,-68.32,-31.16,113.5,4.1,m,guc
2007-07-31,05:05:08,-72.25,-33.01,35.5,3.8,md,guc
2007-07-31,08:01:42,-71.79,-32.66,29.5,2.6,ml,guc
2007-07-31,09:03:04,-71.91,-31.72,27.0,3.0,ml,guc
2007-07-31,09:15:37,-71.34,-31.58,73.1,3.2,md,guc
2007-07-31,15:03:25,-72.23,-33.14,32.0,2.7,ml,guc
2007-07-31,17:44:56,-70.48,-26.03,53.7,3.7,md,guc
2007-07-31,21:32:43,-72.05,-29.97,8.0,3.4,ml,guc
2007-08-01,01:12:07,-67.0,-24.35,159.7,4.0,mb,us
2007-08-01,02:45:48,-71.61,-31.69,32.0,4.0,mb,us
2007-08-01,03:14:31,-68.84,-20.62,117.3,3.6,mb,us
2007-08-01,03:15:05,-71.36,-35.86,102.8,3.5,md,guc
2007-08-01,07:36:29,-71.02,-15.39,51.0,4.4,mb,us
2007-08-01,09:33:30,-70.89,-33.95,83.4,2.8,md,guc
2007-08-01,13:54:35,-71.65,-30.87,33.9,2.6,ml,guc
2007-08-02,00:45:15,-67.12,-21.95,180.5,4.1,mb,us
2007-08-02,04:41:03,-71.64,-31.48,27.2,3.5,ml,guc
2007-08-02,06:49:08,-66.93,-31.62,125.1,4.7,mb,us
2007-08-02,08:55:27,-77.98,-11.0,59.7,4.3,m,lim
2007-08-02,10:16:58,-71.32,-32.44,14.8,2.7,ml,guc
2007-08-02,12:51:43,-71.2,-31.78,64.2,0.0,,us
2007-08-02,22:12:16,-69.12,-23.54,90.0,4.7,mb,us
2007-08-02,22:31:46,-71.91,-32.99,1.2,3.0,md,guc
2007-08-03,01:04:40,-72.89,-36.55,34.9,3.1,ml,guc
2007-08-03,03:32:04,-74.72,-12.82,87.7,4.4,mb,us
2007-08-03,05:19:36,-106.49,-35.46,10.0,4.5,mb,us
2007-08-03,05:25:27,-71.37,-29.28,36.7,3.4,md,guc
2007-08-03,08:46:57,-69.74,-33.33,22.1,2.7,ml,guc
2007-08-03,10:05:26,-71.04,-32.17,70.5,3.5,md,guc
2007-08-03,11:25:06,-69.34,-27.69,88.1,3.7,m,guc
2007-08-03,12:20:15,-70.69,-28.57,51.8,3.6,m,guc
2007-08-03,19:02:52,-71.78,-32.61,34.3,2.6,ml,guc
2007-08-03,21:20:29,-70.67,-31.64,37.9,2.7,ml,guc
2007-08-04,03:29:01,-68.44,-21.5,115.0,4.6,mb,us
2007-08-04,03:45:12,-71.72,-32.25,11.3,3.3,ml,guc
2007-08-04,07:06:03,-71.18,-35.41,106.7,2.5,md,guc
2007-08-04,10:37:53,-71.51,-32.68,1.2,3.1,md,guc
2007-08-04,15:27:31,-107.6,-34.92,10.0,4.5,mb,us
2007-08-04,17:56:59,-68.35,-22.27,118.8,5.3,mwc,gcmt
2007-08-04,18:36:30,-70.86,-27.83,42.9,3.1,md,guc
2007-08-04,23:47:52,-71.14,-30.82,64.9,3.8,m,guc
2007-08-05,03:22:20,-70.27,-32.7,106.7,2.5,md,guc
2007-08-05,05:20:44,-70.83,-32.18,80.8,2.8,md,guc
2007-08-05,06:25:02,-75.34,-10.76,27.1,4.7,mb,us
2007-08-05,06:30:05,-70.45,-32.8,90.6,2.6,md,guc
2007-08-05,07:19:42,-71.25,-33.17,47.7,3.1,md,guc
2007-08-05,09:54:02,-74.45,-8.0,140.5,4.2,mb,us
2007-08-05,10:12:40,-72.85,-35.3,7.3,3.1,ml,guc
2007-08-05,10:39:28,-71.87,-32.09,21.0,2.6,ml,guc
2007-08-05,16:54:04,-72.17,-33.04,35.1,3.1,md,guc
2007-08-05,17:01:45,-70.73,-28.27,4.3,2.5,ml,guc
2007-08-05,17:31:06,-69.24,-28.02,88.0,3.0,md,guc
2007-08-05,19:31:07,-73.33,-37.62,36.0,3.9,md,guc
2007-08-05,20:55:39,-114.1,-20.58,10.0,5.1,mwc,gcmt
2007-08-05,23:31:05,-75.86,-45.26,39.8,3.9,mb,us
2007-08-06,00:25:41,-70.79,-36.13,207.6,3.9,m,guc
2007-08-06,03:22:25,-71.84,-30.91,5.5,2.8,ml,guc
2007-08-06,05:00:55,-71.35,-28.32,15.0,2.8,ml,guc
2007-08-06,16:56:41,-70.72,-34.98,120.4,3.0,md,guc
2007-08-06,17:15:27,-87.21,-48.32,10.0,3.9,mb,us
2007-08-07,08:58:54,-70.32,-34.56,127.9,2.6,md,guc
2007-08-07,09:39:10,-73.02,-32.91,18.8,3.5,ml,guc
2007-08-07,16:01:33,-70.79,-34.7,94.4,3.5,md,guc
2007-08-07,17:43:22,-67.06,-24.03,200.0,3.5,mb,us
2007-08-07,23:33:08,-71.42,-32.89,45.7,3.3,md,guc
2007-08-08,01:07:12,-69.84,-31.68,139.4,3.6,md,guc
2007-08-08,06:25:49,-71.69,-32.05,36.8,3.9,md,guc
2007-08-08,07:23:07,-71.68,-32.06,32.8,2.5,ml,guc
2007-08-08,09:20:04,-66.45,-28.86,10.0,4.2,md,sja
2007-08-08,12:03:13,-66.37,-22.94,223.0,4.4,mb,us
2007-08-08,14:14:20,-71.6,-32.48,32.7,5.3,mwc,gcmt
2007-08-08,14:17:41,-71.75,-32.5,26.3,4.7,mb,us
2007-08-08,14:28:14,-71.7,-32.49,27.5,3.2,ml,guc
2007-08-08,14:33:39,-71.72,-32.5,15.0,2.7,ml,guc
2007-08-08,16:41:58,-69.59,-31.45,147.5,3.5,m,guc
2007-08-08,16:50:57,-70.52,-32.02,106.3,3.0,md,guc
2007-08-08,18:09:40,-71.68,-32.49,24.9,3.5,ml,guc
2007-08-08,18:22:48,-68.97,-33.14,10.1,2.6,ml,guc
2007-08-08,19:21:58,-71.73,-32.49,35.6,4.0,md,guc
2007-08-08,20:13:50,-63.28,-27.28,560.5,4.6,mb,us
2007-08-09,03:02:37,-71.69,-32.48,27.8,2.5,ml,guc
2007-08-09,04:12:22,-70.47,-22.1,64.4,3.9,mb,us
2007-08-09,10:20:33,-69.8,-31.54,141.7,3.2,md,guc
2007-08-09,16:11:53,-71.71,-32.5,25.7,3.4,ml,guc
2007-08-09,16:29:42,-69.64,-31.52,148.5,3.6,md,guc
2007-08-09,18:59:12,-115.75,-50.25,10.0,5.1,mwc,gcmt
2007-08-09,23:54:20,-70.44,-23.27,40.0,4.5,mb,us
2007-08-10,02:09:37,-71.16,-35.55,135.0,2.6,md,guc
2007-08-10,13:47:54,-70.06,-34.3,17.2,2.6,md,guc
2007-08-10,15:20:38,-69.97,-17.23,35.0,4.0,mb,us
2007-08-10,19:19:41,-67.4,-22.53,148.6,4.7,mb,us
2007-08-10,20:43:16,-102.9,-35.85,10.0,5.3,mwc,gcmt
2007-08-10,20:51:24,-74.47,-8.22,169.6,0.0,,us
2007-08-10,22:24:38,-71.0,-31.71,9.2,2.6,ml,guc
2007-08-11,00:59:24,-71.72,-31.44,31.8,2.7,ml,guc
2007-08-11,02:36:20,-69.34,-31.18,9.3,2.9,ml,guc
2007-08-11,07:20:45,-71.92,-32.84,15.0,3.4,md,guc
2007-08-11,08:46:04,-67.24,-24.32,200.0,4.4,mb,us
2007-08-11,19:54:12,-71.02,-27.73,35.3,3.4,ml,guc
2007-08-11,21:12:07,-68.63,-32.27,150.0,3.0,m,guc
2007-08-12,00:09:57,-68.36,-31.53,98.6,4.1,m,guc
2007-08-12,03:29:49,-91.61,-41.01,10.0,4.2,mb,us
2007-08-12,04:33:54,-71.86,-33.12,23.3,3.0,ml,guc
2007-08-12,05:40:29,-67.31,-21.05,180.1,0.0,,us
2007-08-12,05:45:28,-71.58,-31.01,55.0,3.5,md,guc
2007-08-12,08:49:19,-71.81,-32.12,27.9,2.5,ml,guc
2007-08-12,09:28:49,-70.92,-32.79,70.2,2.7,md,guc
2007-08-12,11:20:50,-68.9,-18.21,146.1,0.0,,us
2007-08-12,12:21:03,-67.18,-24.22,163.1,3.6,mb,us
2007-08-12,15:24:57,-68.01,-21.48,114.4,3.5,mb,us
2007-08-12,15:27:09,-71.54,-32.35,42.8,3.6,md,guc
2007-08-12,15:36:13,-71.87,-32.49,10.0,3.8,ml,guc
2007-08-12,17:07:06,-70.82,-28.32,22.1,3.3,ml,guc
2007-08-12,17:19:04,-69.69,-31.8,139.9,3.1,md,guc
2007-08-12,19:12:51,-71.69,-32.46,15.0,2.5,ml,guc
2007-08-12,19:40:28,-70.26,-28.4,91.8,3.8,m,guc
2007-08-12,21:42:40,-71.34,-32.44,44.6,3.7,md,guc
2007-08-12,23:00:04,-70.27,-32.63,105.2,3.0,md,guc
2007-08-13,00:54:03,-69.78,-27.56,81.5,3.8,m,guc
2007-08-13,02:24:26,-69.81,-31.3,152.2,3.2,m,guc
2007-08-13,05:17:38,-71.11,-29.34,45.0,2.5,m,guc
2007-08-13,05:26:21,-70.94,-35.32,108.1,3.5,md,guc
2007-08-13,06:00:16,-70.42,-14.06,51.0,4.7,mb,us
2007-08-13,07:06:45,-72.46,-34.32,37.1,3.5,md,guc
2007-08-13,09:48:50,-69.18,-31.25,148.7,3.4,m,guc
2007-08-13,09:57:55,-70.08,-34.39,17.6,2.7,md,guc
2007-08-13,12:03:44,-71.23,-32.95,51.8,3.1,md,guc
2007-08-13,12:27:54,-71.09,-33.04,46.2,3.0,md,guc
2007-08-13,13:41:54,-70.84,-28.61,33.6,3.9,ml,guc
2007-08-13,14:38:56,-69.49,-27.42,103.8,3.6,md,guc
2007-08-13,20:46:52,-66.26,-21.76,251.9,4.3,mb,us
2007-08-13,21:47:41,-69.91,-28.92,108.3,3.4,md,guc
2007-08-14,00:06:25,-70.85,-31.42,33.1,2.8,ml,guc
2007-08-14,05:42:43,-66.73,-23.68,194.4,4.8,mb,us
2007-08-14,07:46:29,-69.84,-19.36,64.0,0.0,,us
2007-08-14,09:54:34,-72.21,-35.14,6.3,2.9,ml,guc
2007-08-14,17:00:20,-74.9,-37.2,18.7,4.5,mb,us
2007-08-14,17:15:39,-69.79,-17.22,41.9,4.4,mb,us
2007-08-14,18:33:25,-68.25,-21.62,117.4,4.5,mb,us
2007-08-14,19:55:58,-71.04,-33.84,74.1,3.3,md,guc
2007-08-14,22:43:10,-71.92,-34.78,32.6,2.5,ml,guc
2007-08-14,22:43:22,-66.62,-21.63,231.2,3.8,mb,us
2007-08-15,03:13:18,-66.72,-23.9,191.1,4.0,m,guc
2007-08-15,06:48:57,-80.4,-7.18,56.1,3.7,mb,us
2007-08-15,11:05:21,-71.41,-29.89,51.8,3.8,md,guc
2007-08-15,12:00:50,-69.13,-20.74,80.9,4.3,mb,us
2007-08-15,13:13:18,-70.4,-33.28,102.9,2.5,md,guc
2007-08-15,15:03:22,-75.12,-37.28,10.0,3.8,md,guc
2007-08-15,15:51:30,-70.03,-33.46,117.7,3.1,md,guc
2007-08-15,16:23:39,-72.33,-34.53,26.5,2.5,ml,guc
2007-08-15,19:04:36,-68.72,-20.92,116.1,4.5,mb,us
2007-08-15,19:08:03,-67.64,-24.39,199.5,4.1,m,guc
2007-08-15,22:43:36,-71.12,-29.95,85.1,4.2,mb,us
2007-08-15,23:40:58,-76.6,-13.39,39.0,8.0,mwc,gcmt
2007-08-15,23:57:33,-76.75,-13.36,35.0,5.1,mb,us
2007-08-15,23:59:28,-76.22,-14.22,31.7,4.9,mb,us
2007-08-16,00:01:41,-76.8,-13.38,30.9,5.0,mb,us
2007-08-16,00:02:41,-76.49,-13.26,39.6,5.6,mb,us
2007-08-16,00:08:02,-76.45,-13.86,35.0,4.9,mb,us
2007-08-16,00:15:24,-76.39,-13.71,35.0,4.9,mb,us
2007-08-16,00:19:14,-75.94,-14.23,35.0,5.8,mb,us
2007-08-16,00:22:48,-76.72,-13.32,37.1,4.9,mb,us
2007-08-16,00:24:37,-76.2,-14.13,41.6,5.3,mb,us
2007-08-16,00:32:14,-77.12,-13.48,28.0,4.6,mb,us
2007-08-16,00:40:13,-76.7,-14.21,37.2,4.6,mb,us
2007-08-16,00:48:42,-76.47,-13.24,35.0,4.3,mb,us
2007-08-16,00:48:57,-77.08,-13.47,38.0,4.2,mb,us
2007-08-16,00:52:16,-75.85,-14.42,36.6,4.7,mb,us
2007-08-16,01:02:23,-76.6,-13.36,34.4,5.8,mb,us
2007-08-16,01:06:18,-76.84,-13.57,35.9,5.2,mb,us
2007-08-16,01:16:05,-76.18,-14.48,42.1,4.2,mb,us
2007-08-16,01:16:53,-76.15,-13.58,31.9,4.5,mb,us
2007-08-16,01:28:27,-76.25,-14.42,29.8,4.1,mb,us
2007-08-16,01:35:38,-76.76,-14.18,24.6,5.4,mb,us
2007-08-16,02:00:20,-76.84,-14.08,35.9,4.3,mb,us
2007-08-16,02:05:14,-70.72,-33.01,89.3,2.7,md,guc
2007-08-16,02:11:34,-76.35,-14.16,35.4,4.0,mb,us
2007-08-16,02:17:09,-76.07,-13.73,41.6,5.0,mb,us
2007-08-16,02:43:57,-77.31,-13.24,26.5,4.2,mb,us
2007-08-16,02:50:06,-76.15,-13.53,24.6,4.2,mb,us
2007-08-16,02:54:20,-76.58,-13.54,41.2,5.0,mb,us
2007-08-16,02:58:25,-76.87,-13.44,30.4,4.2,mb,us
2007-08-16,03:04:37,-76.57,-14.2,21.8,4.4,mb,us
2007-08-16,03:26:32,-76.8,-13.27,38.2,4.6,mb,us
2007-08-16,03:28:21,-76.74,-13.5,29.3,4.5,mb,us
2007-08-16,03:34:51,-76.81,-13.42,36.2,3.7,mb,us
2007-08-16,03:46:17,-77.25,-13.56,29.1,4.5,mb,us
2007-08-16,04:04:09,-76.59,-13.58,36.0,5.6,mb,us
2007-08-16,04:08:58,-69.77,-34.09,16.8,2.6,ml,guc
2007-08-16,04:16:50,-77.02,-13.41,24.8,5.0,mb,us
2007-08-16,04:20:44,-76.2,-13.7,35.0,3.9,mb,us
2007-08-16,04:23:15,-75.78,-13.63,11.2,5.2,mb,us
2007-08-16,04:41:17,-75.75,-14.6,35.0,0.0,,us
2007-08-16,05:00:36,-69.76,-31.56,140.6,3.1,md,guc
2007-08-16,05:07:39,-77.16,-13.61,45.5,0.0,,us
2007-08-16,05:08:44,-77.34,-13.41,35.0,4.4,mb,us
2007-08-16,05:12:04,-75.83,-13.97,35.0,4.0,mb,us
2007-08-16,05:16:56,-76.13,-14.28,23.4,6.4,mwc,gcmt
2007-08-16,05:33:04,-77.19,-13.38,23.0,4.5,mb,us
2007-08-16,05:35:09,-76.24,-13.85,23.5,4.1,mb,us
2007-08-16,05:47:02,-76.48,-14.28,20.4,0.0,,us
2007-08-16,06:05:41,-76.51,-13.98,43.8,4.2,mb,us
2007-08-16,06:09:14,-76.83,-13.6,35.0,4.3,mb,us
2007-08-16,06:10:45,-76.68,-13.87,26.0,4.9,mb,us
2007-08-16,06:18:30,-76.55,-13.72,23.0,4.4,mb,us
2007-08-16,06:43:14,-76.82,-13.44,23.0,4.5,mb,us
2007-08-16,06:43:56,-71.19,-35.02,84.4,2.5,md,guc
2007-08-16,06:48:19,-76.75,-13.88,35.0,4.4,mb,us
2007-08-16,07:36:57,-77.12,-13.39,27.5,0.0,,us
2007-08-16,07:43:32,-70.03,-34.13,4.9,3.1,md,guc
2007-08-16,07:46:46,-77.03,-13.45,25.3,4.6,mb,us
2007-08-16,08:17:26,-76.7,-14.2,35.0,4.3,mb,us
2007-08-16,08:32:42,-76.0,-14.22,35.0,4.3,mb,us
2007-08-16,08:35:10,-74.65,-36.46,22.6,3.8,ml,guc
2007-08-16,08:36:07,-77.11,-13.75,25.1,4.6,mb,us
2007-08-16,08:58:55,-67.98,-22.02,95.6,4.4,mb,us
2007-08-16,09:02:09,-76.19,-14.26,35.0,5.0,mb,us
2007-08-16,09:06:36,-76.6,-13.93,35.0,0.0,,us
2007-08-16,09:43:52,-76.06,-14.07,35.0,5.3,mb,us
2007-08-16,09:54:27,-71.49,-32.45,19.6,2.5,ml,guc
2007-08-16,10:27:48,-76.96,-13.63,35.0,0.0,,us
2007-08-16,10:36:11,-71.71,-32.73,27.9,3.5,ml,guc
2007-08-16,10:48:09,-76.88,-13.68,35.0,0.0,,us
2007-08-16,10:51:33,-76.36,-14.37,35.0,0.0,,us
2007-08-16,11:04:01,-76.07,-13.92,35.0,0.0,,us
2007-08-16,11:35:29,-75.82,-14.23,35.0,5.0,mb,us
2007-08-16,11:35:42,-76.21,-14.29,35.0,6.0,mwc,gcmt
2007-08-16,11:44:30,-72.02,-32.41,0.0,3.0,ml,guc
2007-08-16,12:03:13,-76.33,-14.55,35.0,4.5,mb,us
2007-08-16,12:43:00,-69.57,-33.1,8.0,2.5,ml,guc
2007-08-16,13:01:48,-77.24,-13.42,26.6,4.4,mb,us
2007-08-16,13:06:35,-76.27,-14.33,10.0,4.6,mb,us
2007-08-16,13:54:30,-76.92,-13.38,28.6,4.3,mb,us
2007-08-16,14:36:14,-76.29,-14.36,22.2,4.7,mb,us
2007-08-16,15:06:45,-72.11,-32.44,0.7,2.8,ml,guc
2007-08-16,15:11:23,-76.72,-13.45,33.5,5.3,mwc,gcmt
2007-08-16,17:49:10,-76.12,-14.38,24.6,4.9,mb,us
2007-08-16,18:37:09,-76.38,-14.33,35.0,0.0,,us
2007-08-16,20:35:34,-71.78,-34.78,40.9,4.7,mb,us
2007-08-16,20:54:04,-67.19,-20.86,187.2,4.5,mb,us
2007-08-16,21:05:59,-114.77,-13.2,10.0,4.6,mb,us
2007-08-16,22:49:47,-76.62,-13.51,38.2,4.9,mb,us
2007-08-17,00:31:43,-76.13,-14.43,30.9,5.5,mwc,gcmt
2007-08-17,00:51:23,-75.98,-14.46,46.8,5.4,mwc,gcmt
2007-08-17,01:17:50,-76.08,-14.4,29.4,4.4,mb,us
2007-08-17,01:37:10,-69.36,-31.6,150.0,3.1,md,guc
2007-08-17,01:45:26,-76.67,-14.12,35.0,4.2,mb,us
2007-08-17,01:46:11,-76.55,-13.8,44.5,4.4,mb,us
2007-08-17,01:58:16,-76.86,-13.82,29.1,4.3,mb,us
2007-08-17,02:54:17,-76.09,-14.21,20.1,5.0,mb,us
2007-08-17,03:04:23,-77.05,-13.61,35.0,3.9,mb,us
2007-08-17,03:25:45,-75.89,-14.66,35.0,4.5,mb,us
2007-08-17,04:03:23,-76.2,-14.72,13.5,4.5,mb,us
2007-08-17,05:13:06,-76.51,-14.32,35.0,4.4,mb,us
2007-08-17,06:18:05,-76.09,-14.18,19.8,5.6,mwc,gcmt
2007-08-17,08:24:34,-76.38,-14.32,38.1,4.2,mb,us
2007-08-17,09:09:03,-71.77,-34.79,38.3,3.6,md,guc
2007-08-17,10:07:27,-76.9,-13.64,35.0,4.6,mb,us
2007-08-17,12:07:50,-77.2,-13.55,35.0,4.2,mb,us
2007-08-17,12:13:11,-76.39,-14.44,35.0,4.6,mb,us
2007-08-17,12:25:51,-71.69,-32.69,2.6,2.9,ml,guc
2007-08-17,13:00:14,-76.02,-13.86,35.0,4.4,mb,us
2007-08-17,13:05:16,-76.37,-14.57,35.0,4.5,mb,us
2007-08-17,13:18:13,-76.6,-13.6,48.5,5.9,mwc,gcmt
2007-08-17,15:31:26,-76.85,-13.45,35.0,4.7,mb,us
2007-08-17,19:14:45,-77.16,-13.35,42.8,4.8,mb,us
2007-08-17,20:53:32,-69.86,-17.23,43.5,4.2,mb,us
2007-08-17,21:18:42,-76.39,-14.48,35.0,4.2,mb,us
2007-08-17,21:28:37,-76.6,-13.98,35.0,4.3,ml,lim
2007-08-17,21:38:05,-76.68,-14.67,40.2,4.7,mb,us
2007-08-17,22:05:37,-76.34,-14.48,35.0,4.6,mb,us
2007-08-17,22:49:06,-69.63,-31.54,129.4,3.1,m,guc
2007-08-17,23:05:59,-70.13,-17.01,43.8,4.4,mb,us
2007-08-18,00:52:23,-76.89,-13.63,35.0,4.3,mb,us
2007-08-18,01:04:25,-76.26,-14.34,35.0,3.8,mb,us
2007-08-18,01:07:24,-76.76,-13.59,18.7,4.3,mb,us
2007-08-18,02:50:04,-76.36,-13.88,39.4,4.4,mb,us
2007-08-18,02:52:35,-76.29,-13.8,30.0,6.0,mwc,gcmt
2007-08-18,03:32:35,-75.91,-14.05,35.0,4.1,mb,us
2007-08-18,04:55:32,-68.72,-20.35,127.0,3.6,mb,us
2007-08-18,06:02:08,-76.79,-13.36,35.0,0.0,,us
2007-08-18,06:21:37,-76.74,-14.18,35.0,5.0,mb,us
2007-08-18,08:12:22,-77.21,-5.86,20.0,4.7,mb,us
2007-08-18,08:41:02,-67.25,-24.32,210.0,4.4,mb,us
2007-08-18,11:20:19,-76.33,-14.82,1.0,4.5,mb,us
2007-08-18,11:51:14,-70.04,-33.48,6.8,3.4,md,guc
2007-08-18,14:18:02,-69.41,-18.05,35.0,4.1,mb,us
2007-08-18,14:27:20,-69.44,-17.95,35.0,4.1,mb,us
2007-08-18,18:01:04,-70.93,-32.9,69.8,3.2,md,guc
2007-08-18,18:58:24,-71.68,-30.62,21.9,2.8,ml,guc
2007-08-18,20:01:37,-76.6,-13.82,35.0,4.5,mb,us
2007-08-18,20:07:43,-69.97,-31.74,132.2,2.8,md,guc
2007-08-18,23:29:08,-70.0,-31.53,129.6,2.7,m,guc
2007-08-18,23:43:30,-70.68,-32.98,88.8,2.9,m,guc
2007-08-19,00:54:32,-76.81,-13.61,35.0,0.0,,us
2007-08-19,00:56:20,-76.54,-13.63,35.0,5.1,mb,us
2007-08-19,01:22:38,-76.62,-13.62,11.0,5.8,mwc,gcmt
2007-08-19,01:25:41,-76.46,-13.75,35.0,5.1,mb,us
2007-08-19,01:40:13,-76.52,-13.53,30.9,4.3,mb,us
2007-08-19,05:06:25,-76.69,-13.6,19.8,4.6,mb,us
2007-08-19,07:16:10,-76.64,-13.62,35.0,4.6,mb,us
2007-08-19,07:22:47,-69.86,-32.19,149.1,2.7,md,guc
2007-08-19,07:42:24,-72.54,-45.71,35.0,5.0,mb,us
2007-08-19,07:51:43,-66.73,-20.47,219.7,3.5,mb,us
2007-08-19,08:35:04,-76.6,-14.18,35.0,0.0,,us
2007-08-19,09:20:48,-76.69,-13.74,24.7,4.7,mb,us
2007-08-19,16:12:45,-69.75,-17.3,51.3,4.0,mb,us
2007-08-19,16:29:09,-71.69,-32.52,12.0,2.6,ml,guc
2007-08-19,16:38:07,-76.82,-13.61,25.0,4.2,mb,us
2007-08-19,20:11:44,-76.5,-13.63,35.0,5.6,mwc,gcmt
2007-08-19,21:18:15,-76.28,-14.45,35.0,4.6,mb,us
2007-08-19,23:22:23,-77.39,-13.74,35.0,4.1,mb,us
2007-08-20,01:07:16,-75.69,-13.75,74.8,0.0,,us
2007-08-20,02:16:47,-76.57,-14.36,35.0,4.4,mb,us
2007-08-20,09:08:09,-76.91,-13.5,48.2,4.2,mb,us
2007-08-20,10:10:45,-76.46,-14.25,23.2,4.8,mb,us
2007-08-20,12:00:23,-77.22,-13.38,35.0,4.2,mb,us
2007-08-20,12:29:08,-69.75,-31.78,128.5,3.4,m,guc
2007-08-20,14:21:29,-77.12,-13.44,33.8,0.0,,us
2007-08-20,18:30:18,-74.18,-8.38,155.0,4.7,mb,us
2007-08-20,18:51:54,-76.44,-13.54,35.0,4.7,mb,us
2007-08-20,21:01:28,-66.45,-19.72,221.9,5.4,mwc,gcmt
2007-08-20,21:06:44,-66.6,-19.76,249.3,4.3,mb,us
2007-08-20,21:23:59,-76.4,-13.74,29.6,5.2,mb,us
2007-08-20,21:52:42,-71.78,-40.41,49.6,4.8,mb,us
2007-08-21,00:35:25,-67.73,-29.65,10.0,4.0,mb,us
2007-08-21,07:57:06,-76.84,-13.5,35.0,4.5,mb,us
2007-08-21,09:36:17,-70.03,-33.07,105.2,2.8,md,guc
2007-08-21,10:01:01,-76.84,-13.94,34.7,4.8,mb,us
2007-08-21,18:18:24,-76.22,-14.32,16.7,4.5,mb,us
2007-08-21,19:33:06,-70.39,-14.36,88.4,3.9,mb,us
2007-08-21,20:37:49,-76.26,-13.69,35.0,5.3,mwc,gcmt
2007-08-21,21:32:25,-76.94,-13.62,29.3,5.3,mwc,gcmt
2007-08-22,05:28:22,-76.85,-14.58,35.0,4.5,mb,us
2007-08-22,06:47:25,-77.11,-13.36,48.5,4.2,mb,us
2007-08-22,11:03:21,-70.79,-33.73,81.3,2.5,md,guc
2007-08-22,16:19:33,-68.66,-31.84,156.5,3.3,md,guc
2007-08-22,17:25:33,-76.3,-14.25,35.0,4.7,mb,us
2007-08-22,21:08:22,-68.84,-20.83,115.0,4.4,mb,us
2007-08-23,00:37:02,-71.33,-34.37,68.5,3.1,md,guc
2007-08-23,05:28:33,-72.15,-32.38,34.1,2.9,ml,guc
2007-08-23,06:53:40,-77.02,-13.25,35.0,0.0,,us
2007-08-23,09:45:48,-76.95,-13.64,35.0,4.7,mb,us
2007-08-23,10:49:22,-71.49,-31.74,38.3,4.7,mb,us
2007-08-23,14:26:37,-71.62,-32.19,0.0,2.8,ml,guc
2007-08-24,01:47:09,-77.07,-13.74,27.0,4.4,mb,us
2007-08-24,03:11:33,-72.07,-39.08,139.5,4.0,m,guc
2007-08-24,03:28:22,-70.42,-34.47,108.8,2.8,md,guc
2007-08-24,04:58:29,-75.53,-12.62,35.0,3.8,mb,us
2007-08-24,05:28:30,-66.08,-22.79,234.4,4.0,mb,us
2007-08-24,07:21:21,-67.86,-21.16,145.5,4.0,mb,us
2007-08-24,11:41:52,-67.39,-19.02,231.8,4.2,mb,us
2007-08-24,12:21:12,-71.64,-32.19,6.6,2.6,ml,guc
2007-08-24,14:41:18,-68.87,-19.98,125.6,0.0,,us
2007-08-24,16:09:43,-69.71,-32.18,135.0,3.2,md,guc
2007-08-24,18:56:34,-74.19,-8.18,138.0,4.4,mb,us
2007-08-24,20:13:15,-76.62,-14.12,10.3,0.0,,us
2007-08-25,00:22:56,-69.9,-31.56,160.9,3.2,m,guc
2007-08-25,02:53:19,-67.48,-24.31,200.0,4.2,m,guc
2007-08-25,06:51:01,-72.06,-31.8,24.3,3.6,ml,guc
2007-08-25,07:11:25,-66.9,-24.18,177.2,0.0,,us
2007-08-25,11:04:03,-70.01,-17.25,34.7,0.0,,us
2007-08-25,14:00:16,-69.39,-17.24,170.5,4.0,mb,us
2007-08-25,15:59:01,-71.11,-32.34,63.2,2.6,md,guc
2007-08-25,18:41:39,-76.84,-13.7,3.6,4.7,mb,us
2007-08-26,01:07:25,-68.74,-32.03,150.0,3.5,md,guc
2007-08-26,08:46:46,-71.55,-30.93,38.5,2.9,m,guc
2007-08-26,09:27:42,-71.81,-32.74,23.5,2.7,ml,guc
2007-08-26,10:18:52,-71.2,-32.84,35.5,3.4,ml,guc
2007-08-26,10:25:34,-77.12,-13.59,37.7,3.8,mb,us
2007-08-26,11:49:36,-71.72,-32.72,23.6,3.4,ml,guc
2007-08-26,12:09:33,-71.68,-32.73,27.6,2.5,ml,guc
2007-08-26,12:50:15,-76.68,-13.54,20.8,4.5,mb,us
2007-08-26,17:58:23,-74.27,-8.09,150.2,4.9,mb,us
2007-08-26,19:22:47,-77.6,-12.16,35.0,4.1,ml,lim
2007-08-26,20:40:58,-68.09,-32.91,25.0,3.2,ml,guc
2007-08-26,23:15:45,-76.27,-14.32,37.4,4.3,mb,us
2007-08-27,05:40:32,-71.82,-16.29,10.0,4.6,mb,us
2007-08-27,08:05:04,-71.42,-30.87,60.5,3.0,md,guc
2007-08-27,14:57:24,-76.92,-14.41,10.0,0.0,,us
2007-08-27,23:12:38,-70.38,-17.12,116.1,4.3,mb,us
2007-08-27,23:21:25,-70.8,-23.92,47.8,4.5,md,guc
2007-08-28,01:48:03,-66.61,-21.48,221.1,4.4,mb,us
2007-08-28,09:52:39,-67.08,-24.21,164.5,4.5,mb,us
2007-08-28,09:57:00,-72.12,-33.94,39.0,3.6,md,guc
2007-08-28,18:17:36,-76.34,-13.22,68.7,4.5,mb,us
2007-08-29,07:09:55,-111.78,-13.07,10.0,4.9,mwc,gcmt
2007-08-29,08:19:49,-74.05,-8.36,155.0,4.7,mb,us
2007-08-29,14:14:43,-76.8,-14.29,10.0,4.2,mb,us
2007-08-29,15:08:31,-70.47,-26.18,50.0,3.5,m,guc
2007-08-29,15:37:18,-70.35,-33.96,114.0,2.6,md,guc
2007-08-29,16:18:11,-68.36,-20.95,134.2,5.5,mwc,gcmt
2007-08-29,18:11:06,-68.74,-20.2,123.6,3.9,mb,us
2007-08-29,18:50:42,-71.79,-32.76,42.3,3.5,md,guc
2007-08-29,19:48:46,-71.28,-29.61,71.6,3.9,m,guc
2007-08-30,02:40:55,-76.39,-14.45,1.1,4.4,mb,us
2007-08-30,05:50:54,-71.56,-36.72,0.0,3.6,ml,guc
2007-08-30,09:20:43,-76.81,-13.83,35.0,4.0,mb,us
2007-08-30,11:06:24,-72.56,-34.95,0.0,3.1,ml,guc
2007-08-30,12:59:15,-69.99,-34.18,10.3,3.6,ml,guc
2007-08-30,23:48:07,-70.05,-34.27,0.0,2.6,ml,guc
2007-08-31,01:45:52,-69.8,-31.22,152.0,3.1,md,guc
2007-08-31,01:59:36,-71.73,-30.75,35.4,3.6,md,guc
2007-08-31,05:20:46,-70.38,-21.19,48.6,4.0,mb,us
2007-08-31,07:43:40,-68.62,-20.07,120.8,4.0,mb,us
2007-08-31,11:21:44,-71.7,-32.47,13.5,2.6,ml,guc
2007-08-31,12:46:51,-74.3,-15.86,53.4,4.2,mb,us
2007-08-31,15:03:38,-70.59,-30.59,121.8,3.1,md,guc
2007-08-31,23:13:15,-68.35,-22.3,110.7,4.0,mb,us
2007-09-01,02:02:41,-70.77,-35.4,50.5,3.3,md,guc
2007-09-01,04:27:03,-71.79,-32.58,15.5,3.1,ml,guc
2007-09-01,08:06:20,-76.93,-13.74,29.2,4.4,mb,us
2007-09-01,13:13:22,-70.56,-33.57,87.1,2.7,md,guc
2007-09-01,14:12:29,-76.35,-14.46,35.0,4.6,mb,us
2007-09-01,14:12:50,-71.12,-34.76,77.0,2.5,md,guc
2007-09-01,15:00:10,-67.32,-31.09,150.0,4.5,mb,us
2007-09-01,22:18:31,-76.01,-14.52,35.0,4.3,mb,us
2007-09-01,22:40:04,-71.26,-35.45,110.8,4.1,m,guc
2007-09-02,00:14:39,-66.97,-24.26,164.4,4.4,mb,us
2007-09-02,07:08:08,-70.28,-34.19,117.5,3.4,md,guc
2007-09-02,07:39:47,-71.62,-31.69,34.5,4.8,ml,guc
2007-09-02,09:10:41,-66.99,-24.34,161.9,4.6,mb,us
2007-09-02,11:27:14,-69.0,-19.4,127.8,3.7,mb,us
2007-09-02,17:19:36,-71.22,-32.88,49.2,3.2,md,guc
2007-09-02,21:28:24,-70.6,-31.71,3.3,2.6,ml,guc
2007-09-02,23:53:30,-67.47,-31.87,35.0,4.9,mb,us
2007-09-03,01:05:16,-72.31,-34.71,26.5,3.1,ml,guc
2007-09-03,02:56:18,-76.51,-14.26,35.0,4.0,mb,us
2007-09-03,09:20:30,-70.73,-32.02,109.8,2.9,md,guc
2007-09-03,09:34:14,-68.98,-18.23,140.6,4.9,mb,us
2007-09-03,09:35:44,-70.48,-25.03,54.5,4.7,mb,us
2007-09-03,12:37:45,-69.67,-31.46,143.6,3.2,md,guc
2007-09-03,17:38:43,-71.65,-29.97,39.7,4.2,md,guc
2007-09-03,20:56:27,-76.74,-14.14,10.0,4.5,mb,us
2007-09-03,21:09:32,-71.32,-32.14,40.2,4.2,md,guc
2007-09-04,01:15:19,-74.12,-16.16,35.0,4.0,mb,us
2007-09-04,01:24:50,-72.54,-15.16,59.0,4.3,mb,us
2007-09-04,01:55:58,-71.31,-29.18,67.7,3.3,m,guc
2007-09-04,02:11:47,-68.76,-19.98,117.2,4.6,mb,us
2007-09-04,03:36:52,-71.69,-30.85,20.0,3.7,ml,guc
2007-09-04,03:54:08,-66.94,-23.95,185.0,4.2,mb,us
2007-09-04,04:50:41,-68.57,-20.45,113.7,4.8,mb,us
2007-09-04,06:20:28,-70.37,-22.65,34.0,5.1,mb,us
2007-09-04,10:04:00,-66.66,-23.55,196.8,4.1,md,guc
2007-09-04,16:12:00,-71.81,-31.24,15.0,3.0,ml,guc
2007-09-04,18:19:37,-71.81,-31.18,30.4,4.4,mb,us
2007-09-04,18:36:04,-71.72,-31.26,14.8,3.1,ml,guc
2007-09-05,01:20:46,-66.7,-23.95,195.1,3.9,mb,us
2007-09-05,01:50:40,-71.6,-32.46,44.1,3.4,md,guc
2007-09-05,04:51:25,-69.7,-29.17,108.2,3.3,m,guc
2007-09-05,05:52:31,-67.21,-32.04,127.1,3.7,md,guc
2007-09-05,10:53:09,-76.76,-13.88,35.0,5.1,mb,us
2007-09-05,12:02:57,-68.21,-21.56,103.6,4.5,mb,us
2007-09-05,13:21:15,-70.38,-33.77,105.7,2.6,md,guc
2007-09-05,14:07:04,-76.23,-14.17,35.0,4.6,mb,us
2007-09-06,02:27:45,-68.52,-22.02,116.5,3.9,mb,us
2007-09-06,06:02:29,-66.97,-24.26,160.5,4.7,mb,us
2007-09-06,06:19:24,-71.68,-30.0,37.9,3.8,md,guc
2007-09-06,06:25:01,-71.69,-29.99,37.0,4.7,mb,us
2007-09-06,08:02:03,-69.92,-31.83,119.4,3.1,m,guc
2007-09-06,08:13:12,-70.72,-27.55,45.9,3.1,m,guc
2007-09-06,08:32:37,-71.62,-32.39,49.0,2.9,md,guc
2007-09-06,10:14:16,-75.96,-13.65,63.4,0.0,,us
2007-09-06,23:13:56,-69.16,-20.66,94.7,3.9,mb,us
2007-09-07,01:25:42,-71.37,-30.91,56.9,2.9,md,guc
2007-09-07,02:40:30,-67.17,-29.62,44.0,4.5,m,guc
2007-09-07,04:46:45,-123.31,-56.08,10.0,5.9,mwc,gcmt
2007-09-07,05:27:45,-69.35,-36.39,0.0,3.4,ml,guc
2007-09-07,18:34:39,-73.78,-8.51,159.0,4.2,mb,us
2007-09-07,20:27:47,-71.03,-15.42,180.6,0.0,,us
2007-09-08,00:18:49,-112.0,-13.71,10.0,5.1,mwc,gcmt
2007-09-08,00:48:50,-73.32,-17.53,35.8,3.8,mb,us
2007-09-08,04:41:14,-71.68,-31.52,30.5,2.5,ml,guc
2007-09-08,05:36:32,-70.11,-32.9,100.4,4.0,m,guc
2007-09-08,06:36:21,-69.0,-28.2,101.4,4.4,mb,us
2007-09-08,08:51:57,-98.29,-36.47,10.0,5.3,mwc,gcmt
2007-09-08,09:48:33,-72.19,-33.12,11.7,2.9,ml,guc
2007-09-08,14:51:24,-70.7,-35.33,147.7,3.2,md,guc
2007-09-09,00:46:47,-70.85,-30.16,86.0,3.0,m,guc
2007-09-09,03:29:00,-71.36,-30.48,9.0,3.2,ml,guc
2007-09-09,06:05:18,-70.84,-27.32,53.5,3.9,md,guc
2007-09-09,09:47:12,-70.23,-32.41,115.4,3.4,md,guc
2007-09-09,16:33:09,-66.7,-20.62,225.8,3.6,mb,us
2007-09-09,20:36:42,-76.43,-14.0,35.0,4.0,mb,us
2007-09-09,22:30:48,-76.1,-13.66,35.0,4.9,mb,us
2007-09-10,00:13:09,-69.66,-17.28,44.8,5.2,mwc,gcmt
2007-09-10,00:37:18,-70.05,-17.28,45.7,4.4,m,lim
2007-09-10,00:39:15,-70.02,-17.29,35.0,0.0,,us
2007-09-10,04:57:24,-71.65,-30.72,21.9,3.8,ml,guc
2007-09-10,09:13:59,-70.27,-17.1,28.5,0.0,,us
2007-09-10,09:19:34,-70.23,-31.28,123.6,3.0,md,guc
2007-09-10,10:31:40,-71.79,-32.7,15.0,3.5,md,guc
2007-09-10,12:04:04,-69.2,-26.04,100.0,3.2,md,guc
2007-09-10,13:39:46,-71.03,-34.49,69.3,2.6,md,guc
2007-09-10,15:27:05,-69.69,-27.85,108.3,3.9,m,guc
2007-09-10,20:20:45,-66.64,-21.54,206.9,4.5,mb,us
2007-09-10,23:01:55,-69.08,-20.3,122.5,3.8,mb,us
2007-09-11,03:35:22,-77.08,-13.5,35.0,0.0,,us
2007-09-11,04:58:08,-96.04,-37.12,10.0,4.4,mb,us
2007-09-11,06:21:15,-109.43,-9.12,10.0,5.5,mwc,gcmt
2007-09-11,10:07:45,-70.29,-27.51,89.2,3.2,md,guc
2007-09-11,16:21:47,-71.0,-34.85,105.0,2.9,md,guc
2007-09-11,16:50:44,-69.54,-24.42,80.0,3.9,md,guc
2007-09-11,18:15:06,-71.39,-30.52,11.2,3.7,ml,guc
2007-09-11,18:28:44,-72.04,-29.73,3.1,2.7,ml,guc
2007-09-11,21:02:56,-70.46,-34.28,110.6,3.2,md,guc
2007-09-12,01:23:15,-66.74,-23.6,206.5,0.0,,us
2007-09-12,02:18:43,-69.8,-17.52,91.4,0.0,,us
2007-09-12,04:52:39,-69.43,-31.8,139.9,3.4,md,guc
2007-09-12,05:06:06,-67.75,-19.04,230.6,4.4,mb,us
2007-09-12,07:05:58,-71.61,-34.07,45.3,3.7,md,guc
2007-09-12,09:34:26,-71.48,-29.97,35.4,2.9,ml,guc
2007-09-12,09:50:35,-70.61,-33.63,22.9,2.5,ml,guc
2007-09-12,14:36:50,-66.78,-24.0,209.7,3.7,mb,us
2007-09-12,16:40:42,-76.48,-14.38,17.5,0.0,,us
2007-09-13,04:59:20,-76.45,-14.34,34.6,4.1,mb,us
2007-09-13,08:47:46,-71.82,-32.56,26.3,3.4,md,guc
2007-09-13,09:13:23,-71.57,-32.67,36.9,3.4,md,guc
2007-09-13,11:40:37,-71.17,-35.08,101.3,2.6,md,guc
2007-09-13,19:57:46,-73.99,-17.45,10.0,0.0,,us
2007-09-13,23:20:10,-76.16,-13.49,62.4,4.5,mb,us
2007-09-14,03:04:36,-68.38,-31.13,108.8,3.8,md,guc
2007-09-14,09:51:02,-71.53,-29.04,15.0,2.6,ml,guc
2007-09-14,10:47:00,-69.36,-24.23,66.4,3.4,md,guc
2007-09-14,12:30:16,-71.94,-32.59,10.2,2.6,ml,guc
2007-09-14,12:45:04,-70.34,-33.23,106.4,2.5,md,guc
2007-09-14,19:59:56,-67.09,-24.33,160.1,3.9,mb,us
2007-09-14,21:50:54,-71.67,-32.4,31.4,2.7,ml,guc
2007-09-14,23:31:11,-79.1,-9.35,57.9,4.4,mb,us
2007-09-15,01:45:22,-69.44,-30.21,3.4,3.6,ml,guc
2007-09-15,02:01:38,-68.9,-19.68,116.3,4.1,mb,us
2007-09-15,08:32:09,-63.26,-18.17,38.5,0.0,,us
2007-09-15,09:48:38,-70.05,-33.45,3.8,3.2,md,guc
2007-09-15,18:29:47,-76.79,-13.41,10.0,0.0,,us
2007-09-15,19:16:39,-69.02,-32.84,1.4,4.1,md,sja
2007-09-16,03:25:30,-71.26,-28.64,22.9,3.2,ml,guc
2007-09-16,06:36:53,-69.16,-30.73,150.0,3.3,md,guc
2007-09-16,10:04:38,-66.69,-23.37,209.0,0.0,,us
2007-09-16,11:08:53,-66.76,-24.09,185.0,4.2,mb,us
2007-09-16,13:17:49,-69.93,-32.12,137.8,3.3,md,guc
2007-09-16,14:57:49,-72.06,-31.68,19.2,2.9,ml,guc
2007-09-16,17:49:18,-73.54,-34.51,15.4,3.5,ml,guc
2007-09-16,21:09:39,-66.71,-23.98,187.9,4.6,mb,us
2007-09-16,21:14:35,-72.12,-33.89,6.9,3.3,ml,guc
2007-09-17,01:32:03,-72.05,-31.56,30.5,3.7,ml,guc
2007-09-17,05:09:33,-74.46,-37.93,16.0,3.8,ml,guc
2007-09-17,05:34:23,-71.8,-36.82,104.9,3.2,md,guc
2007-09-17,10:57:43,-74.52,-8.84,142.7,5.2,mb,us
2007-09-17,14:11:07,-71.49,-33.4,49.4,3.3,md,guc
2007-09-17,16:55:29,-76.51,-13.78,47.1,4.4,mb,us
2007-09-17,18:19:06,-72.31,-39.4,87.8,4.6,mb,us
2007-09-17,23:49:09,-70.52,-32.48,96.2,3.4,md,guc
2007-09-18,02:39:36,-76.93,-13.53,35.0,4.7,mb,us
2007-09-18,08:28:42,-70.94,-25.49,12.2,3.6,ml,guc
2007-09-18,10:32:53,-71.35,-32.49,48.4,3.2,md,guc
2007-09-18,16:42:29,-67.94,-23.68,117.6,3.8,mb,us
2007-09-18,21:22:31,-71.39,-32.12,47.0,2.9,md,guc
2007-09-18,23:51:04,-66.85,-23.98,182.1,4.5,mb,us
2007-09-19,01:13:22,-69.17,-20.85,133.7,0.0,,us
2007-09-19,05:14:00,-72.23,-34.49,28.7,2.5,ml,guc
2007-09-19,05:15:02,-70.68,-31.27,87.6,3.1,m,guc
2007-09-19,05:55:57,-67.38,-28.26,131.4,0.0,,us
2007-09-19,11:15:32,-71.33,-31.37,46.5,4.0,md,guc
2007-09-19,13:37:57,-68.42,-21.22,109.1,3.8,mb,us
2007-09-19,16:46:36,-92.12,-41.0,10.0,4.3,mb,us
2007-09-19,16:58:17,-70.78,-35.28,131.0,2.8,md,guc
2007-09-19,18:52:32,-70.78,-30.42,78.4,3.8,md,guc
2007-09-20,00:07:44,-70.94,-33.7,72.8,2.6,md,guc
2007-09-20,02:13:18,-70.6,-33.21,91.1,2.5,md,guc
2007-09-20,04:52:26,-71.32,-15.56,154.2,4.3,mb,us
2007-09-20,06:07:42,-69.12,-19.44,113.9,0.0,,us
2007-09-20,07:30:38,-73.73,-16.04,58.3,5.1,mwc,gcmt
2007-09-20,07:59:24,-70.58,-35.0,19.7,3.3,md,guc
2007-09-20,09:24:31,-71.86,-32.48,10.4,3.8,ml,guc
2007-09-20,17:30:03,-71.33,-33.38,55.7,2.6,md,guc
2007-09-20,19:12:23,-69.44,-31.42,136.7,3.2,md,guc
2007-09-21,00:02:29,-72.78,-14.02,76.6,4.4,mb,us
2007-09-21,00:04:59,-71.44,-32.78,63.8,2.8,md,guc
2007-09-21,02:01:21,-69.62,-31.75,141.7,3.1,md,guc
2007-09-21,04:36:21,-70.25,-32.16,114.6,3.0,md,guc
2007-09-21,05:45:55,-69.58,-17.53,153.3,4.3,mb,us
2007-09-21,09:36:48,-71.68,-32.22,30.2,2.5,ml,guc
2007-09-21,11:36:00,-71.5,-35.28,85.0,3.0,md,guc
2007-09-21,14:39:43,-67.98,-25.08,102.2,4.4,mb,us
2007-09-21,21:42:43,-69.71,-31.55,154.8,3.4,m,guc
2007-09-21,22:39:00,-77.24,-14.88,10.0,4.9,mb,us
2007-09-21,22:41:59,-71.31,-35.01,79.7,3.4,m,guc
2007-09-22,01:08:29,-70.89,-33.98,74.3,2.7,md,guc
2007-09-22,03:55:08,-71.64,-34.13,41.7,3.2,md,guc
2007-09-22,08:01:03,-76.28,-45.91,10.0,5.5,mwc,gcmt
2007-09-22,16:16:05,-70.75,-27.46,73.0,4.1,m,guc
2007-09-22,17:08:22,-70.62,-31.21,92.5,2.8,md,guc
2007-09-22,22:04:48,-77.02,-13.39,35.0,4.5,mb,us
2007-09-23,00:23:15,-70.64,-31.39,125.4,2.6,m,guc
2007-09-23,05:05:41,-68.45,-34.2,20.6,2.8,ml,guc
2007-09-23,10:41:52,-68.24,-19.22,156.8,0.0,,us
2007-09-23,14:11:08,-70.02,-17.01,41.4,0.0,,us
2007-09-23,14:12:01,-69.94,-17.3,35.0,0.0,,us
2007-09-23,21:15:09,-69.82,-17.18,49.2,4.3,mb,us
2007-09-23,21:36:17,-68.35,-21.17,110.7,4.3,mb,us
2007-09-23,22:03:30,-71.1,-32.68,0.5,2.7,ml,guc
2007-09-23,22:29:33,-70.31,-32.1,111.9,2.5,md,guc
2007-09-23,22:35:40,-71.46,-35.82,98.9,2.7,md,guc
2007-09-24,02:25:45,-71.32,-12.69,27.9,5.1,mb,us
2007-09-24,08:33:17,-66.86,-19.91,245.1,0.0,,us
2007-09-24,10:31:12,-70.01,-17.25,8.4,4.4,mb,us
2007-09-24,18:31:34,-67.16,-20.82,186.3,4.7,mb,us
2007-09-24,18:34:08,-79.39,-9.09,59.3,5.0,mb,us
2007-09-24,19:06:38,-68.54,-19.53,51.7,5.1,mwc,gcmt
2007-09-24,21:58:24,-70.28,-16.94,26.4,3.8,mb,us
2007-09-24,22:37:54,-70.56,-31.73,13.2,2.6,ml,guc
2007-09-25,08:49:58,-68.68,-19.9,133.2,4.1,mb,us
2007-09-25,10:31:10,-67.37,-27.62,134.8,4.1,mb,us
2007-09-25,12:05:46,-69.89,-32.68,127.5,2.9,md,guc
2007-09-25,19:26:32,-71.08,-34.89,99.6,3.3,md,guc
2007-09-25,19:49:51,-72.09,-32.97,15.3,3.2,ml,guc
2007-09-26,05:34:37,-70.79,-33.89,85.3,2.6,md,guc
2007-09-26,22:17:51,-68.47,-21.28,110.4,4.5,mb,us
2007-09-26,23:45:20,-70.2,-31.48,129.0,3.1,md,guc
2007-09-27,02:32:00,-69.6,-16.24,202.8,4.0,mb,us
2007-09-27,03:07:29,-71.65,-30.74,18.2,3.1,ml,guc
2007-09-27,07:23:59,-70.75,-34.05,83.9,2.7,md,guc
2007-09-27,14:42:21,-70.92,-35.12,108.3,2.5,md,guc
2007-09-27,15:11:38,-71.41,-33.11,48.0,2.7,md,guc
2007-09-27,22:26:12,-71.27,-35.16,105.0,3.0,md,guc
2007-09-27,22:31:16,-70.4,-34.62,137.7,3.0,md,guc
2007-09-27,23:12:51,-65.59,-21.69,321.1,3.9,mb,us
2007-09-28,01:44:35,-72.18,-31.12,38.1,3.7,md,guc
2007-09-28,02:42:34,-80.94,-5.78,35.0,4.8,mb,us
2007-09-28,05:02:34,-71.48,-34.96,73.0,3.3,md,guc
2007-09-28,06:19:13,-66.98,-27.18,130.5,4.3,mb,us
2007-09-28,07:27:14,-71.37,-30.55,14.0,4.0,ml,guc
2007-09-28,09:15:17,-67.37,-24.35,241.2,3.3,mb,us
2007-09-28,10:00:33,-71.66,-30.02,35.5,3.7,md,guc
2007-09-28,11:06:44,-67.5,-21.43,226.4,4.5,mb,us
2007-09-28,19:28:43,-71.88,-35.43,75.0,3.2,md,guc
2007-09-28,20:36:44,-71.59,-32.26,57.4,3.2,md,guc
2007-09-29,00:46:05,-71.53,-29.53,14.2,3.3,ml,guc
2007-09-29,04:11:29,-70.48,-34.04,106.9,4.2,mb,us
2007-09-29,10:56:57,-73.4,-35.63,34.5,4.3,ml,guc
2007-09-29,11:45:03,-68.3,-31.61,150.0,3.6,md,guc
2007-09-29,13:40:23,-76.62,-45.56,30.0,4.5,mb,us
2007-09-29,14:25:55,-71.6,-30.73,32.8,3.1,ml,guc
2007-09-29,15:40:44,-71.2,-29.13,65.5,3.9,md,guc
2007-09-29,19:51:42,-71.74,-32.5,27.8,2.8,ml,guc
2007-09-29,20:06:41,-68.91,-31.32,157.2,3.6,md,guc
2007-09-29,22:35:06,-69.7,-31.53,139.6,3.4,m,guc
2007-09-29,22:38:01,-71.49,-34.14,42.1,2.9,m,guc
2007-09-30,00:28:03,-68.57,-20.88,92.9,3.9,mb,us
2007-09-30,01:48:47,-66.59,-23.91,193.1,4.3,mb,us
2007-09-30,02:15:42,-71.83,-33.05,29.8,2.8,ml,guc
2007-09-30,05:47:34,-71.64,-32.65,30.4,3.4,md,guc
2007-09-30,07:10:33,-70.86,-32.74,75.3,3.3,md,guc
2007-09-30,08:51:47,-69.55,-31.39,137.0,3.5,md,guc
2007-09-30,10:52:17,-69.85,-32.03,157.0,3.3,md,guc
2007-09-30,11:48:15,-66.99,-18.59,248.7,0.0,,us
2007-09-30,12:11:50,-69.58,-31.12,159.6,3.8,md,guc
2007-09-30,16:04:25,-69.48,-29.22,101.4,4.6,mb,us
2007-09-30,18:41:06,-70.79,-33.88,89.6,4.7,mb,us
2007-10-01,00:21:10,-70.84,-32.16,82.6,2.6,m,guc
2007-10-01,01:06:36,-71.21,-29.6,46.0,2.5,m,guc
2007-10-01,08:50:18,-71.47,-32.42,36.2,3.2,md,guc
2007-10-01,09:11:44,-70.4,-22.34,39.5,4.4,mb,us
2007-10-01,13:15:31,-78.63,-10.44,46.9,3.7,mb,us
2007-10-01,15:36:17,-71.22,-27.83,10.0,4.9,mb,us
2007-10-01,16:37:22,-70.26,-34.04,113.5,2.5,md,guc
2007-10-01,20:13:15,-78.32,-10.51,50.9,4.6,mb,us
2007-10-01,23:10:58,-70.43,-13.05,44.6,4.4,mb,us
2007-10-01,23:22:05,-66.84,-24.24,117.8,3.9,mb,us
2007-10-02,01:23:18,-71.76,-32.62,23.6,2.9,ml,guc
2007-10-02,01:58:43,-68.81,-31.34,145.0,3.1,m,guc
2007-10-02,03:41:27,-69.75,-31.79,137.9,4.2,m,guc
2007-10-02,07:42:32,-68.56,-21.2,118.0,0.0,,us
2007-10-02,15:33:02,-70.56,-25.85,29.8,5.0,mb,us
2007-10-02,15:38:26,-70.57,-25.85,28.6,5.2,mwc,gcmt
2007-10-02,16:07:16,-72.11,-29.57,10.0,3.5,ml,guc
2007-10-02,18:33:16,-68.39,-33.55,8.0,3.3,ml,guc
2007-10-02,20:16:57,-70.73,-31.73,98.2,3.2,md,guc
2007-10-02,22:07:49,-70.34,-33.13,109.6,2.6,md,guc
2007-10-03,00:30:28,-76.56,-5.38,50.1,4.5,mb,us
2007-10-03,02:25:04,-71.5,-30.3,43.2,4.5,mb,us
2007-10-03,03:00:45,-71.54,-35.84,108.0,2.8,md,guc
2007-10-03,13:10:46,-70.73,-31.82,113.5,2.8,m,guc
2007-10-03,13:29:39,-68.94,-31.44,144.7,4.3,mb,us
2007-10-03,16:48:46,-70.62,-22.1,35.2,4.0,ml,guc
2007-10-03,17:45:28,-70.04,-33.03,112.9,3.1,md,guc
2007-10-03,21:57:47,-70.56,-31.72,5.8,2.8,ml,guc
2007-10-04,00:03:23,-70.26,-27.88,43.4,4.4,mb,us
2007-10-04,03:06:42,-71.37,-32.24,43.8,3.7,md,guc
2007-10-04,07:42:02,-67.82,-24.44,220.0,4.8,mb,us
2007-10-04,07:58:15,-70.9,-34.71,106.2,3.0,md,guc
2007-10-04,10:40:17,-66.85,-24.1,180.3,3.8,mb,us
2007-10-04,12:12:10,-71.72,-32.12,22.3,3.0,ml,guc
2007-10-04,14:26:45,-68.8,-33.94,12.7,2.8,ml,guc
2007-10-04,15:26:06,-69.1,-24.01,90.0,4.2,m,guc
2007-10-04,17:24:56,-71.45,-31.54,15.0,2.6,ml,guc
2007-10-04,18:33:56,-68.64,-31.71,150.0,4.3,mb,us
2007-10-04,20:27:50,-71.67,-35.35,90.3,3.0,md,guc
2007-10-04,21:42:34,-71.64,-30.9,10.0,2.8,ml,guc
2007-10-04,22:20:59,-70.97,-34.39,84.2,2.5,md,guc
2007-10-05,04:18:12,-82.86,-42.6,5.1,5.1,mwc,gcmt
2007-10-05,08:04:32,-70.02,-17.26,38.8,4.2,mb,us
2007-10-05,12:21:56,-69.53,-30.9,162.9,3.2,md,guc
2007-10-05,20:29:04,-76.98,-13.61,26.6,5.1,mwc,gcmt
2007-10-05,21:52:34,-71.09,-32.64,4.5,2.6,ml,guc
2007-10-05,23:05:47,-76.98,-13.65,35.0,4.9,mb,us
2007-10-06,01:36:43,-76.21,-15.0,35.0,3.6,mb,us
2007-10-06,06:30:47,-70.15,-31.92,120.3,3.7,md,guc
2007-10-06,07:40:40,-77.02,-13.62,35.0,4.2,mb,us
2007-10-06,09:34:10,-68.14,-21.95,108.8,0.0,,us
2007-10-06,19:18:50,-66.84,-23.89,192.5,0.0,,us
2007-10-06,20:09:51,-76.72,-13.22,55.2,4.3,mb,us
2007-10-06,20:16:15,-70.31,-34.42,7.4,2.5,ml,guc
2007-10-07,08:23:29,-70.87,-32.85,74.8,2.6,md,guc
2007-10-07,09:02:32,-70.26,-35.14,156.1,2.7,md,guc
2007-10-07,13:16:45,-70.4,-33.32,102.5,2.9,md,guc
2007-10-07,16:58:45,-68.57,-19.8,138.5,0.0,,us
2007-10-07,17:50:01,-70.6,-35.18,21.3,2.9,ml,guc
2007-10-07,21:35:12,-67.11,-24.29,167.6,4.0,mb,us
2007-10-07,23:40:05,-70.76,-21.78,58.3,4.0,mb,us
2007-10-07,23:40:30,-66.9,-24.24,193.7,4.4,mb,us
2007-10-08,00:14:32,-69.32,-30.96,150.0,3.3,md,guc
2007-10-08,02:50:49,-70.23,-32.56,89.1,3.1,md,guc
2007-10-08,03:40:32,-72.4,-34.63,25.1,3.0,ml,guc
2007-10-08,06:35:50,-67.02,-24.21,165.2,4.0,mb,us
2007-10-08,07:41:13,-107.16,-26.81,10.0,5.0,mb,us
2007-10-08,09:29:29,-71.79,-30.18,34.6,3.1,ml,guc
2007-10-08,13:30:12,-71.31,-29.73,56.2,0.0,,us
2007-10-08,15:45:05,-71.26,-30.98,61.6,2.9,md,guc
2007-10-08,16:30:20,-71.64,-32.67,35.0,4.8,mb,us
2007-10-08,18:04:18,-71.82,-31.3,28.3,3.6,ml,guc
2007-10-08,21:15:20,-69.54,-32.24,126.6,2.5,m,guc
2007-10-08,21:34:20,-70.78,-31.82,91.6,3.1,m,guc
2007-10-08,21:52:37,-67.36,-28.12,121.1,4.8,mb,us
2007-10-08,23:45:38,-72.69,-32.45,34.3,4.3,ml,guc
2007-10-09,01:07:38,-71.67,-32.67,30.1,2.5,ml,guc
2007-10-09,01:52:24,-76.12,-13.57,49.6,5.0,mb,us
2007-10-09,01:59:15,-71.64,-32.16,56.3,3.6,m,guc
2007-10-09,04:23:35,-68.99,-32.59,151.0,3.0,m,guc
2007-10-09,11:15:44,-108.47,-34.97,10.0,4.5,mb,us
2007-10-09,11:44:45,-69.43,-16.83,187.2,4.0,mb,us
2007-10-09,12:54:28,-72.49,-33.13,44.2,3.2,m,guc
2007-10-09,13:17:46,-67.13,-24.19,193.9,0.0,,us
2007-10-09,14:13:12,-73.21,-33.06,47.2,3.6,md,guc
2007-10-09,22:46:11,-75.42,-7.5,49.3,4.0,mb,us
2007-10-10,07:52:58,-71.38,-29.46,38.7,2.7,m,guc
2007-10-10,14:31:30,-72.32,-33.38,29.5,2.5,ml,guc
2007-10-10,19:21:59,-70.03,-32.97,2.4,2.5,ml,guc
2007-10-10,20:11:02,-79.36,-10.32,22.7,4.0,mb,us
2007-10-11,00:25:59,-70.11,-31.71,142.0,3.2,m,guc
2007-10-11,04:45:49,-69.87,-28.6,106.2,4.8,mb,us
2007-10-11,12:34:30,-71.67,-30.84,31.4,4.3,ml,guc
2007-10-11,15:36:06,-71.38,-30.44,44.6,3.4,m,guc
2007-10-11,19:50:46,-70.66,-25.91,47.7,4.2,md,guc
2007-10-12,19:29:47,-69.99,-29.04,138.8,3.8,m,guc
2007-10-12,22:14:22,-72.01,-33.14,15.0,3.5,ml,guc
2007-10-12,22:28:20,-72.03,-33.16,28.8,2.8,ml,guc
2007-10-12,22:57:40,-72.14,-33.12,15.1,3.8,ml,guc
2007-10-13,01:35:00,-80.05,-5.67,76.0,4.4,mb,us
2007-10-13,01:38:01,-72.95,-33.08,25.0,3.0,ml,guc
2007-10-13,08:16:09,-69.53,-17.72,147.6,0.0,,us
2007-10-13,14:07:10,-75.15,-15.18,35.0,4.5,ml,lim
2007-10-13,21:04:22,-69.07,-24.12,73.2,3.7,m,guc
2007-10-14,08:16:09,-70.89,-31.82,97.9,3.0,md,guc
2007-10-14,13:36:44,-69.07,-20.13,120.4,3.4,mb,us
2007-10-14,23:36:04,-68.05,-32.17,150.0,3.5,md,guc
2007-10-15,02:21:11,-71.15,-36.29,146.4,3.2,md,guc
2007-10-15,10:04:40,-70.76,-32.53,81.7,2.7,md,guc
2007-10-15,21:39:12,-74.96,-46.13,42.7,5.1,mb,us
2007-10-15,22:35:30,-69.7,-32.28,152.0,3.2,md,guc
2007-10-15,23:24:48,-75.81,-46.07,10.0,4.3,mb,us
2007-10-16,00:00:13,-76.39,-45.97,21.0,4.8,mb,us
2007-10-16,00:05:35,-69.39,-31.17,143.0,3.4,md,guc
2007-10-16,02:49:06,-76.08,-46.01,10.0,4.6,mb,us
2007-10-16,03:49:12,-71.36,-27.97,17.3,3.1,ml,guc
2007-10-16,05:09:16,-69.6,-22.34,110.4,3.4,md,guc
2007-10-16,06:22:36,-68.87,-29.99,141.7,3.7,m,guc
2007-10-16,13:21:25,-69.97,-17.4,124.7,4.2,mb,us
2007-10-16,13:37:53,-76.37,-45.99,10.0,5.2,mwc,gcmt
2007-10-16,17:43:26,-68.48,-31.65,0.2,3.1,ml,guc
2007-10-16,17:53:15,-70.61,-32.74,84.5,2.5,md,guc
2007-10-16,18:45:49,-66.9,-24.13,173.4,4.1,mb,us
2007-10-16,23:06:42,-71.55,-29.73,28.5,3.5,ml,guc
2007-10-17,04:14:42,-70.57,-34.06,91.4,2.8,md,guc
2007-10-17,04:59:09,-66.66,-24.09,191.7,3.8,mb,us
2007-10-17,20:22:36,-71.04,-32.62,33.4,2.7,ml,guc
2007-10-17,22:35:16,-70.61,-30.55,95.0,3.7,md,guc
2007-10-18,00:53:19,-74.04,-15.7,102.3,4.9,mb,us
2007-10-18,03:43:28,-71.38,-36.17,112.5,3.3,md,guc
2007-10-18,11:51:00,-70.93,-32.61,65.9,3.1,md,guc
2007-10-18,16:37:32,-70.85,-28.83,66.0,3.1,m,guc
2007-10-18,18:47:59,-66.94,-24.14,172.3,4.6,mb,us
2007-10-18,19:42:09,-71.09,-32.68,5.4,2.5,ml,guc
2007-10-18,23:59:58,-69.16,-30.78,0.4,4.3,ml,guc
2007-10-19,04:07:03,-70.42,-30.83,103.7,3.0,md,guc
2007-10-19,06:43:50,-69.32,-32.4,5.0,2.6,ml,guc
2007-10-19,07:30:59,-69.29,-32.35,11.9,4.0,md,guc
2007-10-19,08:05:51,-66.56,-24.08,194.4,4.7,mb,us
2007-10-19,14:01:05,-71.07,-32.14,72.0,2.9,m,guc
2007-10-19,19:10:31,-69.6,-32.21,149.0,2.7,md,guc
2007-10-20,03:14:58,-70.5,-33.45,92.3,3.5,md,guc
2007-10-20,07:23:08,-71.15,-30.99,71.4,2.7,md,guc
2007-10-20,08:52:42,-71.69,-15.3,133.3,4.7,mb,us
2007-10-20,11:02:43,-89.6,-40.95,10.0,5.3,mwc,gcmt
2007-10-20,11:18:32,-89.57,-41.29,10.0,5.2,mwc,gcmt
2007-10-20,19:00:10,-71.13,-32.71,1.7,2.6,ml,guc
2007-10-20,19:56:21,-73.01,-36.47,40.8,5.2,mwc,gcmt
2007-10-20,21:07:19,-70.57,-31.72,10.3,2.5,ml,guc
2007-10-20,23:55:07,-71.63,-36.46,113.3,3.4,m,guc
2007-10-21,00:14:38,-71.63,-32.65,28.8,2.9,ml,guc
2007-10-21,05:16:19,-71.57,-30.02,36.6,4.4,mb,us
2007-10-21,20:05:16,-71.71,-31.45,29.4,2.7,ml,guc
2007-10-21,23:51:49,-76.65,-13.47,72.5,4.0,mb,us
2007-10-22,04:58:21,-71.74,-33.59,48.1,3.3,md,guc
2007-10-22,07:32:44,-70.68,-25.84,40.5,4.1,md,guc
2007-10-22,15:10:59,-69.49,-31.98,130.0,3.1,md,guc
2007-10-22,21:17:47,-65.87,-28.3,31.0,4.8,mb,us
2007-10-22,23:16:01,-69.84,-31.89,95.0,3.1,md,guc
2007-10-23,00:29:54,-70.14,-32.58,101.0,3.6,md,guc
2007-10-23,06:51:51,-69.59,-24.1,117.5,4.6,m,guc
2007-10-23,07:12:58,-72.5,-34.87,36.8,3.5,md,guc
2007-10-23,09:37:00,-68.96,-20.24,105.6,4.3,mb,us
2007-10-23,11:01:08,-107.14,-26.71,10.0,4.6,mb,us
2007-10-23,15:01:24,-66.79,-24.26,175.8,4.7,mb,us
2007-10-23,17:55:31,-72.67,-29.63,47.3,3.0,m,guc
2007-10-23,19:29:23,-70.36,-34.19,105.3,2.7,md,guc
2007-10-23,22:00:52,-66.75,-23.98,175.9,4.1,mb,us
2007-10-24,02:07:44,-70.27,-31.82,125.4,2.5,md,guc
2007-10-24,03:16:31,-81.37,-44.34,10.0,5.0,mwc,gcmt
2007-10-24,03:57:23,-67.12,-24.32,161.8,3.8,mb,us
2007-10-24,06:47:04,-70.26,-33.39,1.3,2.6,md,guc
2007-10-24,08:50:39,-71.99,-33.7,7.6,3.3,md,guc
2007-10-24,16:45:52,-75.28,-12.08,105.9,5.0,mb,us
2007-10-24,17:55:52,-72.29,-35.46,7.5,2.9,ml,guc
2007-10-24,18:35:18,-69.43,-31.38,144.0,3.5,md,guc
2007-10-24,18:36:24,-72.24,-17.39,33.4,4.0,ml,lim
2007-10-24,22:28:35,-66.95,-23.97,208.2,3.8,mb,us
2007-10-25,02:32:49,-76.17,-14.05,53.5,4.1,mb,us
2007-10-25,07:32:03,-75.61,-14.76,30.1,4.9,mb,us
2007-10-25,08:35:18,-68.75,-20.6,100.0,5.6,mwc,gcmt
2007-10-25,09:53:27,-69.72,-32.4,125.6,3.6,md,guc
2007-10-25,15:02:27,-71.28,-28.75,43.3,4.8,mb,us
2007-10-25,15:57:38,-71.4,-28.85,14.7,3.2,ml,guc
2007-10-25,21:21:43,-67.06,-24.32,179.2,3.6,mb,us
2007-10-26,06:08:16,-71.32,-30.25,51.1,3.1,md,guc
2007-10-26,07:50:01,-68.33,-21.37,115.3,4.1,mb,us
2007-10-26,21:07:55,-66.71,-24.09,190.8,4.5,mb,us
2007-10-27,01:13:10,-69.2,-25.2,109.2,4.1,mb,us
2007-10-27,01:16:55,-69.03,-31.68,116.6,5.0,mwc,gcmt
2007-10-27,01:44:29,-69.36,-31.62,153.3,3.7,m,guc
2007-10-27,02:23:28,-69.11,-31.26,141.0,3.4,m,guc
2007-10-27,15:59:41,-72.94,-32.87,9.2,3.1,ml,guc
2007-10-27,16:13:14,-70.72,-28.31,13.1,2.7,ml,guc
2007-10-27,17:46:51,-69.79,-28.57,74.9,3.2,md,guc
2007-10-27,18:42:23,-70.18,-32.08,114.3,2.5,md,guc
2007-10-27,21:35:33,-73.99,-36.69,38.5,4.7,mb,us
2007-10-27,21:54:22,-67.09,-24.26,164.3,4.9,mb,us
2007-10-28,01:05:59,-72.51,-15.69,115.8,4.1,mb,us
2007-10-28,04:10:25,-76.64,-13.5,35.0,3.8,mb,us
2007-10-28,04:11:27,-71.3,-34.56,66.2,2.6,md,guc
2007-10-28,06:45:02,-69.08,-24.36,88.7,3.2,md,guc
2007-10-28,08:28:52,-70.41,-34.46,9.7,2.6,md,guc
2007-10-28,15:36:46,-71.2,-35.55,109.0,2.6,md,guc
2007-10-28,16:09:20,-67.57,-31.46,0.1,3.8,ml,guc
2007-10-28,21:29:15,-69.97,-32.35,123.0,4.1,md,guc
2007-10-28,23:06:05,-69.66,-23.22,82.3,3.9,md,guc
2007-10-29,00:18:35,-71.28,-28.74,35.9,3.9,md,guc
2007-10-29,00:22:27,-71.27,-28.73,37.9,3.0,m,guc
2007-10-29,00:23:50,-69.75,-31.54,138.7,3.5,md,guc
2007-10-29,02:53:10,-72.92,-29.73,33.2,3.6,ml,guc
2007-10-29,03:32:46,-70.8,-28.12,54.2,4.0,m,guc
2007-10-29,08:12:21,-73.19,-11.75,25.6,4.7,mb,us
2007-10-29,14:07:39,-70.23,-33.86,114.7,2.8,md,guc
2007-10-29,15:26:37,-73.73,-16.78,74.2,4.3,mb,us
2007-10-29,17:18:33,-69.68,-28.74,120.5,3.9,m,guc
2007-10-29,19:15:56,-66.97,-24.14,194.5,3.9,mb,us
2007-10-29,20:04:54,-70.47,-25.39,54.6,3.7,m,guc
2007-10-29,21:06:42,-71.92,-34.27,35.2,3.1,ml,guc
2007-10-29,21:39:51,-71.61,-36.03,97.8,3.4,md,guc
2007-10-30,04:27:36,-81.0,-4.96,52.1,4.2,mb,us
2007-10-30,06:43:09,-71.13,-30.59,68.8,3.0,m,guc
2007-10-30,07:31:10,-70.94,-33.19,77.0,3.3,md,guc
2007-10-30,13:17:42,-70.18,-17.87,93.0,4.1,mb,us
2007-10-30,14:07:52,-71.27,-27.0,10.0,4.1,m,guc
2007-10-30,15:01:09,-71.88,-30.69,28.8,4.4,ml,guc
2007-10-30,17:58:03,-68.88,-20.13,107.2,4.9,mb,us
2007-10-30,21:52:13,-68.62,-31.24,106.0,3.8,md,guc
2007-10-30,23:35:56,-67.27,-28.76,123.3,4.0,mb,us
2007-10-31,00:07:02,-71.85,-30.92,24.0,4.3,mb,us
2007-10-31,00:31:36,-71.0,-29.42,38.3,3.3,m,guc
2007-10-31,03:10:58,-69.08,-17.01,187.0,3.9,mb,us
2007-10-31,05:34:39,-71.76,-32.2,11.0,3.6,md,guc
2007-10-31,06:24:18,-70.92,-34.94,91.7,2.7,md,guc
2007-10-31,11:44:10,-69.28,-31.52,155.8,3.3,m,guc
2007-10-31,13:03:39,-71.8,-32.19,22.9,2.9,ml,guc
2007-10-31,14:16:00,-71.76,-32.21,9.9,2.6,ml,guc
2007-10-31,15:16:13,-71.75,-36.35,91.3,3.6,md,guc
2007-10-31,17:33:47,-70.31,-33.13,22.6,2.6,ml,guc
2007-10-31,21:57:44,-71.89,-35.91,80.5,2.8,md,guc
2007-11-01,01:53:09,-71.88,-32.89,2.1,3.2,md,guc
2007-11-01,02:42:42,-69.06,-24.73,54.7,3.8,md,guc
2007-11-01,03:57:23,-70.52,-32.4,105.4,2.5,md,guc
2007-11-01,06:33:15,-72.19,-33.0,25.6,2.5,ml,guc
2007-11-01,07:04:27,-70.28,-33.36,14.2,2.8,md,guc
2007-11-01,08:14:48,-63.72,-22.18,526.9,4.9,mb,us
2007-11-01,08:24:36,-72.12,-33.03,44.7,3.2,md,guc
2007-11-01,10:20:09,-70.45,-33.9,104.9,3.1,md,guc
2007-11-01,11:26:52,-69.46,-28.21,41.5,3.2,md,guc
2007-11-01,12:17:43,-72.39,-33.92,32.3,2.7,ml,guc
2007-11-01,13:33:24,-114.28,-50.12,10.0,5.0,mb,us
2007-11-01,14:51:57,-70.57,-31.7,89.7,2.8,md,guc
2007-11-02,06:55:12,-70.53,-32.5,96.2,2.9,md,guc
2007-11-02,18:27:16,-79.67,-9.3,37.0,4.3,mb,us
2007-11-03,04:32:46,-72.15,-40.34,18.9,3.9,ml,guc
2007-11-03,05:27:30,-71.77,-32.25,27.7,2.5,ml,guc
2007-11-03,12:51:46,-70.0,-33.58,1.2,3.0,md,guc
2007-11-04,06:22:09,-71.6,-32.65,12.3,2.9,ml,guc
2007-11-04,07:01:24,-72.55,-18.88,35.0,0.0,,us
2007-11-04,07:04:53,-71.19,-33.81,61.2,2.6,md,guc
2007-11-04,07:16:35,-74.62,-38.49,35.0,4.5,mb,us
2007-11-04,07:40:48,-69.64,-16.82,172.9,0.0,,us
2007-11-04,08:02:02,-68.76,-22.23,140.5,4.0,m,guc
2007-11-04,11:08:27,-74.12,-15.6,64.0,4.1,m,lim
2007-11-04,13:39:31,-70.66,-32.62,84.6,2.5,m,guc
2007-11-05,07:14:29,-72.34,-36.96,70.6,3.3,md,guc
2007-11-05,09:26:34,-125.6,-55.41,10.0,5.1,mwc,gcmt
2007-11-05,15:06:40,-70.11,-31.61,125.4,3.0,m,guc
2007-11-06,00:59:21,-68.2,-21.33,116.0,4.2,mb,us
2007-11-06,06:17:20,-70.79,-31.81,102.1,3.2,md,guc
2007-11-06,08:44:56,-70.24,-25.88,63.0,3.3,m,guc
2007-11-06,09:09:40,-70.83,-32.81,69.8,2.6,md,guc
2007-11-06,12:48:50,-68.43,-33.81,3.9,3.5,ml,guc
2007-11-06,23:16:03,-69.37,-31.85,5.0,3.8,ml,guc
2007-11-07,00:43:16,-66.72,-23.92,186.1,4.0,mb,us
2007-11-07,12:20:06,-70.48,-35.03,20.4,2.5,ml,guc
2007-11-07,15:06:17,-69.51,-24.18,74.5,5.0,mb,us
2007-11-07,19:35:48,-70.36,-33.1,98.1,2.6,md,guc
2007-11-07,22:30:10,-66.7,-20.45,232.9,4.4,mb,us
2007-11-08,08:25:11,-74.48,-11.64,10.0,3.8,ml,lim
2007-11-08,11:49:39,-72.88,-35.83,50.9,4.7,mb,us
2007-11-08,18:35:04,-71.06,-16.89,106.0,0.0,,us
2007-11-09,01:53:12,-70.26,-32.85,116.9,2.7,md,guc
2007-11-09,02:38:41,-71.79,-34.18,39.9,4.2,md,guc
2007-11-09,08:14:31,-71.31,-15.11,125.5,4.8,mb,us
2007-11-09,08:47:35,-70.27,-33.0,101.3,2.7,md,guc
2007-11-10,01:13:42,-69.99,-32.18,139.8,2.9,md,guc
2007-11-10,02:06:18,-70.84,-32.87,70.9,2.5,md,guc
2007-11-10,11:48:37,-72.27,-45.8,58.6,4.6,mb,us
2007-11-10,12:16:38,-69.02,-31.27,150.0,3.7,md,guc
2007-11-10,17:27:17,-69.86,-32.47,125.0,2.7,md,guc
2007-11-10,21:16:49,-71.5,-30.56,29.9,3.5,ml,guc
2007-11-11,07:40:46,-71.05,-29.12,9.1,3.7,ml,guc
2007-11-11,08:06:50,-71.82,-32.68,15.2,2.5,ml,guc
2007-11-11,21:58:13,-68.42,-32.09,114.7,4.6,mb,us
2007-11-11,22:50:21,-70.43,-33.26,98.1,4.0,mb,us
2007-11-12,10:29:50,-70.15,-32.73,109.6,2.7,md,guc
2007-11-12,18:23:01,-67.23,-22.5,161.5,3.8,mb,us
2007-11-12,21:01:05,-69.19,-20.03,102.7,4.5,mb,us
2007-11-13,05:49:25,-69.21,-31.31,148.0,3.6,m,guc
2007-11-13,15:50:38,-64.47,-58.13,10.0,4.1,mb,us
2007-11-13,21:06:34,-67.63,-20.73,164.2,3.9,mb,us
2007-11-13,21:30:30,-72.89,-33.36,27.9,2.8,ml,guc
2007-11-14,00:12:03,-68.73,-21.35,150.0,3.2,m,guc
2007-11-14,01:47:36,-71.24,-17.46,66.2,4.0,mb,us
2007-11-14,04:50:01,-68.69,-22.1,117.8,4.0,m,guc
2007-11-14,09:10:07,-69.63,-29.17,123.0,4.3,mb,us
2007-11-14,14:53:55,-67.89,-31.85,12.4,4.5,mb,us
2007-11-14,15:40:51,-69.89,-22.25,40.0,7.7,mwc,gcmt
2007-11-14,15:58:10,-70.22,-22.57,35.0,0.0,,us
2007-11-14,16:03:03,-70.53,-23.06,24.8,5.2,mb,us
2007-11-14,16:04:51,-70.06,-22.23,43.8,5.3,mb,us
2007-11-14,16:12:37,-70.04,-22.48,35.0,0.0,,us
2007-11-14,16:13:23,-70.13,-23.21,39.4,5.0,mb,us
2007-11-14,16:16:50,-70.45,-23.21,47.5,4.8,mb,us
2007-11-14,16:19:35,-70.59,-23.32,27.2,4.8,mb,us
2007-11-14,16:24:58,-70.06,-22.82,44.9,4.3,mb,us
2007-11-14,16:36:37,-70.53,-23.03,29.7,4.6,mb,us
2007-11-14,16:37:27,-70.31,-22.49,35.0,0.0,,us
2007-11-14,16:51:20,-70.25,-22.71,35.0,0.0,,us
2007-11-14,17:18:46,-70.01,-23.15,46.0,5.1,mb,us
2007-11-14,17:39:35,-70.0,-22.43,49.7,4.6,mb,us
2007-11-14,17:44:04,-70.53,-23.22,38.0,5.7,mb,us
2007-11-14,17:49:24,-70.46,-23.34,42.5,4.7,mb,us
2007-11-14,17:53:29,-70.48,-23.17,25.8,5.0,mb,us
2007-11-14,17:56:49,-70.57,-23.3,27.9,4.8,mb,us
2007-11-14,18:00:27,-70.18,-22.52,35.0,4.8,mb,us
2007-11-14,18:26:37,-70.25,-22.45,35.0,0.0,,us
2007-11-14,18:32:01,-70.52,-22.98,17.0,4.7,mb,us
2007-11-14,18:55:49,-70.29,-22.67,31.5,5.1,mb,us
2007-11-14,19:17:25,-69.84,-22.32,48.8,5.0,mb,us
2007-11-15,00:38:45,-68.62,-20.48,116.8,3.6,mb,us
2007-11-15,01:46:35,-70.53,-23.22,9.8,5.0,mb,us
2007-11-15,03:25:14,-70.31,-22.28,35.0,4.1,mb,us
2007-11-15,03:27:29,-70.57,-23.38,35.0,4.1,mb,us
2007-11-15,04:29:55,-69.86,-22.28,61.0,4.5,mb,us
2007-11-15,09:31:30,-70.61,-23.31,35.0,5.0,mb,us
2007-11-15,11:14:50,-70.72,-23.16,19.4,5.3,mwc,gcmt
2007-11-15,12:31:23,-75.24,-14.74,92.7,3.7,mb,us
2007-11-15,13:09:07,-71.24,-28.53,55.2,4.1,mb,us
2007-11-15,15:03:09,-70.41,-22.87,27.0,6.3,mwc,gcmt
2007-11-15,15:05:58,-70.24,-22.92,26.0,6.8,mwc,gcmt
2007-11-15,15:11:33,-69.74,-23.22,98.5,4.8,mb,us
2007-11-15,15:12:57,-70.47,-23.14,32.7,5.2,mb,us
2007-11-15,15:15:49,-70.19,-22.79,29.4,5.6,mb,us
2007-11-15,15:23:55,-70.21,-21.91,35.0,0.0,,us
2007-11-15,15:45:49,-70.58,-23.0,33.7,4.9,mb,us
2007-11-15,16:10:54,-70.48,-22.95,36.1,4.7,mb,us
2007-11-15,16:13:56,-70.64,-22.96,37.5,4.7,mb,us
2007-11-15,16:23:36,-70.52,-22.98,35.5,4.7,mb,us
2007-11-15,16:32:49,-70.7,-23.42,23.1,0.0,,us
2007-11-15,16:52:54,-70.44,-23.04,16.1,0.0,,us
2007-11-15,17:25:56,-70.74,-23.26,35.0,3.3,mb,us
2007-11-15,17:35:53,-70.56,-22.85,35.0,0.0,,us
2007-11-15,20:15:24,-68.88,-20.38,121.5,4.7,mb,us
2007-11-15,21:01:45,-70.64,-22.76,35.0,0.0,,us
2007-11-15,21:05:35,-70.3,-23.02,35.0,4.7,mb,us
2007-11-15,21:12:26,-70.66,-22.88,35.0,5.0,mb,us
2007-11-15,21:17:49,-63.96,-19.28,29.3,5.1,mb,us
2007-11-16,01:53:06,-70.47,-22.97,35.0,4.5,mb,us
2007-11-16,02:13:18,-68.67,-22.36,98.7,4.3,mb,us
2007-11-16,04:58:16,-70.19,-22.46,21.9,3.7,ml,guc
2007-11-16,05:56:41,-70.05,-22.52,20.1,3.5,ml,guc
2007-11-16,06:03:58,-70.29,-22.06,25.0,3.0,ml,guc
2007-11-16,06:22:47,-69.45,-22.87,63.0,0.0,,us
2007-11-16,06:47:56,-70.74,-22.72,19.9,3.2,ml,guc
2007-11-16,06:53:52,-76.86,-13.55,35.0,4.0,mb,us
2007-11-16,08:06:32,-70.32,-22.99,26.1,3.5,ml,guc
2007-11-16,08:42:39,-70.6,-22.84,14.8,5.5,mwc,gcmt
2007-11-16,09:11:56,-70.92,-23.4,35.0,4.6,mb,us
2007-11-16,10:54:10,-70.47,-23.26,35.0,0.0,,us
2007-11-16,11:35:02,-70.65,-23.07,5.3,4.1,ml,guc
2007-11-16,12:19:16,-68.94,-32.67,138.7,3.1,md,guc
2007-11-16,14:06:52,-70.55,-22.82,15.6,3.9,ml,guc
2007-11-16,14:34:07,-70.57,-23.38,44.5,5.2,mwc,gcmt
2007-11-16,14:39:33,-70.72,-22.66,35.0,0.0,,us
2007-11-16,17:05:19,-69.9,-22.17,39.2,4.8,mb,us
2007-11-16,18:18:23,-69.85,-31.72,121.8,3.0,m,guc
2007-11-16,18:38:54,-66.56,-21.59,216.6,0.0,,us
2007-11-16,18:57:32,-71.35,-32.3,40.9,4.1,md,guc
2007-11-16,19:07:27,-70.44,-22.8,37.0,4.5,mb,us
2007-11-16,21:09:29,-70.63,-23.33,8.5,4.5,mb,us
2007-11-16,23:50:46,-70.26,-22.89,49.2,0.0,,us
2007-11-17,01:24:28,-70.58,-23.4,35.0,4.4,mb,us
2007-11-17,03:07:32,-70.29,-23.04,34.5,5.5,mwc,gcmt
2007-11-17,03:20:15,-70.31,-22.56,31.2,0.0,,us
2007-11-17,15:59:33,-70.8,-23.22,35.0,0.0,,us
2007-11-17,17:54:33,-70.6,-23.06,14.7,5.9,mwc,gcmt
2007-11-17,18:04:38,-70.72,-23.18,24.3,4.9,mb,us
2007-11-17,18:13:13,-70.62,-23.15,7.2,5.2,mwc,gcmt
2007-11-17,18:33:36,-70.75,-23.23,15.9,4.5,mb,us
2007-11-17,19:04:28,-70.57,-23.14,40.9,4.5,mb,us
2007-11-17,19:25:47,-70.68,-23.1,35.0,4.7,mb,us
2007-11-17,19:27:52,-69.99,-22.81,40.5,4.8,mb,us
2007-11-17,19:41:37,-70.86,-23.21,6.8,4.6,mb,us
2007-11-17,19:59:20,-70.72,-23.16,14.4,4.7,mb,us
2007-11-17,22:17:30,-70.8,-23.15,29.5,5.1,mb,us
2007-11-18,01:49:33,-70.6,-23.24,35.0,0.0,,us
2007-11-18,03:13:09,-70.35,-22.5,35.0,3.8,mb,us
2007-11-18,05:40:12,-66.32,-22.64,246.4,6.0,mwb,us
2007-11-18,05:59:45,-67.07,-24.31,156.1,0.0,,us
2007-11-18,07:02:42,-69.58,-18.62,97.2,5.3,mwc,gcmt
2007-11-18,07:53:30,-71.92,-29.35,12.8,0.0,,us
2007-11-18,12:15:41,-70.55,-23.1,33.0,5.7,mwc,gcmt
2007-11-18,12:27:12,-66.75,-24.06,189.3,4.0,mb,us
2007-11-18,12:34:36,-76.74,-13.49,45.1,4.3,mb,us
2007-11-18,13:15:09,-76.2,-13.72,50.4,0.0,,us
2007-11-18,13:44:52,-70.07,-15.47,217.8,4.5,mb,us
2007-11-18,15:24:54,-70.65,-22.78,19.7,5.2,mb,us
2007-11-18,19:28:31,-67.06,-24.2,168.9,4.2,mb,us
2007-11-18,22:42:12,-63.31,-27.34,561.6,4.3,mb,us
2007-11-19,03:35:27,-79.55,-9.61,43.6,0.0,,us
2007-11-19,03:43:32,-70.75,-22.87,35.0,4.3,mb,us
2007-11-19,04:59:45,-70.55,-22.71,35.0,4.1,mb,us
2007-11-19,18:19:22,-70.56,-22.88,31.1,5.0,mb,us
2007-11-19,18:32:29,-118.34,-52.1,10.0,0.0,,us
2007-11-19,20:21:08,-70.6,-22.9,13.1,5.3,mwc,gcmt
2007-11-19,23:30:29,-70.77,-22.79,29.9,5.9,mwc,gcmt
2007-11-20,00:08:32,-70.67,-22.88,41.2,3.7,mb,us
2007-11-20,00:24:10,-70.87,-22.77,32.1,3.5,ml,guc
2007-11-20,00:29:22,-70.7,-22.84,39.4,3.4,m,guc
2007-11-20,00:51:10,-70.07,-23.08,35.0,5.1,mb,us
2007-11-20,01:24:50,-70.87,-22.76,33.3,4.9,mb,us
2007-11-20,01:43:29,-70.36,-22.66,44.0,3.9,m,guc
2007-11-20,02:25:54,-70.72,-22.79,35.9,4.4,mb,us
2007-11-20,02:29:27,-70.22,-29.88,124.9,3.9,mb,us
2007-11-20,04:26:04,-70.64,-22.84,35.2,3.9,ml,guc
2007-11-20,04:56:16,-70.68,-22.81,31.0,5.0,mb,us
2007-11-20,06:41:10,-70.56,-22.82,32.5,4.7,mb,us
2007-11-20,13:05:42,-70.49,-33.34,91.3,3.5,md,guc
2007-11-20,13:10:49,-66.26,-22.7,222.6,4.6,mb,us
2007-11-20,13:35:37,-70.71,-22.84,25.0,4.2,mb,us
2007-11-20,13:41:14,-66.7,-24.13,184.9,4.0,mb,us
2007-11-20,16:44:29,-70.39,-23.15,15.9,5.4,mwc,gcmt
2007-11-20,17:55:52,-70.48,-22.92,15.0,6.1,mwc,gcmt
2007-11-20,20:51:45,-70.72,-23.04,27.2,4.1,mb,us
2007-11-20,20:55:29,-70.65,-23.21,23.4,5.0,mb,us
2007-11-20,22:38:31,-70.62,-22.88,35.9,4.8,mb,us
2007-11-21,04:02:02,-70.83,-23.14,33.4,4.0,ml,guc
2007-11-21,04:24:14,-77.11,-4.57,137.3,4.0,mb,us
2007-11-21,07:53:01,-70.65,-22.82,34.4,4.7,mb,us
2007-11-21,07:55:22,-70.6,-22.82,46.6,5.0,mb,us
2007-11-21,09:24:26,-76.59,-14.27,41.1,4.3,mb,us
2007-11-21,12:55:06,-68.47,-24.81,115.4,5.8,mwb,us
2007-11-21,13:12:56,-68.52,-25.0,89.9,3.7,mb,us
2007-11-21,15:11:41,-74.58,-15.12,88.0,4.0,m,lim
2007-11-21,17:36:50,-73.1,-36.78,23.6,2.8,ml,guc
2007-11-21,17:39:58,-70.34,-22.59,68.3,4.4,mb,us
2007-11-21,22:44:30,-70.76,-23.13,32.3,3.5,ml,guc
2007-11-22,19:47:18,-70.27,-32.16,100.7,4.3,mb,us
2007-11-22,21:02:28,-70.57,-22.26,37.2,3.9,mb,us
2007-11-23,03:57:14,-101.59,-35.76,10.0,4.5,mb,us
2007-11-23,07:32:33,-70.18,-22.54,49.9,4.3,md,guc
2007-11-23,07:54:43,-70.93,-31.19,26.8,3.1,ml,guc
2007-11-23,12:44:47,-71.07,-26.71,44.7,4.9,mb,us
2007-11-24,00:37:30,-72.97,-35.6,63.5,4.0,m,guc
2007-11-24,05:02:07,-69.01,-23.77,92.1,5.6,mwb,us
2007-11-25,11:13:09,-70.44,-22.78,32.2,4.1,ml,guc
2007-11-25,13:20:01,-71.46,-31.54,41.3,4.6,mb,us
2007-11-26,00:10:10,-104.97,-35.45,10.0,5.2,mwc,gcmt
2007-11-26,03:59:44,-68.32,-23.62,119.0,4.3,m,guc
2007-11-26,06:14:56,-70.31,-22.53,34.7,5.0,mwc,gcmt
2007-11-26,06:58:51,-70.74,-22.74,30.5,4.8,mb,us
2007-11-26,09:10:08,-70.08,-22.07,45.1,4.9,mb,us
2007-11-27,00:48:38,-70.71,-22.73,34.4,4.7,mb,us
2007-11-27,03:34:11,-70.42,-23.12,39.1,4.9,mb,us
2007-11-27,16:24:58,-76.01,-14.24,26.7,4.1,ml,lim
2007-11-28,02:14:05,-70.51,-22.78,55.6,4.6,mb,us
2007-11-28,17:44:20,-76.83,-13.44,18.0,4.0,mb,us
2007-11-29,03:26:23,-97.4,-36.76,10.0,6.3,mwc,gcmt
2007-11-29,03:36:22,-94.14,-37.15,10.0,4.5,mb,us
2007-11-29,15:48:20,-74.72,-8.7,129.1,4.5,mb,us
2007-11-29,15:50:34,-68.4,-20.82,126.0,0.0,,us
2007-11-29,19:44:19,-70.56,-15.37,150.6,4.0,mb,us
2007-11-29,23:32:08,-70.6,-23.38,33.6,4.0,ml,guc
2007-11-30,13:23:01,-70.75,-22.92,35.0,4.7,mb,us
2007-11-30,16:29:00,-76.78,-13.74,35.0,4.0,ml,lim
2007-12-01,01:25:40,-71.2,-28.54,35.0,0.0,,us
2007-12-01,11:14:51,-67.34,-23.84,229.3,4.7,m,guc
2007-12-01,15:52:52,-69.32,-31.23,150.4,3.9,md,guc
2007-12-01,18:27:05,-68.88,-20.98,103.3,4.4,mb,us
2007-12-02,19:12:49,-70.6,-33.38,98.0,2.5,md,guc
2007-12-02,21:25:08,-70.07,-31.64,127.5,3.3,md,guc
2007-12-03,01:39:14,-72.38,-34.61,47.6,3.3,md,guc
2007-12-03,03:58:43,-71.68,-32.43,32.5,2.6,ml,guc
2007-12-03,04:16:36,-70.45,-22.93,37.2,3.6,m,guc
2007-12-03,05:33:55,-70.9,-33.96,76.2,3.2,md,guc
2007-12-03,13:37:55,-70.36,-33.7,106.6,3.1,md,guc
2007-12-04,04:43:31,-76.24,-14.19,35.0,4.1,mb,us
2007-12-04,06:42:35,-71.75,-32.69,32.6,3.1,ml,guc
2007-12-04,07:47:41,-73.03,-32.94,20.8,3.3,ml,guc
2007-12-04,09:44:43,-67.47,-28.43,115.9,4.3,mb,us
2007-12-04,10:14:11,-76.32,-14.21,27.7,4.1,mb,us
2007-12-04,12:54:58,-68.3,-21.42,126.3,3.9,mb,us
2007-12-04,13:13:52,-75.72,-6.61,25.1,4.1,mb,us
2007-12-04,15:45:51,-66.61,-22.95,204.4,4.6,mb,us
2007-12-04,17:29:28,-73.35,-14.41,75.4,0.0,,us
2007-12-04,19:47:17,-70.55,-31.23,108.2,3.8,md,guc
2007-12-04,19:56:58,-70.21,-17.56,46.4,5.1,mb,us
2007-12-04,20:04:54,-70.27,-17.7,63.3,3.9,mb,us
2007-12-05,06:37:29,-70.29,-33.7,117.6,3.3,md,guc
2007-12-05,14:40:17,-88.3,-40.82,10.0,4.3,mb,us
2007-12-05,15:23:10,-69.22,-20.14,90.7,4.5,m,guc
2007-12-06,01:11:09,-70.74,-23.52,33.3,5.1,mwc,gcmt
2007-12-06,07:41:10,-68.95,-22.67,97.4,3.1,m,guc
2007-12-06,07:49:31,-68.32,-23.1,129.7,4.0,m,guc
2007-12-06,08:20:30,-71.78,-32.72,24.9,2.6,ml,guc
2007-12-06,09:13:40,-71.16,-32.76,49.3,3.5,md,guc
2007-12-06,15:12:29,-70.36,-20.61,39.8,4.5,mb,us
2007-12-07,00:43:19,-68.94,-33.35,7.7,2.8,ml,guc
2007-12-07,01:13:48,-69.82,-31.78,131.2,3.2,md,guc
2007-12-07,01:41:02,-76.66,-13.52,22.3,5.6,mwc,gcmt
2007-12-07,05:17:17,-71.61,-32.37,40.9,2.6,m,guc
2007-12-07,06:56:10,-71.13,-34.53,73.2,3.0,md,guc
2007-12-07,11:14:09,-71.43,-29.94,36.9,3.2,m,guc
2007-12-07,16:13:45,-68.84,-21.07,104.0,3.6,md,guc
2007-12-08,01:49:11,-67.02,-24.02,171.5,4.7,m,guc
2007-12-08,03:44:54,-70.18,-31.86,125.0,3.3,md,guc
2007-12-08,06:53:48,-111.63,-13.7,10.0,5.1,mwc,gcmt
2007-12-08,07:13:19,-111.93,-13.47,10.0,5.0,mwc,gcmt
2007-12-08,08:16:58,-68.92,-19.09,118.5,4.5,mb,us
2007-12-08,09:20:58,-70.02,-34.18,16.5,3.3,md,guc
2007-12-08,13:24:33,-72.79,-45.79,35.0,4.8,mb,us
2007-12-08,14:12:16,-70.16,-33.54,115.5,2.5,md,guc
2007-12-08,23:59:33,-72.36,-34.88,130.0,3.4,md,guc
2007-12-09,02:03:29,-44.23,-15.05,10.0,4.9,mb,us
2007-12-09,05:27:20,-69.02,-19.22,99.4,4.8,mb,us
2007-12-09,11:02:56,-71.1,-34.7,95.5,3.0,md,guc
2007-12-09,12:00:17,-71.18,-35.31,103.5,3.3,md,guc
2007-12-09,12:34:56,-77.71,-4.79,63.8,3.5,mb,us
2007-12-09,13:36:02,-71.63,-16.46,78.7,0.0,,us
2007-12-09,15:12:23,-71.71,-32.73,46.6,3.5,md,guc
2007-12-09,15:19:26,-71.37,-30.32,55.8,4.7,mb,us
2007-12-09,23:44:45,-69.49,-16.18,199.8,3.9,mb,us
2007-12-10,02:05:56,-70.52,-23.13,37.1,4.0,m,guc
2007-12-10,02:56:16,-71.6,-29.75,48.0,3.5,m,guc
2007-12-10,12:00:19,-78.69,-7.89,111.6,4.7,mb,us
2007-12-10,12:54:01,-70.75,-23.05,30.4,3.9,ml,guc
2007-12-10,14:28:09,-75.69,-7.47,130.3,4.8,mb,us
2007-12-11,17:20:55,-65.83,-62.06,10.0,5.9,mwc,gcmt
2007-12-12,03:39:00,-70.97,-32.87,70.9,2.5,md,guc
2007-12-12,17:01:58,-76.07,-14.42,20.2,4.6,mb,us
2007-12-13,05:20:22,-70.48,-23.16,15.0,6.0,mwc,gcmt
2007-12-13,05:34:03,-72.23,-40.66,9.2,5.0,mb,us
2007-12-13,05:35:27,-70.52,-23.05,36.1,5.4,mwc,gcmt
2007-12-13,05:50:59,-70.69,-23.17,37.3,4.3,mb,us
2007-12-13,06:16:57,-70.56,-23.23,35.0,0.0,,us
2007-12-13,07:23:40,-70.55,-23.2,16.0,6.2,mwc,gcmt
2007-12-13,13:58:40,-70.65,-23.23,26.6,4.5,mb,us
2007-12-14,08:52:49,-70.86,-34.17,81.0,3.4,md,guc
2007-12-14,14:58:28,-80.32,-8.52,35.0,0.0,,us
2007-12-14,19:46:17,-70.62,-23.03,31.3,4.4,mb,us
2007-12-15,11:19:54,-70.42,-23.16,28.6,5.0,mb,us
2007-12-15,15:36:12,-71.05,-31.67,42.1,4.3,md,guc
2007-12-15,18:22:27,-71.69,-32.69,25.0,5.9,mwb,us
2007-12-15,18:54:28,-71.65,-32.67,15.2,4.7,mb,us
2007-12-15,23:10:33,-70.35,-23.01,35.0,4.0,mb,us
2007-12-16,00:06:16,-70.58,-23.31,35.0,4.7,mb,us
2007-12-16,00:20:49,-71.81,-32.77,14.1,3.9,ml,guc
2007-12-16,00:24:06,-70.68,-23.3,35.0,3.6,ml,guc
2007-12-16,03:34:58,-71.79,-32.75,21.4,2.8,ml,guc
2007-12-16,08:09:18,-70.18,-22.95,45.0,6.7,mwb,us
2007-12-16,08:26:43,-70.11,-23.07,59.0,4.3,mb,us
2007-12-16,15:53:13,-71.68,-32.76,24.9,4.0,ml,guc
2007-12-16,19:29:24,-70.26,-23.04,35.0,4.1,mb,us
2007-12-17,00:27:50,-71.77,-32.68,28.2,3.8,ml,guc
2007-12-17,00:31:32,-71.71,-32.74,20.8,3.4,ml,guc
2007-12-17,01:02:12,-70.6,-33.96,95.0,2.6,md,guc
2007-12-17,05:09:40,-70.17,-22.98,52.0,4.3,mb,us
2007-12-17,06:29:52,-71.81,-32.71,12.8,4.8,mb,us
2007-12-17,06:38:24,-71.78,-32.76,24.3,3.6,ml,guc
2007-12-17,09:26:35,-71.07,-32.88,62.5,5.0,mb,us
2007-12-17,09:41:37,-71.69,-32.7,5.1,3.1,ml,guc
2007-12-17,11:29:44,-71.72,-32.72,32.9,3.4,ml,guc
2007-12-17,11:48:14,-71.71,-32.66,9.1,4.1,ml,guc
2007-12-17,14:29:48,-70.73,-23.31,1.8,4.6,mb,us
2007-12-17,16:07:36,-70.22,-22.8,58.6,4.3,mb,us
2007-12-17,17:34:12,-71.69,-32.72,22.4,3.1,ml,guc
2007-12-17,18:22:08,-70.89,-27.68,46.1,0.0,,us
2007-12-18,00:48:04,-71.72,-32.68,21.3,3.0,ml,guc
2007-12-18,01:51:53,-70.14,-22.9,37.9,4.0,mb,us
2007-12-18,04:05:47,-67.46,-23.89,223.4,4.0,mb,us
2007-12-18,09:24:46,-71.77,-32.72,27.4,2.8,ml,guc
2007-12-18,10:32:32,-125.5,-55.31,10.0,4.5,mb,us
2007-12-18,12:39:33,-72.11,-32.6,25.2,0.0,,us
2007-12-19,04:23:23,-68.54,-21.5,137.9,4.0,md,guc
2007-12-19,04:57:50,-70.8,-30.9,112.0,4.1,md,guc
2007-12-19,12:04:53,-70.63,-23.22,22.2,4.2,mb,us
2007-12-19,13:33:52,-75.47,-14.31,51.3,4.6,mb,us
2007-12-20,03:06:56,-71.79,-32.71,30.1,5.5,mwc,gcmt
2007-12-20,03:15:48,-71.75,-32.78,30.4,3.5,ml,guc
2007-12-20,03:18:09,-71.74,-32.7,20.9,4.5,mb,us
2007-12-20,03:22:03,-71.81,-32.7,29.6,4.9,mb,us
2007-12-20,03:52:42,-70.75,-33.36,76.9,3.1,md,guc
2007-12-20,04:22:36,-71.75,-32.76,29.2,3.1,ml,guc
2007-12-20,04:26:12,-71.64,-32.46,43.2,3.8,md,guc
2007-12-20,06:12:59,-70.37,-17.28,110.1,4.9,mb,us
2007-12-20,08:51:23,-73.63,-14.18,74.9,4.2,mb,us
2007-12-20,11:13:40,-71.65,-32.71,8.8,4.3,md,guc
2007-12-20,16:25:59,-70.14,-23.04,48.0,4.0,mb,us
2007-12-21,11:17:44,-71.87,-32.7,17.4,3.6,ml,guc
2007-12-22,00:51:44,-69.89,-34.42,8.1,2.5,ml,guc
2007-12-22,02:06:09,-114.62,-23.07,10.0,5.0,mwc,gcmt
2007-12-22,02:22:08,-114.29,-23.02,10.0,5.2,mwc,gcmt
2007-12-22,05:17:46,-74.8,-10.8,48.8,4.5,mb,us
2007-12-22,11:41:42,-70.2,-19.72,10.0,0.0,,us
2007-12-22,12:33:37,-70.63,-22.65,7.0,3.9,mb,us
2007-12-23,05:33:28,-66.98,-24.22,163.9,4.6,mb,us
2007-12-23,18:18:30,-68.71,-19.44,35.0,0.0,,us
2007-12-23,22:46:41,-69.43,-17.55,137.8,0.0,,us
2007-12-23,23:07:29,-70.59,-23.27,21.5,4.3,mb,us
2007-12-24,01:49:54,-111.78,-13.33,10.0,4.4,mb,us
2007-12-24,22:38:12,-68.05,-20.25,154.4,3.4,m,guc
2007-12-24,22:57:13,-70.9,-32.23,81.2,3.1,md,guc
2007-12-24,23:31:15,-70.56,-23.13,36.9,4.0,ml,guc
2007-12-25,00:25:08,-72.98,-36.27,26.1,3.4,ml,guc
2007-12-25,01:28:54,-70.61,-31.74,114.3,2.8,m,guc
2007-12-25,04:47:58,-69.19,-19.1,107.7,4.0,mb,us
2007-12-25,12:15:56,-70.06,-22.98,49.4,4.9,mb,us
2007-12-25,12:43:20,-70.33,-23.01,36.8,3.5,mb,us
2007-12-25,16:20:53,-69.05,-19.44,112.6,5.8,mwb,us
2007-12-25,17:47:48,-70.47,-23.16,26.7,4.3,mb,us
2007-12-25,21:02:22,-73.9,-9.3,27.0,4.3,mb,us
2007-12-26,12:58:44,-72.98,-36.44,10.5,4.3,ml,guc
2007-12-26,21:44:39,-70.62,-23.08,35.0,3.7,mb,us
2007-12-26,23:09:38,-71.75,-27.43,2.9,4.4,mb,us
2007-12-26,23:40:53,-68.63,-22.45,106.6,5.5,mwc,gcmt
2007-12-27,03:05:04,-70.41,-23.06,38.5,3.9,m,guc
2007-12-27,11:13:33,-66.95,-24.32,144.0,4.2,mb,us
2007-12-28,02:24:22,-71.68,-15.64,130.4,3.7,mb,us
2007-12-28,02:47:06,-70.3,-33.03,92.7,3.4,md,guc
2007-12-28,09:49:41,-91.09,-41.08,10.0,5.0,mwc,gcmt
2007-12-28,11:37:28,-71.85,-33.66,38.8,3.4,md,guc
2007-12-28,14:53:28,-71.0,-33.19,72.6,3.5,md,guc
2007-12-28,20:04:52,-68.38,-21.2,109.6,0.0,,us
2007-12-28,21:37:35,-66.68,-24.04,187.8,4.1,mb,us
2007-12-29,14:07:23,-69.89,-20.11,36.0,3.9,mb,us
2007-12-30,13:40:24,-68.72,-31.41,110.3,4.3,mb,us
2007-12-30,19:45:02,-69.62,-32.41,115.1,4.5,mb,us
2007-12-31,01:50:35,-70.05,-22.2,48.5,3.6,mb,us
2007-12-31,10:39:44,-75.43,-14.79,27.7,5.2,mwc,gcmt
2007-12-31,10:59:03,-75.49,-14.8,32.3,5.0,mb,us
2007-12-31,15:14:47,-75.41,-14.72,38.4,0.0,,us
2007-12-31,15:32:51,-66.98,-24.2,166.2,4.0,mb,us
2008-01-01,03:25:27,-69.18,-19.5,194.5,3.7,mb,us
2008-01-01,10:08:51,-103.69,-35.76,10.0,5.0,mwc,gcmt
2008-01-01,18:09:15,-71.84,-32.08,30.5,3.0,ml,guc
2008-01-01,22:28:00,-69.85,-21.3,56.1,3.6,md,guc
2008-01-01,23:07:01,-71.25,-34.89,79.3,4.5,mb,us
2008-01-02,00:33:20,-75.77,-13.04,49.4,3.9,mb,us
2008-01-02,00:48:12,-58.62,-61.21,30.6,4.6,mb,us
2008-01-02,03:14:20,-71.78,-32.62,26.7,2.5,ml,guc
2008-01-02,03:44:01,-71.75,-32.71,30.8,3.6,ml,guc
2008-01-02,04:42:58,-70.53,-20.1,43.9,4.0,m,guc
2008-01-02,08:42:29,-70.44,-23.1,24.9,5.0,mb,us
2008-01-02,11:44:54,-114.86,-23.67,10.0,5.0,mwc,gcmt
2008-01-02,12:17:01,-67.42,-28.22,123.7,0.0,,us
2008-01-02,15:18:56,-94.24,-36.85,10.0,5.2,mwc,gcmt
2008-01-02,19:37:44,-72.54,-35.95,15.1,3.5,ml,guc
2008-01-02,22:57:20,-68.48,-21.55,135.5,3.9,mb,us
2008-01-02,23:26:59,-72.92,-15.98,83.0,4.8,mb,us
2008-01-03,04:39:20,-76.05,-7.17,114.9,4.5,mb,us
2008-01-03,12:12:52,-66.79,-21.36,209.7,3.9,mb,us
2008-01-03,16:28:54,-71.58,-27.82,12.3,4.8,mb,us
2008-01-03,20:01:01,-69.09,-32.66,160.2,3.0,md,guc
2008-01-03,20:27:09,-68.47,-21.26,127.2,3.4,md,guc
2008-01-04,01:26:31,-68.63,-21.64,117.7,5.3,mwc,gcmt
2008-01-04,03:32:38,-69.89,-31.84,138.6,3.8,md,guc
2008-01-04,06:30:29,-68.56,-20.34,154.6,4.1,m,guc
2008-01-04,09:15:30,-115.69,-25.85,10.0,4.1,mb,us
2008-01-04,13:55:30,-69.45,-18.37,102.5,4.5,mb,us
2008-01-04,23:50:12,-72.04,-33.41,42.9,3.1,md,guc
2008-01-05,05:52:11,-71.44,-34.17,46.2,2.7,md,guc
2008-01-05,07:29:34,-68.48,-22.82,103.0,5.7,mwc,gcmt
2008-01-05,08:46:50,-71.77,-32.81,34.5,3.0,ml,guc
2008-01-05,12:38:56,-71.04,-25.85,48.3,4.4,md,guc
2008-01-05,22:09:44,-64.51,-27.43,35.0,0.0,,us
2008-01-05,23:42:54,-66.63,-23.38,199.9,4.1,mb,us
2008-01-06,02:15:37,-68.43,-23.02,87.0,3.7,mb,us
2008-01-06,09:58:35,-72.96,-36.23,35.0,4.6,mb,us
2008-01-06,10:44:06,-72.24,-35.25,27.1,2.8,ml,guc
2008-01-06,17:47:07,-70.22,-23.07,35.0,3.8,mb,us
2008-01-06,18:37:58,-72.87,-14.02,72.9,3.4,mb,us
2008-01-06,18:46:06,-70.0,-24.15,55.7,0.0,,us
2008-01-06,20:50:21,-69.33,-24.79,94.1,0.0,,us
2008-01-06,23:46:29,-68.9,-19.7,107.6,4.6,mb,us
2008-01-07,22:26:07,-88.07,-40.82,10.0,4.8,mb,us
2008-01-08,06:17:38,-68.27,-22.0,102.5,4.0,mb,us
2008-01-08,08:58:13,-70.16,-34.13,130.8,3.4,md,guc
2008-01-09,00:51:45,-67.14,-24.04,163.8,4.2,mb,us
2008-01-09,10:28:21,-71.92,-30.56,28.1,4.8,mb,us
2008-01-09,11:09:56,-71.94,-30.45,46.8,4.7,mb,us
2008-01-09,13:33:56,-72.11,-30.43,14.9,0.0,,us
2008-01-09,20:40:18,-102.18,-35.83,10.0,5.3,mwc,gcmt
2008-01-10,01:38:29,-72.19,-30.53,28.3,4.0,ml,guc
2008-01-10,01:59:24,-72.12,-30.63,24.4,4.1,ml,guc
2008-01-10,04:45:42,-68.86,-21.11,120.1,4.3,mb,us
2008-01-10,21:46:32,-74.97,-6.58,132.4,0.0,,us
2008-01-10,23:52:30,-108.7,-9.21,10.0,5.1,mwc,gcmt
2008-01-11,04:18:16,-71.06,-32.06,65.3,4.0,mb,us
2008-01-11,11:30:16,-71.74,-32.56,28.8,3.1,ml,guc
2008-01-11,20:38:53,-70.83,-35.02,109.9,3.1,md,guc
2008-01-12,03:48:13,-79.56,-7.0,71.0,4.7,mb,us
2008-01-12,15:38:06,-71.62,-7.55,559.5,4.8,mb,us
2008-01-13,03:01:51,-71.78,-34.74,38.3,3.8,md,guc
2008-01-13,06:14:33,-70.34,-22.06,33.3,4.1,ml,guc
2008-01-13,08:22:36,-70.41,-33.9,8.1,2.8,md,guc
2008-01-13,10:50:26,-68.81,-31.65,109.2,0.0,,us
2008-01-13,12:36:38,-68.56,-21.07,131.4,3.7,m,guc
2008-01-13,16:03:42,-69.95,-31.78,1.1,2.8,ml,guc
2008-01-13,17:29:26,-71.52,-31.79,44.2,3.6,md,guc
2008-01-14,06:04:28,-66.46,-27.01,169.6,4.2,mb,us
2008-01-14,14:45:57,-71.63,-33.71,42.1,2.8,m,guc
2008-01-14,19:15:15,-68.94,-19.72,105.7,3.7,mb,us
2008-01-14,21:24:05,-70.14,-29.31,133.2,4.5,mb,us
2008-01-15,00:09:42,-70.1,-20.46,37.5,3.8,mb,us
2008-01-15,22:52:33,-69.75,-23.26,28.3,4.9,mb,us
2008-01-16,23:34:53,-72.57,-16.7,81.2,4.4,mb,us
2008-01-17,02:01:02,-76.96,-13.34,23.9,4.2,mb,us
2008-01-17,02:28:22,-66.86,-24.13,186.5,3.8,mb,us
2008-01-17,04:52:54,-70.59,-35.15,28.0,4.3,mb,us
2008-01-17,04:55:37,-70.59,-35.13,17.4,3.6,ml,guc
2008-01-17,06:18:16,-70.59,-35.13,17.9,3.2,md,guc
2008-01-17,19:12:52,-68.51,-22.51,107.1,4.6,mb,us
2008-01-17,20:57:32,-71.39,-30.9,47.7,2.6,m,guc
2008-01-18,05:02:21,-68.39,-21.66,134.1,3.9,m,guc
2008-01-18,05:36:56,-90.25,-41.25,10.0,5.1,mwc,gcmt
2008-01-18,06:57:17,-71.8,-32.66,15.0,4.4,ml,guc
2008-01-18,08:37:02,-74.32,-15.8,44.9,4.1,mb,us
2008-01-18,21:33:01,-66.65,-23.61,191.6,4.3,mb,us
2008-01-18,23:46:55,-74.73,-15.17,53.8,5.0,mwc,gcmt
2008-01-19,05:08:24,-70.27,-31.28,125.0,3.2,md,guc
2008-01-19,06:25:28,-70.66,-31.78,106.2,3.2,md,guc
2008-01-19,18:02:23,-71.38,-33.82,41.9,3.0,md,guc
2008-01-19,19:15:20,-70.44,-28.51,60.7,3.4,m,guc
2008-01-19,20:51:05,-111.98,-34.86,10.0,4.8,mb,us
2008-01-19,20:57:28,-111.75,-35.25,10.0,5.0,mwc,gcmt
2008-01-19,21:06:52,-111.62,-34.97,10.0,0.0,,us
2008-01-19,22:19:12,-111.97,-34.93,10.0,5.0,mwc,gcmt
2008-01-20,01:29:14,-71.58,-29.87,28.4,3.1,ml,guc
2008-01-20,04:51:30,-70.35,-22.49,34.0,4.0,ml,guc
2008-01-20,06:08:57,-112.02,-35.02,10.0,5.6,mwc,gcmt
2008-01-20,19:30:04,-67.08,-22.3,166.7,3.8,mb,us
2008-01-20,21:09:31,-71.31,-30.88,59.2,3.0,m,guc
2008-01-20,22:09:00,-68.34,-21.14,129.3,3.4,mb,us
2008-01-21,03:41:36,-112.26,-34.68,10.0,4.6,mb,us
2008-01-21,04:39:59,-112.15,-34.55,10.0,4.5,mb,us
2008-01-21,12:24:27,-111.85,-34.86,10.0,5.8,mwc,gcmt
2008-01-21,12:53:41,-68.54,-31.01,151.2,4.1,mb,us
2008-01-21,15:05:51,-111.56,-34.69,10.0,4.8,mb,us
2008-01-22,03:25:30,-70.14,-24.6,51.6,4.1,mb,us
2008-01-22,09:09:28,-69.95,-19.84,45.2,5.1,mb,us
2008-01-22,15:50:45,-66.85,-24.1,184.7,4.3,mb,us
2008-01-23,05:48:18,-70.65,-33.49,84.2,3.4,md,guc
2008-01-23,08:12:21,-112.15,-35.07,10.0,4.5,mb,us
2008-01-23,08:53:07,-69.4,-30.11,10.0,3.8,ml,guc
2008-01-23,13:45:44,-71.4,-33.62,50.2,3.8,md,guc
2008-01-24,00:47:20,-69.3,-28.84,94.8,4.6,mb,us
2008-01-24,02:25:00,-74.92,-15.79,48.3,0.0,,us
2008-01-24,03:38:03,-70.15,-22.93,48.1,4.2,m,guc
2008-01-24,05:28:31,-68.68,-22.26,105.7,4.1,mb,us
2008-01-24,07:05:58,-71.71,-32.19,7.5,2.8,ml,guc
2008-01-25,01:12:15,-67.75,-21.18,151.8,4.2,mb,us
2008-01-25,04:15:34,-69.55,-19.09,93.6,3.3,md,guc
2008-01-25,10:56:03,-68.65,-21.89,108.8,3.1,md,guc
2008-01-25,11:13:45,-71.19,-16.61,35.0,4.3,ml,lim
2008-01-25,13:11:27,-71.71,-32.56,42.7,3.9,md,guc
2008-01-25,14:33:04,-69.07,-19.86,93.7,0.0,,us
2008-01-26,05:13:27,-69.12,-30.76,150.0,3.4,md,guc
2008-01-27,13:09:56,-63.76,-22.91,535.4,4.1,mb,us
2008-01-27,15:01:30,-67.39,-31.7,6.6,0.0,,us
2008-01-27,17:38:19,-72.15,-15.95,107.3,3.8,mb,us
2008-01-28,03:14:38,-70.19,-23.0,42.0,3.9,m,guc
2008-01-28,07:01:34,-71.88,-30.83,30.0,4.9,mb,us
2008-01-28,10:47:11,-71.63,-31.63,25.4,2.9,ml,guc
2008-01-28,11:57:28,-66.99,-24.09,170.1,4.4,mb,us
2008-01-28,13:38:44,-70.6,-27.84,115.7,0.0,,us
2008-01-28,18:42:54,-70.11,-32.52,109.3,3.0,md,guc
2008-01-29,00:28:28,-68.98,-20.16,103.9,4.1,mb,us
2008-01-29,02:44:11,-69.09,-19.99,77.2,3.9,m,guc
2008-01-29,08:27:19,-68.44,-34.34,23.7,3.2,ml,guc
2008-01-29,13:56:23,-68.5,-21.0,116.2,4.5,mb,us
2008-01-29,21:49:06,-71.71,-32.75,14.2,3.4,ml,guc
2008-01-29,23:42:31,-68.16,-20.19,141.3,3.9,mb,us
2008-01-30,04:43:22,-70.64,-34.06,101.9,2.8,md,guc
2008-01-30,09:47:15,-70.43,-35.07,18.5,2.9,ml,guc
2008-01-30,10:29:23,-74.05,-42.68,27.5,5.0,mb,us
2008-01-30,14:00:53,-71.35,-16.58,26.1,3.5,ml,lim
2008-01-30,15:57:55,-70.56,-34.63,124.7,2.7,md,guc
2008-01-31,00:09:43,-70.15,-20.33,39.3,4.4,mb,us
2008-01-31,00:31:29,-108.87,-34.75,10.0,5.2,mwc,gcmt
2008-01-31,04:33:04,-73.66,-7.88,35.0,0.0,,us
2008-01-31,09:36:22,-71.0,-34.94,99.5,4.8,mb,us
2008-01-31,19:02:52,-73.67,-14.18,74.1,4.6,mb,us
2008-01-31,20:44:38,-73.78,-14.23,78.7,3.8,mb,us
2008-02-01,01:58:43,-70.72,-33.64,83.1,3.9,md,guc
2008-02-01,04:01:18,-70.73,-32.88,46.1,3.1,md,guc
2008-02-01,04:42:01,-70.09,-34.03,4.5,3.3,ml,guc
2008-02-01,11:46:42,-69.02,-22.09,113.5,3.6,md,guc
2008-02-01,14:05:26,-70.42,-33.88,10.0,2.5,ml,guc
2008-02-01,14:06:08,-70.35,-33.16,102.2,3.0,md,guc
2008-02-01,23:12:44,-71.47,-29.94,40.3,3.5,md,guc
2008-02-02,00:22:08,-68.33,-22.14,102.2,5.2,mwc,gcmt
2008-02-02,02:03:16,-71.68,-30.95,19.1,4.1,ml,guc
2008-02-02,06:06:56,-70.1,-34.02,6.5,3.2,ml,guc
2008-02-02,10:14:05,-71.38,-35.84,95.0,3.1,md,guc
2008-02-02,13:49:31,-75.77,-6.56,127.9,4.3,mb,us
2008-02-02,16:26:07,-70.25,-22.23,36.8,4.2,m,guc
2008-02-02,21:46:47,-71.7,-32.32,11.8,2.9,ml,guc
2008-02-03,02:28:53,-68.72,-21.87,112.3,3.4,md,guc
2008-02-03,03:16:32,-71.5,-32.41,45.8,4.4,mb,us
2008-02-03,05:21:16,-70.22,-32.31,103.4,2.9,md,guc
2008-02-03,12:00:32,-71.47,-32.38,45.1,2.8,md,guc
2008-02-03,15:43:18,-70.56,-29.51,37.6,3.7,md,guc
2008-02-03,18:08:13,-69.42,-32.15,157.4,2.9,md,guc
2008-02-03,18:23:20,-68.57,-31.91,145.6,3.3,md,guc
2008-02-03,20:27:11,-67.62,-28.96,204.9,0.0,,us
2008-02-03,23:31:39,-71.93,-36.52,80.1,4.1,m,guc
2008-02-04,00:48:56,-68.7,-21.25,117.3,4.0,mb,us
2008-02-04,04:46:00,-117.75,-53.25,10.0,5.0,mwc,gcmt
2008-02-04,17:01:30,-70.04,-20.17,35.0,6.3,mwc,us
2008-02-05,01:03:21,-70.12,-32.68,124.5,2.9,md,guc
2008-02-05,01:40:52,-69.85,-31.6,150.0,3.1,md,guc
2008-02-05,02:35:36,-71.72,-30.75,22.2,3.5,ml,guc
2008-02-05,22:01:38,-67.34,-22.79,216.3,3.8,mb,us
2008-02-05,23:19:03,-71.64,-32.65,16.9,3.8,md,guc
2008-02-05,23:26:13,-69.44,-32.21,111.5,3.1,m,guc
2008-02-06,05:01:32,-71.22,-33.1,57.6,3.0,md,guc
2008-02-06,08:55:41,-73.05,-15.56,73.9,3.6,md,guc
2008-02-06,09:51:59,-67.4,-28.35,124.6,0.0,,us
2008-02-06,21:20:50,-68.28,-31.69,150.0,3.6,mb,us
2008-02-07,10:56:21,-74.4,-8.06,150.5,0.0,,us
2008-02-07,13:01:26,-71.29,-33.93,62.8,3.0,md,guc
2008-02-07,19:44:48,-103.78,-35.86,10.0,5.0,mwc,gcmt
2008-02-07,22:03:33,-74.28,-8.52,161.9,3.8,mb,us
2008-02-08,02:27:58,-72.33,-33.89,36.3,2.9,ml,guc
2008-02-08,13:07:51,-68.86,-19.94,119.3,4.5,mb,us
2008-02-08,13:50:39,-69.22,-18.99,122.7,3.9,mb,us
2008-02-08,14:16:49,-69.8,-23.43,68.0,4.0,m,guc
2008-02-08,15:39:45,-94.29,-37.35,10.0,4.4,mb,us
2008-02-08,15:59:02,-63.34,-27.56,577.5,4.5,mb,us
2008-02-08,23:22:25,-72.07,-33.93,45.7,3.6,md,guc
2008-02-08,23:39:51,-70.51,-33.12,93.3,2.5,md,guc
2008-02-09,02:23:15,-69.77,-32.12,155.7,3.0,md,guc
2008-02-09,02:27:19,-71.61,-33.61,40.5,3.3,md,guc
2008-02-09,04:44:03,-72.13,-33.93,22.3,3.5,ml,guc
2008-02-09,09:32:51,-71.27,-15.74,134.3,4.8,mb,us
2008-02-09,12:34:39,-69.11,-23.2,93.5,4.4,md,guc
2008-02-09,21:21:10,-72.18,-33.94,31.5,4.5,ml,guc
2008-02-10,02:30:59,-71.14,-27.92,18.2,3.9,mb,us
2008-02-10,04:49:51,-76.73,-13.54,10.0,4.1,mb,us
2008-02-10,10:28:56,-68.5,-20.03,125.2,4.3,mb,us
2008-02-11,02:13:09,-72.25,-33.95,39.1,3.8,md,guc
2008-02-11,02:45:46,-70.46,-33.4,102.4,3.0,md,guc
2008-02-11,07:00:39,-58.39,-59.9,10.0,5.2,mwc,gcmt
2008-02-11,10:15:21,-68.14,-24.0,169.4,4.4,m,guc
2008-02-12,01:11:54,-71.84,-32.69,15.0,2.8,ml,guc
2008-02-12,03:09:33,-72.21,-35.26,27.4,3.2,ml,guc
2008-02-12,13:56:58,-72.17,-27.8,10.0,0.0,,us
2008-02-12,14:34:10,-72.2,-27.9,35.0,0.0,,us
2008-02-12,17:48:57,-68.64,-21.48,110.7,3.8,m,guc
2008-02-13,01:08:26,-122.68,-55.68,10.0,4.1,mb,us
2008-02-13,03:00:45,-71.72,-32.65,31.3,3.0,ml,guc
2008-02-13,04:53:26,-72.27,-15.31,115.6,5.2,mwc,gcmt
2008-02-13,09:29:58,-68.94,-31.38,135.9,3.5,m,guc
2008-02-13,16:51:17,-75.64,-8.91,131.5,4.3,mb,us
2008-02-14,03:47:30,-58.45,-59.88,10.0,5.1,mwc,gcmt
2008-02-14,08:40:14,-71.57,-29.95,42.7,4.1,md,guc
2008-02-15,06:26:52,-71.1,-32.16,71.7,2.8,md,guc
2008-02-15,07:11:38,-71.67,-32.69,21.9,2.7,ml,guc
2008-02-15,08:01:48,-71.67,-32.66,33.1,3.4,ml,guc
2008-02-15,13:31:20,-71.05,-30.57,18.6,4.1,ml,guc
2008-02-15,16:54:06,-70.17,-22.91,45.8,4.8,mb,us
2008-02-15,21:16:06,-67.24,-28.78,133.7,0.0,,us
2008-02-15,21:50:26,-75.02,-40.2,10.0,4.7,mb,us
2008-02-15,23:11:05,-71.58,-31.68,59.1,3.7,md,guc
2008-02-16,01:03:44,-67.5,-31.19,150.0,4.2,md,guc
2008-02-16,02:31:22,-68.79,-22.03,103.3,4.2,mb,us
2008-02-16,03:38:40,-69.94,-31.6,141.0,3.4,md,guc
2008-02-16,04:23:37,-71.51,-38.95,52.7,4.5,mb,us
2008-02-16,05:59:59,-66.25,-21.05,223.4,3.6,md,guc
2008-02-16,08:37:11,-71.65,-30.94,18.2,3.5,ml,guc
2008-02-16,13:27:40,-70.32,-30.14,41.7,4.2,md,guc
2008-02-16,14:45:12,-68.39,-21.35,130.1,6.1,mwb,us
2008-02-16,22:36:01,-71.7,-32.66,17.1,2.8,ml,guc
2008-02-17,00:11:10,-70.14,-29.94,5.4,2.7,ml,guc
2008-02-17,00:47:47,-76.82,-13.43,29.2,4.8,mb,us
2008-02-17,05:37:50,-67.78,-18.64,197.7,3.6,mb,us
2008-02-17,07:16:19,-70.99,-33.44,71.1,3.1,md,guc
2008-02-17,07:42:43,-69.12,-31.32,150.0,3.1,md,guc
2008-02-17,14:21:56,-68.43,-21.58,124.8,4.3,mb,us
2008-02-17,14:49:09,-70.07,-19.47,40.1,4.0,mb,us
2008-02-17,21:29:38,-75.25,-6.32,158.6,4.4,mb,us
2008-02-18,00:16:42,-71.61,-30.85,38.8,2.8,m,guc
2008-02-18,00:46:50,-76.89,-13.55,35.0,3.9,mb,us
2008-02-18,01:23:30,-76.91,-13.4,35.0,0.0,,us
2008-02-18,02:02:28,-66.12,-22.74,241.0,4.6,mb,us
2008-02-18,02:20:16,-66.66,-24.06,181.7,0.0,,us
2008-02-18,08:51:03,-68.78,-31.48,97.7,4.7,mb,us
2008-02-18,09:21:57,-69.04,-21.44,124.9,4.4,m,guc
2008-02-18,10:08:46,-71.51,-31.67,44.3,4.0,md,guc
2008-02-18,15:29:52,-69.79,-21.3,53.1,4.5,mb,us
2008-02-18,18:47:19,-71.03,-28.68,109.3,3.3,md,guc
2008-02-18,22:57:48,-66.87,-24.32,169.8,4.2,mb,us
2008-02-19,02:25:13,-67.63,-24.2,209.9,4.7,m,guc
2008-02-19,06:22:29,-69.08,-19.56,102.3,4.3,mb,us
2008-02-19,06:38:26,-71.37,-31.08,56.6,3.6,md,guc
2008-02-19,06:53:19,-67.47,-23.53,217.1,4.2,m,guc
2008-02-19,07:44:56,-71.54,-32.58,36.5,3.9,md,guc
2008-02-19,11:40:58,-71.73,-32.64,33.9,3.0,ml,guc
2008-02-19,15:53:50,-69.9,-31.64,131.8,3.8,md,guc
2008-02-20,01:46:10,-69.18,-33.98,11.5,2.9,ml,guc
2008-02-20,03:00:25,-86.51,-41.56,10.0,4.3,mb,us
2008-02-20,07:10:49,-71.54,-32.53,55.3,2.5,m,guc
2008-02-20,12:21:33,-71.77,-40.26,25.0,4.6,mb,us
2008-02-20,12:42:08,-70.08,-23.18,47.7,4.3,m,guc
2008-02-20,14:11:06,-79.97,-8.29,52.2,4.1,mb,us
2008-02-20,23:06:30,-73.1,-32.72,29.4,4.1,mb,us
2008-02-21,17:01:00,-71.77,-30.7,37.6,4.2,md,guc
2008-02-21,20:32:59,-71.39,-30.92,56.0,3.9,md,guc
2008-02-22,03:05:14,-67.24,-19.49,281.5,3.8,mb,us
2008-02-22,04:34:05,-71.61,-34.94,65.0,3.6,md,guc
2008-02-22,08:41:43,-68.84,-30.78,105.6,0.0,,us
2008-02-22,09:19:33,-67.7,-24.2,194.3,4.5,m,guc
2008-02-22,16:52:00,-70.9,-31.96,72.4,2.9,md,guc
2008-02-22,21:35:06,-69.53,-31.46,152.6,3.3,md,guc
2008-02-23,08:12:54,-71.8,-32.76,15.8,2.8,ml,guc
2008-02-23,17:00:56,-68.66,-26.25,99.5,0.0,,us
2008-02-23,17:20:07,-69.97,-32.58,106.9,2.9,md,guc
2008-02-23,17:39:53,-70.29,-30.28,88.9,4.0,md,guc
2008-02-23,18:31:41,-100.72,-36.09,10.0,4.7,mb,us
2008-02-23,23:46:23,-67.98,-22.83,107.9,4.2,mb,us
2008-02-24,07:58:45,-71.62,-32.59,51.4,3.7,md,guc
2008-02-24,18:09:12,-71.08,-30.4,53.0,4.4,mb,us
2008-02-24,22:20:52,-69.42,-30.48,0.1,4.2,ml,guc
2008-02-24,23:21:41,-69.16,-31.58,149.9,4.0,m,guc
2008-02-25,05:30:40,-82.78,-42.82,10.0,5.3,mwc,gcmt
2008-02-25,13:13:53,-71.26,-33.1,66.5,3.3,md,guc
2008-02-25,21:36:13,-54.4,-61.5,32.9,4.7,mb,us
2008-02-25,23:55:03,-69.53,-31.69,1.1,3.6,ml,guc
2008-02-26,06:13:47,-70.82,-33.31,78.2,3.0,md,guc
2008-02-26,10:11:34,-70.54,-17.18,96.0,4.6,mb,us
2008-02-26,11:44:54,-66.79,-21.13,224.4,0.0,,us
2008-02-26,12:29:10,-69.56,-32.0,132.3,4.7,mb,us
2008-02-26,20:11:35,-70.29,-32.16,109.5,2.8,md,guc
2008-02-26,20:54:34,-68.99,-20.11,99.9,4.4,mb,us
2008-02-27,04:15:48,-70.38,-22.38,36.3,4.4,mb,us
2008-02-27,05:35:06,-71.23,-33.97,81.9,2.6,md,guc
2008-02-27,06:01:32,-70.09,-29.21,127.0,3.9,m,guc
2008-02-27,12:14:02,-83.57,-41.8,10.0,4.8,mb,us
2008-02-27,14:41:33,-71.34,-30.69,46.4,4.0,md,guc
2008-02-27,16:36:00,-68.89,-20.29,120.4,3.8,md,guc
2008-02-27,22:07:18,-66.07,-22.6,241.8,4.4,mb,us
2008-02-28,06:35:55,-69.31,-31.48,145.0,4.3,md,guc
2008-02-28,06:46:53,-71.84,-32.29,32.2,3.6,ml,guc
2008-02-28,10:08:15,-73.9,-15.36,35.0,3.6,mb,us
2008-02-28,12:12:23,-69.99,-33.6,4.4,3.8,ml,guc
2008-02-28,13:11:27,-71.9,-16.11,115.1,4.3,mb,us
2008-02-28,20:23:32,-69.14,-19.01,106.2,4.9,mb,us
2008-02-28,22:47:57,-71.53,-32.6,15.3,3.1,ml,guc
2008-02-29,00:25:42,-66.66,-21.39,217.4,4.2,mb,us
2008-02-29,02:38:30,-108.97,-35.07,10.0,5.7,mwb,us
2008-02-29,03:09:26,-71.01,-33.85,67.9,4.1,md,guc
2008-02-29,08:56:42,-70.47,-31.89,103.2,3.3,md,guc
2008-02-29,13:43:04,-70.0,-25.53,44.7,4.2,md,guc
2008-02-29,14:57:49,-71.47,-32.71,11.3,3.2,ml,guc
2008-02-29,15:20:17,-71.67,-32.62,40.0,3.7,md,guc
2008-02-29,17:18:01,-70.02,-32.61,115.8,3.5,md,guc
2008-02-29,22:51:35,-75.08,-40.32,10.0,5.0,mwc,gcmt
2008-02-29,23:46:46,-70.66,-33.6,87.7,2.8,md,guc
2008-03-01,00:01:27,-68.47,-20.92,97.3,0.0,,us
2008-03-01,01:12:37,-77.8,-7.8,55.3,4.6,mb,us
2008-03-01,12:57:22,-71.57,-32.75,52.5,3.4,md,guc
2008-03-01,15:34:56,-71.74,-36.13,71.4,3.2,md,guc
2008-03-01,16:28:32,-71.1,-32.66,5.2,2.6,ml,guc
2008-03-01,19:51:59,-69.94,-20.26,36.6,5.7,mwb,us
2008-03-02,05:09:41,-70.51,-31.92,123.1,2.9,md,guc
2008-03-02,09:37:08,-71.7,-32.71,34.0,2.6,ml,guc
2008-03-02,15:42:13,-72.31,-36.96,67.9,3.5,md,guc
2008-03-02,23:35:51,-68.91,-22.21,108.1,3.4,md,guc
2008-03-03,10:01:48,-71.64,-34.11,37.1,3.8,md,guc
2008-03-03,13:08:23,-70.66,-33.44,79.2,2.8,md,guc
2008-03-03,13:09:52,-71.72,-32.55,32.1,2.8,ml,guc
2008-03-03,15:52:26,-76.86,-13.56,30.4,4.5,mb,us
2008-03-04,11:25:00,-70.81,-34.73,103.0,3.5,md,guc
2008-03-04,12:24:57,-67.22,-25.87,64.6,0.0,,us
2008-03-04,14:47:10,-74.24,-11.56,94.0,4.4,mb,us
2008-03-04,20:20:50,-69.06,-20.87,107.1,4.2,m,guc
2008-03-05,05:11:37,-69.6,-31.46,150.8,3.1,md,guc
2008-03-05,18:26:45,-66.07,-28.71,49.5,0.0,,us
2008-03-05,22:30:14,-71.11,-30.27,53.7,3.0,m,guc
2008-03-06,01:24:03,-71.65,-31.83,15.5,3.6,ml,guc
2008-03-06,03:28:38,-71.17,-32.47,61.1,0.0,,us
2008-03-06,07:16:46,-71.66,-31.81,56.2,3.4,md,guc
2008-03-06,07:55:12,-70.52,-25.86,38.8,4.1,md,guc
2008-03-06,12:19:16,-64.57,-24.61,39.1,4.9,mwc,gcmt
2008-03-06,12:40:11,-71.5,-32.39,45.5,4.1,md,guc
2008-03-06,13:39:36,-70.16,-33.88,6.1,2.5,ml,guc
2008-03-06,21:38:58,-71.73,-29.89,46.6,4.5,m,guc
2008-03-07,04:05:25,-70.72,-34.55,101.4,3.6,md,guc
2008-03-07,05:43:50,-74.18,-15.63,68.3,4.4,mb,us
2008-03-07,08:34:34,-71.76,-32.75,23.4,3.4,ml,guc
2008-03-07,10:43:48,-69.94,-23.11,39.6,4.3,md,guc
2008-03-07,22:35:00,-70.21,-17.48,82.6,5.2,mwc,gcmt
2008-03-08,01:09:29,-72.27,-36.02,62.0,3.2,md,guc
2008-03-08,04:28:03,-68.95,-31.56,149.3,3.1,md,guc
2008-03-08,06:08:23,-69.14,-31.64,145.0,3.4,md,guc
2008-03-08,07:59:35,-72.48,-33.34,35.3,3.8,md,guc
2008-03-08,08:48:16,-71.52,-31.99,33.7,3.1,ml,guc
2008-03-08,12:36:34,-69.91,-34.3,13.8,2.8,ml,guc
2008-03-08,16:17:46,-67.59,-22.02,185.3,3.5,md,guc
2008-03-08,23:51:13,-76.62,-13.28,34.6,4.8,mb,us
2008-03-09,17:54:03,-66.02,-17.71,35.0,3.7,mb,us
2008-03-09,19:46:17,-71.34,-31.77,43.3,3.4,md,guc
2008-03-09,21:28:53,-67.21,-24.05,210.0,3.3,md,guc
2008-03-10,05:06:09,-70.15,-22.46,30.9,4.9,mb,us
2008-03-10,07:47:37,-71.33,-29.8,38.8,4.1,m,guc
2008-03-10,09:43:02,-69.29,-28.34,89.5,5.6,mwb,us
2008-03-10,22:23:32,-71.12,-34.05,82.8,3.1,md,guc
2008-03-11,00:47:14,-73.81,-15.9,41.2,4.0,mb,us
2008-03-11,04:52:21,-70.38,-33.22,116.9,3.5,md,guc
2008-03-11,09:10:52,-69.94,-34.29,5.0,3.6,ml,guc
2008-03-11,15:08:40,-71.18,-32.25,75.3,3.3,md,guc
2008-03-11,16:57:53,-70.47,-33.28,87.3,3.1,m,guc
2008-03-11,19:19:26,-71.87,-32.26,42.2,3.6,md,guc
2008-03-11,23:50:01,-68.19,-31.66,139.5,4.7,m,guc
2008-03-12,03:24:57,-71.4,-32.37,45.1,3.4,md,guc
2008-03-12,05:20:09,-70.96,-28.35,47.0,4.3,md,guc
2008-03-12,17:05:32,-71.06,-32.37,78.6,3.3,md,guc
2008-03-12,20:59:56,-67.37,-21.06,168.1,4.4,mb,us
2008-03-12,23:37:17,-73.4,-37.74,37.4,3.3,m,guc
2008-03-12,23:47:13,-68.65,-28.66,103.9,4.1,mb,us
2008-03-13,00:21:17,-67.39,-23.83,245.0,4.3,m,guc
2008-03-13,01:48:39,-71.69,-31.2,41.7,4.0,md,guc
2008-03-13,20:28:49,-74.2,-41.91,52.2,3.9,mb,us
2008-03-14,03:58:26,-71.59,-32.65,10.3,2.8,ml,guc
2008-03-14,05:32:54,-71.53,-30.36,42.3,2.9,md,guc
2008-03-14,06:46:38,-72.12,-32.2,5.9,2.6,ml,guc
2008-03-14,06:55:12,-67.63,-28.5,103.8,4.4,mb,us
2008-03-15,01:03:44,-69.37,-28.32,102.4,4.0,mb,us
2008-03-15,01:04:26,-69.58,-28.41,110.8,4.0,mb,us
2008-03-15,01:42:38,-71.75,-32.72,34.0,3.0,ml,guc
2008-03-15,19:41:57,-72.96,-37.7,47.3,2.9,m,guc
2008-03-16,00:41:01,-71.65,-30.71,19.2,3.4,ml,guc
2008-03-16,10:16:59,-70.68,-33.49,85.0,2.9,md,guc
2008-03-16,10:43:12,-70.01,-17.38,135.3,4.6,mb,us
2008-03-16,12:37:56,-79.71,-6.14,73.2,4.6,mb,us
2008-03-17,01:54:34,-67.08,-28.62,128.0,4.4,mb,us
2008-03-17,03:13:53,-71.94,-34.68,31.9,3.1,ml,guc
2008-03-17,12:14:42,-65.32,-24.97,21.0,3.5,md,sja
2008-03-17,15:01:44,-85.13,-19.07,10.0,4.6,mb,us
2008-03-17,21:42:34,-70.13,-23.95,33.5,3.9,ml,guc
2008-03-17,22:16:55,-71.44,-35.48,107.3,3.6,md,guc
2008-03-18,00:46:53,-66.96,-24.26,159.0,4.5,mb,us
2008-03-18,03:05:00,-68.47,-31.98,120.4,4.0,md,guc
2008-03-18,20:16:38,-71.74,-29.76,42.5,3.4,m,guc
2008-03-18,22:40:30,-70.62,-31.83,123.5,2.9,md,guc
2008-03-19,10:00:09,-69.39,-27.94,88.2,0.0,,us
2008-03-19,10:32:47,-71.74,-32.71,29.5,3.6,ml,guc
2008-03-19,15:44:21,-71.44,-29.9,53.8,4.7,mb,us
2008-03-19,18:51:09,-73.97,-37.33,26.8,0.0,,us
2008-03-20,01:21:41,-67.06,-24.18,167.8,4.3,mb,us
2008-03-20,04:43:26,-79.18,-11.67,35.0,4.8,mb,us
2008-03-20,04:54:38,-70.69,-14.77,168.4,4.2,mb,us
2008-03-20,06:51:31,-69.49,-30.81,159.9,3.2,m,guc
2008-03-20,11:13:54,-71.19,-34.98,88.3,3.3,md,guc
2008-03-20,20:58:22,-70.5,-33.46,102.8,2.8,md,guc
2008-03-20,21:08:13,-70.24,-14.7,236.3,4.6,mb,us
2008-03-20,23:23:46,-70.9,-34.57,71.7,3.0,md,guc
2008-03-21,00:01:16,-67.67,-22.24,202.0,4.2,m,guc
2008-03-21,02:23:43,-70.21,-25.54,56.1,0.0,,us
2008-03-21,05:17:23,-70.97,-35.3,112.3,3.0,md,guc
2008-03-21,10:12:02,-71.4,-31.99,31.0,2.6,ml,guc
2008-03-21,11:11:05,-71.1,-34.85,101.7,2.5,md,guc
2008-03-21,11:13:54,-71.36,-33.04,52.6,3.1,md,guc
2008-03-21,14:03:00,-68.59,-21.19,117.1,3.8,md,guc
2008-03-21,20:36:14,-109.52,-8.7,10.0,5.2,mwc,gcmt
2008-03-22,13:22:59,-81.99,-44.06,10.0,5.4,mwc,gcmt
2008-03-22,14:24:41,-71.38,-30.76,66.0,3.4,m,guc
2008-03-22,17:33:26,-71.26,-18.35,51.2,4.2,mb,us
2008-03-23,01:52:03,-71.55,-32.82,27.0,2.5,ml,guc
2008-03-23,07:14:49,-69.12,-21.12,96.6,4.2,m,guc
2008-03-23,07:53:30,-70.07,-33.41,8.7,2.9,ml,guc
2008-03-23,17:42:36,-71.98,-15.17,110.3,0.0,,us
2008-03-23,17:57:31,-70.45,-31.48,118.3,4.0,md,guc
2008-03-23,19:36:21,-71.54,-30.79,34.9,3.3,ml,guc
2008-03-23,20:12:14,-72.99,-15.98,35.0,4.5,mb,us
2008-03-24,02:00:47,-70.57,-35.14,116.6,3.2,md,guc
2008-03-24,02:47:52,-70.64,-13.06,35.0,4.0,mb,us
2008-03-24,05:06:59,-76.58,-13.48,58.0,3.7,mb,us
2008-03-24,07:35:13,-71.25,-35.12,100.9,3.5,md,guc
2008-03-24,18:23:44,-115.75,-49.75,10.0,5.3,mwc,gcmt
2008-03-24,20:17:20,-70.69,-34.15,86.4,2.6,md,guc
2008-03-24,20:39:08,-68.96,-20.04,120.0,6.2,mwb,us
2008-03-24,20:55:44,-72.57,-30.18,40.0,3.6,md,guc
2008-03-24,22:38:10,-68.93,-20.29,132.3,3.6,mb,us
2008-03-24,23:54:40,-68.67,-21.16,146.6,3.3,m,guc
2008-03-25,01:33:04,-67.65,-23.76,212.9,3.4,md,guc
2008-03-25,02:17:18,-71.89,-32.31,37.2,3.6,md,guc
2008-03-25,04:40:23,-71.68,-32.71,11.3,3.1,ml,guc
2008-03-25,04:53:14,-69.66,-31.65,140.3,3.7,md,guc
2008-03-25,05:23:30,-69.41,-29.06,124.0,4.0,m,guc
2008-03-25,10:57:01,-68.7,-21.34,138.9,4.0,mb,us
2008-03-25,12:11:24,-70.88,-22.97,10.0,4.2,mb,us
2008-03-25,13:53:18,-71.75,-32.64,62.5,3.0,md,guc
2008-03-25,16:11:32,-68.94,-20.26,112.7,4.7,mb,us
2008-03-25,20:10:42,-69.26,-32.18,145.0,3.5,m,guc
2008-03-25,20:32:23,-85.88,-41.39,10.0,4.9,mwc,gcmt
2008-03-25,21:56:27,-71.67,-32.67,27.6,2.6,ml,guc
2008-03-26,08:40:29,-74.27,-16.1,70.7,3.9,m,lim
2008-03-26,08:46:24,-71.52,-32.44,45.7,4.0,md,guc
2008-03-26,16:17:23,-70.46,-33.28,100.3,2.7,m,guc
2008-03-26,17:50:09,-71.16,-32.93,66.0,2.9,md,guc
2008-03-26,23:04:59,-68.94,-31.25,154.7,3.8,m,guc
2008-03-27,07:06:31,-118.79,-54.7,10.0,4.7,mb,us
2008-03-27,11:23:16,-71.18,-32.74,77.4,2.9,md,guc
2008-03-27,23:23:11,-68.6,-16.54,234.3,4.6,mb,us
2008-03-28,06:01:27,-71.76,-32.25,37.9,3.6,md,guc
2008-03-28,11:41:19,-70.37,-34.27,105.7,2.6,m,guc
2008-03-28,11:51:14,-71.63,-30.42,33.8,3.7,ml,guc
2008-03-28,13:15:10,-93.98,-38.24,10.0,4.9,mb,us
2008-03-28,16:22:06,-70.48,-33.95,12.7,2.8,ml,guc
2008-03-28,20:34:29,-68.79,-19.37,127.3,4.0,mb,us
2008-03-29,01:34:35,-74.1,-43.08,27.4,5.1,mwc,gcmt
2008-03-29,06:41:00,-77.71,-11.91,56.4,4.4,mb,us
2008-03-29,08:59:26,-72.14,-14.39,90.8,4.2,mb,us
2008-03-29,12:51:25,-77.16,-12.18,51.3,5.3,mwb,us
2008-03-29,18:25:24,-69.0,-22.29,89.0,4.1,mb,us
2008-03-30,01:02:05,-71.28,-32.49,64.2,2.9,m,guc
2008-03-30,02:24:50,-68.53,-21.65,129.6,3.9,m,guc
2008-03-30,07:06:36,-68.58,-26.11,127.1,3.8,m,guc
2008-03-30,12:57:00,-71.06,-32.96,66.1,3.2,md,guc
2008-03-30,15:48:06,-66.99,-24.21,172.7,4.2,mb,us
2008-03-30,18:13:59,-69.91,-25.91,76.2,4.7,m,guc
2008-03-30,23:49:55,-70.96,-32.5,71.7,2.8,m,guc
2008-03-31,07:53:34,-70.89,-29.71,80.0,3.2,md,guc
2008-03-31,19:03:23,-71.67,-31.44,8.6,2.7,ml,guc
2008-03-31,19:23:55,-68.92,-21.47,106.4,3.8,mb,us
2008-03-31,20:58:05,-71.7,-32.51,30.1,4.4,ml,guc
2008-04-01,02:57:53,-71.62,-29.84,10.1,4.5,ml,guc
2008-04-01,03:40:23,-70.74,-33.64,82.9,3.4,md,guc
2008-04-01,05:51:52,-88.25,-41.75,10.0,4.9,mwc,gcmt
2008-04-01,06:54:37,-70.2,-29.4,36.1,3.9,ml,guc
2008-04-01,10:22:36,-69.54,-16.98,177.9,4.2,mb,us
2008-04-01,14:09:00,-69.17,-31.61,110.3,4.2,mb,us
2008-04-01,14:38:17,-72.09,-31.83,10.6,4.1,mb,us
2008-04-01,16:11:33,-63.72,-30.59,20.0,4.0,mb,us
2008-04-01,21:16:21,-71.7,-31.58,22.5,2.9,ml,guc
2008-04-01,22:48:05,-71.78,-35.13,54.4,4.4,mb,us
2008-04-02,05:56:50,-70.98,-32.08,76.3,2.7,md,guc
2008-04-02,12:56:34,-73.91,-41.42,40.0,4.6,m,guc
2008-04-02,14:55:09,-66.28,-22.96,237.7,4.2,mb,us
2008-04-03,01:00:21,-71.46,-28.64,32.5,5.1,ml,guc
2008-04-03,01:48:35,-67.13,-22.16,156.5,3.6,mb,us
2008-04-03,03:25:17,-71.61,-31.46,25.0,3.5,ml,guc
2008-04-03,07:25:02,-71.2,-27.53,33.5,4.5,mb,us
2008-04-03,13:10:42,-67.47,-23.89,236.9,3.5,mb,us
2008-04-03,14:15:22,-70.22,-31.56,155.8,3.9,md,guc
2008-04-03,17:22:44,-71.53,-32.49,56.7,4.0,m,guc
2008-04-03,17:55:47,-71.04,-35.28,114.8,3.8,m,guc
2008-04-03,19:21:55,-68.47,-33.37,5.1,2.9,ml,guc
2008-04-04,11:11:33,-66.43,-23.12,197.5,4.8,mb,us
2008-04-04,15:22:06,-80.12,-8.89,35.0,0.0,,us
2008-04-05,17:33:22,-70.49,-15.21,186.9,4.2,mb,us
2008-04-05,18:28:20,-58.28,-59.86,10.0,4.5,mb,us
2008-04-05,23:10:43,-68.41,-21.87,115.9,3.5,mb,us
2008-04-06,01:32:07,-63.78,-22.14,530.0,4.3,mb,us
2008-04-06,01:32:20,-63.79,-22.14,526.2,3.9,mb,us
2008-04-06,09:54:44,-69.02,-20.15,115.2,4.2,mb,us
2008-04-06,10:01:52,-71.78,-32.74,21.2,3.0,ml,guc
2008-04-06,22:24:31,-71.84,-32.31,30.1,3.3,ml,guc
2008-04-06,22:30:54,-70.2,-32.4,109.2,2.8,md,guc
2008-04-07,00:00:18,-69.24,-23.24,82.4,3.7,mb,us
2008-04-07,09:26:54,-69.08,-22.66,86.1,4.2,m,guc
2008-04-07,12:15:58,-71.49,-30.89,36.1,4.1,m,guc
2008-04-07,13:53:40,-69.99,-32.6,104.5,2.7,md,guc
2008-04-07,15:13:14,-71.17,-25.46,21.5,4.3,ml,guc
2008-04-07,17:38:42,-71.06,-27.69,63.0,4.8,mb,us
2008-04-07,22:48:33,-70.69,-33.6,89.3,2.8,md,guc
2008-04-08,08:24:36,-70.7,-25.72,28.7,4.4,mb,us
2008-04-08,09:46:09,-69.7,-17.21,166.0,0.0,,us
2008-04-08,23:43:23,-66.18,-23.02,223.3,4.3,mb,us
2008-04-09,00:51:27,-68.99,-18.24,115.5,4.4,mb,us
2008-04-09,07:42:54,-91.92,-40.89,10.0,4.5,mb,us
2008-04-09,16:59:05,-72.86,-15.37,120.0,0.0,,us
2008-04-09,21:10:46,-76.6,-7.27,40.9,4.7,mb,us
2008-04-10,05:49:53,-72.02,-29.52,14.5,0.0,,us
2008-04-10,21:13:23,-76.3,-14.72,35.0,0.0,,us
2008-04-11,01:29:46,-75.22,-45.77,10.0,5.1,mwc,gcmt
2008-04-11,08:02:37,-70.06,-32.88,131.1,3.0,md,guc
2008-04-11,13:04:39,-66.76,-22.53,276.5,3.6,mb,us
2008-04-11,16:46:31,-68.97,-22.84,98.6,4.0,mb,us
2008-04-11,18:36:57,-69.94,-23.03,52.0,4.5,mb,us
2008-04-12,12:34:11,-69.42,-18.39,129.3,4.0,m,guc
2008-04-12,17:35:08,-67.14,-21.47,175.7,4.4,mb,us
2008-04-12,19:09:35,-69.74,-18.05,129.2,4.0,mb,us
2008-04-12,21:10:34,-76.79,-13.24,60.8,4.1,mb,us
2008-04-12,21:21:58,-71.7,-32.52,29.7,4.0,ml,guc
2008-04-13,05:41:37,-76.12,-15.16,10.0,0.0,,us
2008-04-13,07:29:26,-71.53,-32.8,0.2,3.3,md,guc
2008-04-13,07:41:34,-77.12,-13.29,29.2,4.6,mb,us
2008-04-13,09:02:56,-66.36,-23.28,197.4,4.5,mb,us
2008-04-14,05:39:58,-68.54,-21.29,120.1,4.0,m,guc
2008-04-14,11:14:07,-67.14,-22.62,248.2,4.4,m,guc
2008-04-14,19:13:16,-70.26,-33.06,103.2,3.1,md,guc
2008-04-15,00:49:41,-66.66,-21.35,211.0,3.9,mb,us
2008-04-15,05:51:30,-70.59,-32.73,95.9,3.0,md,guc
2008-04-15,05:57:17,-71.02,-35.18,106.6,3.0,md,guc
2008-04-15,06:22:41,-76.29,-13.7,39.5,5.0,mwc,gcmt
2008-04-15,07:01:17,-71.16,-34.54,73.5,2.9,md,guc
2008-04-15,17:02:02,-71.48,-36.65,110.3,3.6,md,guc
2008-04-15,21:40:11,-71.84,-30.69,22.7,3.2,ml,guc
2008-04-15,22:14:34,-72.6,-33.63,45.0,3.7,md,guc
2008-04-15,23:39:06,-70.54,-31.84,42.9,3.9,m,guc
2008-04-16,03:58:14,-66.32,-23.37,203.8,4.2,m,guc
2008-04-16,08:47:02,-71.63,-30.47,68.1,4.4,m,guc
2008-04-16,11:01:05,-65.36,-26.23,52.5,4.1,md,sja
2008-04-16,14:45:18,-70.01,-34.45,8.1,2.6,ml,guc
2008-04-17,07:24:46,-69.57,-18.05,119.5,4.7,mb,us
2008-04-17,07:57:18,-70.8,-19.94,27.1,5.1,mwc,gcmt
2008-04-17,08:10:56,-72.47,-36.02,38.3,3.9,md,guc
2008-04-17,09:05:21,-68.67,-21.12,129.5,3.8,md,guc
2008-04-18,02:17:15,-72.37,-35.98,35.5,4.1,mb,us
2008-04-18,06:20:41,-76.98,-13.66,25.6,4.2,mb,us
2008-04-18,09:50:07,-75.34,-5.75,83.5,0.0,,us
2008-04-18,12:07:46,-69.25,-31.36,150.0,3.6,md,sja
2008-04-18,15:29:42,-69.02,-18.35,136.5,3.4,mb,us
2008-04-19,05:54:30,-70.37,-33.31,104.3,2.6,m,guc
2008-04-19,07:34:50,-69.16,-31.29,149.7,3.4,md,guc
2008-04-19,15:50:37,-71.19,-14.35,75.5,4.1,mb,us
2008-04-19,17:24:38,-69.08,-20.32,106.4,4.5,mb,us
2008-04-19,17:52:41,-67.32,-28.75,117.5,4.3,mb,us
2008-04-20,05:36:11,-66.86,-24.2,161.4,4.6,mb,us
2008-04-20,07:24:10,-68.84,-31.53,101.5,3.8,md,sja
2008-04-21,00:47:54,-70.19,-33.95,114.0,2.6,md,guc
2008-04-21,02:51:53,-71.88,-32.18,24.6,2.5,ml,guc
2008-04-21,04:28:35,-76.3,-14.61,35.0,0.0,,us
2008-04-21,15:04:29,-69.79,-18.42,104.2,4.0,m,guc
2008-04-21,18:46:07,-69.43,-31.27,147.3,3.6,md,guc
2008-04-22,05:04:43,-70.73,-33.77,82.2,2.7,md,guc
2008-04-23,00:00:48,-45.47,-25.76,10.0,5.2,mb,us
2008-04-23,07:06:27,-70.82,-34.35,103.4,4.6,mb,us
2008-04-23,17:51:32,-66.56,-27.92,162.8,4.8,mb,us
2008-04-23,19:00:58,-69.76,-31.79,127.2,3.5,md,guc
2008-04-23,21:33:53,-69.12,-31.46,150.0,3.2,m,guc
2008-04-23,22:55:41,-65.05,-18.59,36.8,4.0,mb,us
2008-04-24,05:27:15,-72.34,-35.88,5.7,2.6,ml,guc
2008-04-24,05:58:37,-66.64,-21.53,210.0,4.0,mb,us
2008-04-24,11:24:48,-68.9,-31.28,108.0,3.7,md,sja
2008-04-24,11:39:20,-72.5,-34.29,37.9,3.1,md,guc
2008-04-24,14:22:37,-71.86,-34.29,45.2,3.4,md,guc
2008-04-24,23:06:20,-68.71,-19.69,120.6,4.1,mb,us
2008-04-24,23:11:40,-71.75,-17.18,82.8,3.8,m,lim
2008-04-25,04:31:07,-68.74,-31.59,0.0,3.9,md,sja
2008-04-25,05:59:28,-72.46,-33.36,34.7,2.9,ml,guc
2008-04-25,06:08:21,-72.46,-33.35,36.4,3.7,md,guc
2008-04-25,06:14:18,-72.48,-33.39,39.8,3.5,md,guc
2008-04-25,06:28:12,-72.44,-33.43,33.2,2.7,ml,guc
2008-04-25,06:30:25,-72.37,-33.36,34.3,2.7,ml,guc
2008-04-25,10:48:52,-69.88,-31.85,145.8,3.3,md,guc
2008-04-25,14:15:20,-70.25,-33.61,113.7,3.0,md,guc
2008-04-26,01:17:08,-112.28,-24.36,10.0,4.4,mb,us
2008-04-26,17:24:28,-111.51,-24.14,10.0,5.1,mwc,gcmt
2008-04-26,17:43:21,-112.02,-24.37,10.0,5.1,mwc,gcmt
2008-04-26,20:08:17,-108.8,-34.96,10.0,4.3,mb,us
2008-04-26,20:58:34,-72.03,-33.52,10.8,2.6,ml,guc
2008-04-27,02:03:42,-71.02,-32.95,83.8,2.8,md,guc
2008-04-27,09:15:39,-71.84,-32.7,15.5,2.9,ml,guc
2008-04-27,18:29:48,-82.76,-42.71,10.0,5.0,mwc,gcmt
2008-04-27,22:59:03,-70.6,-35.23,15.0,2.5,ml,guc
2008-04-28,00:40:28,-68.76,-31.66,154.6,3.7,md,guc
2008-04-28,05:21:18,-71.8,-32.76,36.4,3.3,md,guc
2008-04-28,06:56:34,-68.92,-32.62,0.0,2.5,ml,guc
2008-04-28,07:13:10,-70.56,-31.84,109.8,2.9,md,guc
2008-04-28,07:26:40,-67.5,-24.08,200.0,4.5,mb,us
2008-04-28,12:53:29,-110.59,-36.62,10.0,5.2,mwc,gcmt
2008-04-29,00:25:04,-68.7,-21.85,131.1,3.9,mb,us
2008-04-29,00:39:47,-76.4,-13.61,71.7,3.8,mb,us
2008-04-29,02:54:41,-71.25,-36.3,166.1,3.4,md,guc
2008-04-30,07:05:27,-68.49,-21.77,112.0,3.9,m,guc
2008-04-30,08:16:43,-69.88,-22.22,49.2,4.0,md,guc
2008-04-30,09:14:18,-70.11,-31.95,127.4,3.1,md,guc
2008-04-30,11:14:52,-66.61,-23.57,199.9,4.5,mb,us
2008-04-30,16:43:24,-66.87,-27.82,150.0,4.7,mb,us
2008-04-30,17:51:53,-72.15,-34.58,30.2,3.3,ml,guc
2008-04-30,21:53:16,-68.11,-21.63,109.3,3.4,md,guc
2008-04-30,23:11:25,-112.2,-24.38,10.0,4.7,mb,us
2008-05-01,03:52:09,-72.44,-42.84,2.1,4.4,mb,us
2008-05-01,12:35:42,-66.38,-21.93,303.6,4.4,m,guc
2008-05-01,15:16:52,-68.92,-23.09,93.7,4.6,mb,us
2008-05-01,15:22:04,-69.21,-31.32,159.5,3.6,md,guc
2008-05-01,19:25:02,-70.81,-32.86,74.6,2.7,md,guc
2008-05-02,01:34:23,-72.47,-42.83,10.0,4.4,mb,us
2008-05-02,02:45:20,-72.57,-42.71,10.0,4.5,mb,us
2008-05-02,03:55:27,-72.46,-42.71,10.0,4.6,mb,us
2008-05-02,05:51:25,-72.27,-42.77,10.0,5.2,mwc,gcmt
2008-05-02,06:01:37,-70.94,-29.62,43.9,4.4,mb,us
2008-05-02,09:55:55,-72.49,-42.8,10.0,4.1,mb,us
2008-05-02,11:13:17,-72.4,-42.7,10.0,4.9,mb,us
2008-05-02,16:42:30,-72.47,-42.74,10.0,4.7,mb,us
2008-05-02,16:47:55,-71.86,-32.65,15.0,2.8,ml,guc
2008-05-02,20:02:58,-69.03,-31.4,150.0,3.1,md,guc
2008-05-02,22:13:31,-72.85,-42.86,2.8,4.1,ml,guc
2008-05-03,02:36:13,-72.25,-42.78,10.0,5.0,mwc,gcmt
2008-05-03,04:09:55,-70.26,-20.87,70.2,4.2,m,guc
2008-05-03,07:53:37,-69.8,-31.86,133.9,3.2,md,guc
2008-05-03,09:37:39,-68.76,-31.25,155.8,3.7,md,guc
2008-05-03,11:52:11,-72.44,-37.07,70.9,3.6,md,guc
2008-05-03,21:07:55,-70.57,-34.98,48.8,3.3,md,guc
2008-05-03,23:53:03,-71.46,-28.05,35.0,0.0,,us
2008-05-04,10:02:44,-71.77,-31.72,29.9,3.0,ml,guc
2008-05-04,14:07:32,-71.6,-32.64,33.8,3.6,ml,guc
2008-05-04,16:05:33,-70.84,-32.5,81.1,3.1,md,guc
2008-05-04,21:24:42,-68.47,-21.42,114.5,3.9,mb,us
2008-05-04,23:27:37,-72.69,-33.44,47.2,3.7,md,guc
2008-05-05,01:54:54,-68.85,-32.53,10.0,3.2,ml,guc
2008-05-05,06:58:54,-70.35,-17.87,99.7,4.4,mb,us
2008-05-05,20:48:14,-69.46,-19.37,107.4,0.0,,us
2008-05-05,21:46:24,-91.71,-41.08,10.0,4.8,mb,us
2008-05-06,05:32:41,-72.01,-32.77,15.1,2.5,ml,guc
2008-05-06,06:52:05,-69.87,-24.49,44.7,4.7,mb,us
2008-05-06,07:57:17,-70.88,-34.84,104.5,2.8,md,guc
2008-05-06,21:13:03,-63.24,-25.76,585.7,4.5,mb,us
2008-05-07,05:34:25,-67.45,-29.09,111.7,4.7,mb,us
2008-05-07,13:53:20,-70.8,-33.15,74.6,2.7,md,guc
2008-05-07,15:42:39,-67.92,-22.14,112.2,3.9,m,guc
2008-05-08,00:27:22,-68.83,-21.99,110.5,5.0,mb,us
2008-05-08,02:12:39,-72.02,-36.37,42.4,3.7,md,guc
2008-05-08,02:20:05,-68.57,-31.99,145.0,3.4,md,guc
2008-05-08,04:36:15,-75.53,-10.31,62.2,0.0,,us
2008-05-08,07:14:45,-71.22,-31.72,44.1,3.9,md,guc
2008-05-08,10:07:29,-68.98,-20.96,105.0,4.0,m,guc
2008-05-08,11:27:27,-109.49,-9.08,10.0,4.8,mwc,gcmt
2008-05-08,11:51:06,-70.35,-31.63,136.4,3.0,md,guc
2008-05-08,11:52:24,-108.22,-9.1,10.0,4.9,mwc,gcmt
2008-05-08,16:19:48,-72.2,-30.28,41.4,3.6,md,guc
2008-05-08,23:33:16,-69.99,-32.94,107.0,2.7,m,guc
2008-05-09,02:06:21,-71.33,-33.8,49.5,3.1,md,guc
2008-05-09,06:52:55,-111.5,-35.15,10.0,4.3,mb,us
2008-05-09,17:48:09,-71.69,-32.54,28.7,3.2,ml,guc
2008-05-09,19:13:26,-70.39,-33.2,105.0,3.8,md,guc
2008-05-10,04:09:40,-68.53,-22.14,112.6,3.5,m,guc
2008-05-10,06:44:52,-69.2,-31.19,157.5,3.3,m,guc
2008-05-10,10:48:21,-68.43,-22.31,114.9,4.8,mb,us
2008-05-10,11:43:32,-76.62,-5.48,114.4,4.5,mb,us
2008-05-10,16:54:19,-67.36,-23.89,228.9,3.5,mb,us
2008-05-10,20:06:01,-68.73,-21.46,151.1,3.9,m,guc
2008-05-11,01:44:26,-66.4,-23.05,233.0,4.1,mb,us
2008-05-11,02:24:45,-66.76,-24.06,192.1,4.0,mb,us
2008-05-11,05:27:30,-69.51,-32.23,121.8,3.6,md,guc
2008-05-11,05:42:19,-75.33,-14.92,75.6,0.0,,us
2008-05-11,07:42:42,-69.07,-34.7,11.0,3.1,md,guc
2008-05-11,10:17:52,-69.27,-17.63,166.7,4.3,mb,us
2008-05-11,10:48:29,-71.44,-28.86,43.5,4.7,mb,us
2008-05-11,18:58:30,-71.69,-32.7,18.7,2.5,ml,guc
2008-05-12,13:43:10,-67.84,-24.1,199.3,3.9,m,guc
2008-05-12,17:53:44,-67.09,-21.93,177.8,4.3,m,guc
2008-05-12,21:19:30,-68.9,-32.76,0.0,2.9,ml,guc
2008-05-13,23:31:22,-68.47,-21.61,130.6,3.7,mb,us
2008-05-14,10:04:04,-69.42,-31.66,155.5,3.7,md,sja
2008-05-14,12:11:56,-71.76,-34.02,45.6,3.3,md,guc
2008-05-14,16:32:27,-69.67,-16.11,205.5,0.0,,us
2008-05-14,17:34:50,-67.46,-28.27,125.6,4.6,mb,us
2008-05-14,23:35:31,-70.18,-22.95,46.3,3.2,mb,us
2008-05-15,05:27:02,-75.9,-10.79,116.8,4.2,mb,us
2008-05-15,11:12:23,-70.22,-33.49,109.9,3.3,md,guc
2008-05-15,12:01:05,-75.92,-14.38,10.0,4.5,mb,us
2008-05-15,13:48:08,-67.49,-23.73,207.5,4.5,mb,us
2008-05-16,02:02:21,-70.53,-31.08,100.8,4.7,mb,us
2008-05-16,06:57:36,-70.45,-33.92,16.0,2.7,ml,guc
2008-05-16,11:52:19,-71.73,-35.95,108.5,4.3,m,guc
2008-05-16,16:12:50,-70.49,-33.51,101.9,2.6,md,guc
2008-05-16,23:41:00,-71.54,-32.12,43.3,3.9,md,guc
2008-05-17,13:47:09,-66.27,-23.0,221.7,4.3,mb,us
2008-05-17,19:39:23,-76.17,-13.42,54.0,4.1,m,lim
2008-05-17,22:55:15,-65.95,-22.57,248.8,4.2,mb,us
2008-05-18,10:59:52,-66.68,-24.13,191.9,4.3,mb,us
2008-05-18,14:54:40,-71.68,-32.42,27.5,3.1,ml,guc
2008-05-18,17:14:51,-71.97,-31.23,24.8,4.7,mb,us
2008-05-19,01:23:30,-69.76,-25.47,35.0,0.0,,us
2008-05-19,03:56:49,-70.61,-31.75,125.0,3.3,md,guc
2008-05-19,15:16:41,-73.09,-33.2,20.7,3.0,ml,guc
2008-05-19,22:01:24,-70.19,-32.66,111.3,2.7,md,guc
2008-05-20,03:33:52,-68.68,-20.97,110.1,4.1,md,guc
2008-05-20,05:05:05,-73.57,-38.42,3.4,3.7,ml,guc
2008-05-20,14:52:00,-115.13,-23.55,10.0,4.4,mb,us
2008-05-20,15:16:04,-78.21,-44.45,10.0,5.6,mwc,gcmt
2008-05-20,21:37:12,-74.89,-8.58,129.5,5.2,mwc,gcmt
2008-05-22,01:34:05,-71.94,-30.22,26.5,4.9,mb,us
2008-05-22,01:56:58,-71.62,-30.32,35.0,4.7,mb,us
2008-05-22,08:56:20,-68.9,-20.58,114.6,4.4,mb,us
2008-05-23,00:19:06,-69.56,-17.75,153.4,4.3,mb,us
2008-05-23,10:27:23,-72.2,-30.25,41.5,3.7,m,guc
2008-05-23,17:48:35,-66.97,-24.11,177.0,4.3,mb,us
2008-05-23,20:46:16,-68.82,-22.85,100.0,5.2,mb,us
2008-05-23,23:04:06,-115.09,-23.2,10.0,5.3,mwc,gcmt
2008-05-23,23:53:34,-114.54,-23.19,10.0,0.0,,us
2008-05-24,02:43:36,-72.19,-41.96,9.4,5.4,mwc,gcmt
2008-05-24,06:26:24,-72.21,-42.02,10.0,5.0,mb,us
2008-05-24,06:53:23,-72.01,-42.05,10.0,4.9,mb,us
2008-05-24,13:08:09,-72.32,-42.05,10.0,4.6,mb,us
2008-05-25,13:22:59,-71.9,-31.48,51.0,4.7,mb,us
2008-05-25,13:47:19,-72.74,-13.77,74.3,4.6,mb,us
2008-05-25,15:39:49,-55.89,-54.35,40.5,5.2,mwc,gcmt
2008-05-25,15:52:02,-69.94,-23.08,66.5,3.8,mb,us
2008-05-25,18:06:59,-68.5,-22.44,115.0,4.1,mb,us
2008-05-25,18:46:10,-76.02,-14.19,101.7,4.7,mb,us
2008-05-26,03:06:24,-73.33,-36.74,21.3,4.1,ml,guc
2008-05-26,04:00:51,-56.17,-54.47,10.0,4.7,mb,us
2008-05-26,15:53:29,-69.32,-17.55,151.5,4.2,mb,us
2008-05-26,20:20:19,-66.31,-22.8,213.6,4.5,mb,us
2008-05-27,06:09:31,-69.6,-36.2,195.5,4.2,mb,us
2008-05-28,17:35:29,-68.34,-21.69,124.2,5.3,mwc,gcmt
2008-05-28,18:16:17,-72.3,-41.86,10.0,4.5,mb,us
2008-05-28,21:39:05,-74.46,-13.1,84.2,5.2,mwb,us
2008-05-29,05:08:08,-72.18,-41.94,9.7,4.5,mb,us
2008-05-29,06:05:09,-67.1,-24.47,163.8,0.0,,us
2008-05-29,09:01:39,-76.94,-13.41,42.3,4.1,m,lim
2008-05-29,15:41:18,-70.78,-34.74,107.1,3.5,md,guc
2008-05-30,06:53:36,-75.89,-14.38,10.3,4.7,mb,us
2008-05-31,02:22:23,-72.19,-41.97,9.3,4.4,ml,guc
2008-05-31,04:15:40,-73.4,-15.23,107.5,3.7,mb,us
2008-05-31,23:16:05,-112.26,-28.92,10.0,5.8,mwb,us
2008-05-31,23:33:27,-66.59,-23.92,188.4,4.5,mb,us
2008-06-01,02:55:35,-71.18,-34.84,91.1,3.4,md,guc
2008-06-01,09:40:40,-73.09,-32.9,18.6,4.1,ml,guc
2008-06-01,12:01:07,-114.6,-23.24,10.0,4.3,mb,us
2008-06-01,12:30:31,-69.65,-18.17,123.9,4.4,mb,us
2008-06-01,15:17:02,-76.15,-8.9,141.6,4.3,mb,us
2008-06-02,05:43:26,-73.23,-16.14,89.5,4.5,mb,us
2008-06-02,13:07:20,-71.5,-35.18,82.6,2.9,md,guc
2008-06-02,14:07:20,-107.25,-35.75,10.0,4.9,mwc,gcmt
2008-06-03,02:52:28,-70.32,-34.57,22.7,3.0,md,guc
2008-06-03,06:53:22,-73.37,-37.95,18.0,4.1,ml,guc
2008-06-03,21:14:36,-73.52,-15.2,49.8,4.2,mb,us
2008-06-04,09:24:54,-71.57,-30.3,33.3,4.6,ml,guc
2008-06-04,16:55:17,-69.8,-18.21,137.4,4.2,mb,us
2008-06-05,02:16:47,-91.62,-38.84,10.0,6.0,mwc,us
2008-06-05,02:55:59,-70.54,-35.22,8.3,3.4,md,guc
2008-06-05,05:22:26,-91.61,-38.87,7.0,5.8,mwb,us
2008-06-05,07:58:45,-71.12,-35.1,98.5,2.8,md,guc
2008-06-05,11:49:54,-76.34,-14.83,35.0,4.3,mb,us
2008-06-05,13:37:40,-76.45,-8.73,126.2,5.2,mwc,gcmt
2008-06-06,03:00:28,-73.08,-40.69,55.5,3.9,md,guc
2008-06-06,03:47:36,-72.55,-34.86,26.8,3.5,ml,guc
2008-06-06,04:56:09,-66.3,-32.99,44.6,4.1,mb,us
2008-06-06,05:09:27,-68.6,-20.88,136.3,4.4,mb,us
2008-06-06,05:10:58,-72.08,-30.05,28.6,4.3,ml,guc
2008-06-07,00:28:25,-68.52,-22.67,98.7,4.1,mb,us
2008-06-07,02:15:23,-66.82,-24.28,165.1,3.8,mb,us
2008-06-07,06:03:28,-70.13,-33.41,11.2,3.0,ml,guc
2008-06-07,13:04:52,-72.62,-35.98,14.0,4.5,mb,us
2008-06-07,13:06:29,-77.59,-12.38,35.0,5.0,mb,us
2008-06-08,00:47:41,-70.84,-34.07,79.6,2.7,md,guc
2008-06-08,04:03:42,-69.61,-31.83,123.9,3.1,md,guc
2008-06-08,08:31:30,-70.56,-35.06,7.7,3.2,ml,guc
2008-06-08,15:05:02,-68.37,-20.88,117.9,5.2,mb,us
2008-06-08,19:29:25,-66.28,-22.8,224.7,4.3,mb,us
2008-06-08,19:56:05,-66.79,-23.16,197.4,3.5,mb,us
2008-06-08,23:20:06,-105.64,-41.17,10.0,4.1,mb,us
2008-06-09,00:48:52,-71.22,-35.44,103.1,3.4,md,guc
2008-06-09,03:30:42,-69.02,-31.33,141.4,3.4,md,guc
2008-06-09,05:36:41,-73.69,-39.47,25.5,4.0,mb,us
2008-06-09,14:24:14,-69.91,-34.22,20.3,3.3,ml,guc
2008-06-10,15:41:14,-67.35,-22.32,157.6,4.7,mb,us
2008-06-10,23:27:54,-70.45,-30.98,135.0,3.3,md,guc
2008-06-10,23:52:33,-66.83,-23.11,226.6,4.3,mb,us
2008-06-11,06:28:09,-70.92,-34.82,101.3,2.7,md,guc
2008-06-11,07:20:16,-70.8,-32.7,85.0,3.4,md,guc
2008-06-11,19:56:19,-71.72,-32.68,33.1,3.5,ml,guc
2008-06-11,20:35:15,-66.2,-25.43,189.2,4.5,mb,us
2008-06-11,22:11:59,-69.32,-20.0,107.5,4.4,mb,us
2008-06-12,04:39:44,-68.79,-18.92,141.2,0.0,,us
2008-06-12,05:30:44,-114.17,-50.16,10.0,5.9,mwc,us
2008-06-12,06:04:44,-71.08,-31.66,110.0,2.9,m,guc
2008-06-12,16:53:35,-113.66,-50.02,10.0,5.0,mwc,gcmt
2008-06-12,23:20:25,-71.09,-33.56,64.0,3.6,md,guc
2008-06-13,07:43:17,-71.27,-35.78,119.3,3.0,md,guc
2008-06-13,16:54:50,-69.14,-19.67,110.1,4.6,mb,us
2008-06-13,19:57:02,-100.04,-36.15,10.0,5.0,mwc,gcmt
2008-06-14,03:35:15,-70.57,-33.66,96.5,4.6,mb,us
2008-06-14,07:47:44,-71.17,-35.61,104.5,3.4,md,guc
2008-06-14,13:24:05,-73.44,-37.26,27.0,3.9,ml,guc
2008-06-14,22:11:17,-68.26,-21.58,112.5,4.6,mb,us
2008-06-15,01:27:53,-68.5,-22.23,103.7,4.6,mb,us
2008-06-15,02:57:56,-66.8,-23.95,188.4,3.9,mb,us
2008-06-15,05:44:18,-71.57,-14.58,57.0,4.6,mb,us
2008-06-15,06:13:49,-71.93,-31.87,22.0,4.4,mb,us
2008-06-15,08:37:17,-107.45,-36.62,10.0,6.0,mwc,us
2008-06-15,12:21:29,-66.42,-23.08,211.6,5.0,mb,us
2008-06-15,14:20:23,-71.48,-32.1,36.7,3.4,md,guc
2008-06-16,04:07:58,-72.29,-33.39,4.1,4.0,ml,guc
2008-06-16,04:21:37,-70.67,-32.15,102.1,2.6,md,guc
2008-06-16,04:58:52,-72.28,-33.45,3.2,4.1,ml,guc
2008-06-16,07:00:12,-70.64,-35.09,24.9,2.8,ml,guc
2008-06-16,09:28:37,-71.79,-31.56,20.9,4.1,ml,guc
2008-06-16,13:32:17,-69.85,-16.69,69.7,3.8,mb,us
2008-06-16,21:02:35,-71.17,-32.42,55.2,4.8,mb,us
2008-06-17,01:27:55,-71.16,-32.44,45.2,3.4,md,guc
2008-06-17,02:42:56,-68.06,-21.35,107.4,0.0,,us
2008-06-17,08:27:42,-71.13,-33.1,59.8,2.6,md,guc
2008-06-17,10:15:54,-70.43,-34.45,110.0,2.8,md,guc
2008-06-17,13:45:05,-64.81,-25.82,40.3,4.5,md,sja
2008-06-17,14:44:31,-69.69,-31.78,159.9,2.9,m,guc
2008-06-17,20:09:18,-70.6,-33.58,92.0,2.6,md,guc
2008-06-18,02:53:11,-69.77,-31.81,154.1,3.5,md,guc
2008-06-18,05:23:58,-72.4,-34.39,25.7,3.0,ml,guc
2008-06-18,11:01:35,-69.45,-31.81,114.1,4.6,mb,us
2008-06-18,21:43:09,-71.67,-20.17,51.7,3.6,mb,us
2008-06-19,06:27:14,-71.98,-33.05,15.0,3.1,md,guc
2008-06-19,07:56:40,-70.34,-29.54,86.7,3.6,m,guc
2008-06-19,08:35:20,-69.97,-16.08,184.4,3.9,mb,us
2008-06-19,21:15:33,-70.64,-32.85,78.5,2.7,md,guc
2008-06-20,01:43:47,-70.29,-31.93,130.7,3.4,md,guc
2008-06-20,09:28:57,-72.71,-33.27,30.7,3.2,ml,guc
2008-06-20,16:20:44,-71.96,-33.81,39.9,3.4,md,guc
2008-06-21,04:09:04,-67.05,-24.3,150.3,4.2,mb,us
2008-06-21,07:40:41,-71.4,-35.76,90.9,4.5,mb,us
2008-06-21,10:45:53,-66.73,-24.01,185.2,0.0,,us
2008-06-22,12:11:20,-70.26,-33.03,108.1,2.8,md,guc
2008-06-22,12:12:50,-66.52,-23.8,214.3,4.6,mb,us
2008-06-22,23:08:18,-69.13,-31.19,132.1,3.8,md,guc
2008-06-23,06:01:15,-70.9,-33.56,70.5,2.6,md,guc
2008-06-23,06:19:04,-69.99,-31.6,166.9,3.6,md,guc
2008-06-24,12:57:38,-108.18,-34.7,10.0,4.3,mb,us
2008-06-24,13:15:05,-71.2,-32.56,87.7,3.0,md,guc
2008-06-24,14:42:58,-70.84,-31.88,99.7,3.0,md,guc
2008-06-24,20:50:27,-71.76,-35.84,79.0,4.2,mb,us
2008-06-24,23:28:50,-70.5,-32.93,96.0,3.2,md,guc
2008-06-25,00:26:58,-67.27,-29.07,116.7,0.0,,us
2008-06-25,04:21:54,-71.72,-33.91,51.3,3.2,md,guc
2008-06-25,05:36:48,-71.7,-36.16,123.8,4.1,m,guc
2008-06-25,22:52:03,-71.77,-32.52,15.0,3.0,ml,guc
2008-06-26,00:06:40,-75.63,-8.9,38.1,5.0,mwc,gcmt
2008-06-26,02:42:34,-71.36,-30.55,53.9,2.5,m,guc
2008-06-26,05:28:28,-71.63,-32.64,34.7,2.5,ml,guc
2008-06-26,06:18:44,-70.77,-32.29,78.0,2.8,md,guc
2008-06-26,07:46:54,-114.18,-22.9,10.0,4.2,mb,us
2008-06-26,10:13:02,-69.05,-20.6,117.4,4.1,mb,us
2008-06-26,12:34:02,-75.58,-8.92,39.7,5.2,mwc,gcmt
2008-06-26,13:43:53,-76.34,-13.68,35.0,4.0,ml,lim
2008-06-26,14:21:27,-75.35,-8.77,35.0,4.7,mb,us
2008-06-26,17:44:12,-67.06,-21.88,173.9,4.6,mb,us
2008-06-26,20:35:12,-71.43,-28.72,50.0,4.8,mb,us
2008-06-27,01:42:54,-71.03,-34.48,70.3,3.8,md,guc
2008-06-27,03:04:32,-70.29,-33.04,102.9,2.9,md,guc
2008-06-27,04:43:37,-69.49,-31.47,140.2,3.5,m,guc
2008-06-27,05:34:11,-71.66,-29.27,42.4,3.5,m,guc
2008-06-27,09:56:06,-71.97,-34.48,33.2,3.0,ml,guc
2008-06-27,14:31:39,-71.29,-28.73,35.0,4.8,mb,us
2008-06-27,14:54:22,-87.88,-41.08,10.0,3.9,mb,us
2008-06-27,17:55:14,-69.98,-33.67,6.8,2.6,ml,guc
2008-06-28,06:13:17,-70.21,-32.92,108.3,3.2,md,guc
2008-06-28,06:19:27,-67.18,-21.94,185.8,4.3,mb,us
2008-06-28,07:20:41,-70.68,-33.19,91.5,2.5,m,guc
2008-06-28,23:57:11,-71.03,-33.45,69.1,2.6,md,guc
2008-06-29,00:42:16,-71.15,-32.31,53.6,3.8,md,guc
2008-06-29,02:35:15,-73.34,-36.64,40.4,3.6,m,guc
2008-06-29,05:10:16,-68.69,-33.21,24.1,3.5,ml,guc
2008-06-29,12:18:53,-70.22,-32.59,121.8,2.8,md,guc
2008-06-29,13:47:56,-70.13,-31.65,140.7,3.4,md,guc
2008-06-29,14:32:48,-89.25,-42.25,10.0,4.9,mwc,gcmt
2008-06-29,16:11:47,-68.58,-31.2,150.0,3.7,m,guc
2008-06-29,18:12:10,-69.68,-31.53,154.6,3.7,md,guc
2008-06-29,18:38:53,-71.43,-33.08,50.7,3.7,md,guc
2008-06-29,19:49:29,-70.08,-32.53,126.8,3.1,md,guc
2008-06-30,00:41:56,-69.35,-32.41,23.5,2.5,ml,guc
2008-06-30,02:52:21,-70.62,-33.16,95.7,2.5,md,guc
2008-06-30,04:05:59,-93.25,-38.4,10.0,5.2,mwc,gcmt
2008-06-30,08:30:20,-71.54,-32.4,50.0,3.7,md,guc
2008-07-01,00:17:33,-75.51,-10.37,32.7,5.4,mwc,gcmt
2008-07-01,01:04:19,-75.39,-10.34,28.1,4.7,mb,us
2008-07-01,05:43:12,-71.66,-30.92,15.3,2.7,ml,guc
2008-07-01,07:28:07,-70.68,-32.26,106.8,3.2,md,guc
2008-07-01,21:43:42,-66.97,-22.68,250.0,3.7,mb,us
2008-07-02,07:14:31,-68.64,-31.19,130.0,3.5,m,guc
2008-07-02,08:10:47,-70.35,-34.95,159.7,3.2,md,guc
2008-07-02,09:13:34,-72.47,-30.61,35.6,2.6,ml,guc
2008-07-02,10:59:48,-71.47,-32.02,37.0,3.7,md,guc
2008-07-02,17:11:16,-69.39,-19.02,104.8,4.5,mb,us
2008-07-02,18:20:01,-66.73,-30.11,115.3,0.0,,us
2008-07-03,06:25:01,-70.49,-31.88,102.4,2.8,m,guc
2008-07-03,15:19:39,-71.48,-32.56,30.2,3.6,ml,guc
2008-07-03,19:35:17,-71.19,-35.07,97.0,4.2,m,guc
2008-07-03,20:07:29,-70.44,-34.62,126.4,3.2,md,guc
2008-07-03,22:38:43,-71.98,-34.17,38.2,3.6,md,guc
2008-07-03,23:04:51,-71.39,-32.48,42.0,4.3,mb,us
2008-07-04,03:54:51,-69.29,-30.99,143.5,3.4,m,guc
2008-07-04,21:37:21,-70.45,-19.51,65.5,3.9,mb,us
2008-07-04,23:59:22,-71.77,-35.7,100.9,3.2,md,guc
2008-07-05,13:28:07,-73.09,-15.59,102.3,4.6,mb,us
2008-07-05,17:42:33,-70.49,-28.18,69.7,4.3,md,guc
2008-07-06,02:01:43,-68.26,-21.53,104.8,4.3,mb,us
2008-07-06,23:16:02,-79.46,-9.24,55.0,4.3,mb,us
2008-07-07,03:12:14,-72.19,-13.93,100.4,0.0,,us
2008-07-07,03:41:41,-71.67,-31.96,30.5,2.9,ml,guc
2008-07-07,04:40:50,-69.75,-33.02,112.2,3.6,md,guc
2008-07-07,08:28:35,-68.43,-19.9,152.3,0.0,,us
2008-07-07,15:23:39,-112.75,-23.24,10.0,4.3,mb,us
2008-07-07,15:32:15,-70.22,-33.46,108.6,2.5,md,guc
2008-07-07,19:17:27,-68.73,-31.46,143.7,3.8,md,guc
2008-07-07,23:17:02,-69.06,-32.95,9.7,3.2,ml,guc
2008-07-07,23:57:10,-72.5,-42.06,7.8,4.0,mb,us
2008-07-08,00:16:39,-67.17,-24.0,210.0,3.8,mb,us
2008-07-08,00:21:01,-68.86,-20.43,57.9,3.6,mb,us
2008-07-08,00:54:09,-71.86,-33.77,38.5,3.6,md,guc
2008-07-08,03:02:28,-72.17,-31.58,31.9,4.2,ml,guc
2008-07-08,06:02:10,-71.17,-35.02,89.5,3.1,md,guc
2008-07-08,06:45:12,-112.28,-22.72,10.0,4.5,mb,us
2008-07-08,08:50:39,-69.63,-31.13,156.6,3.0,m,guc
2008-07-08,09:13:07,-71.75,-15.99,123.0,6.2,mwc,us
2008-07-08,12:08:40,-71.64,-30.88,27.3,4.8,ml,guc
2008-07-08,12:53:17,-69.54,-19.51,85.7,4.5,m,guc
2008-07-08,15:54:17,-66.71,-22.95,196.9,4.6,mb,us
2008-07-08,18:24:04,-66.94,-30.43,40.7,0.0,,us
2008-07-08,19:35:33,-67.63,-24.16,180.0,4.2,m,guc
2008-07-09,02:57:50,-71.06,-32.16,74.7,2.9,md,guc
2008-07-09,03:25:31,-75.19,-11.92,46.4,4.1,mb,us
2008-07-09,06:01:02,-70.31,-19.56,99.5,4.4,mb,us
2008-07-09,07:01:46,-75.37,-10.31,15.1,4.7,mb,us
2008-07-09,08:01:34,-70.86,-19.68,10.0,0.0,,us
2008-07-09,08:52:38,-71.62,-7.01,520.6,4.0,mb,us
2008-07-09,14:17:17,-101.37,-36.12,10.0,4.9,mwc,gcmt
2008-07-09,14:56:47,-68.69,-21.26,113.9,0.0,,us
2008-07-09,19:58:40,-70.11,-23.07,44.3,4.6,mb,us
2008-07-09,23:42:15,-74.31,-10.04,46.8,3.7,mb,us
2008-07-10,02:01:29,-72.31,-34.74,15.0,2.8,ml,guc
2008-07-10,09:46:15,-71.14,-35.06,108.2,2.8,md,guc
2008-07-10,16:13:52,-71.42,-35.9,113.2,3.3,md,guc
2008-07-11,04:52:26,-69.86,-32.4,127.4,3.5,md,guc
2008-07-11,07:08:46,-71.52,-32.1,51.6,2.6,m,guc
2008-07-11,08:52:22,-69.64,-32.09,151.5,3.5,md,guc
2008-07-12,02:33:46,-71.66,-32.68,15.4,3.4,ml,guc
2008-07-12,04:38:33,-69.36,-28.55,67.8,4.2,mb,us
2008-07-12,09:36:51,-67.23,-23.65,225.0,4.1,mb,us
2008-07-12,12:27:03,-70.93,-29.91,67.5,2.9,m,guc
2008-07-12,13:51:22,-71.67,-32.65,14.9,0.0,,us
2008-07-12,17:46:35,-70.35,-33.88,109.4,2.5,md,guc
2008-07-12,21:40:17,-70.21,-31.39,123.5,3.3,md,guc
2008-07-13,03:20:53,-70.14,-33.0,119.2,2.5,md,guc
2008-07-13,05:29:26,-72.25,-31.89,16.2,3.2,ml,guc
2008-07-13,10:13:54,-71.24,-35.07,79.7,2.9,md,guc
2008-07-13,17:33:54,-68.21,-21.69,85.5,4.8,mb,us
2008-07-13,19:30:26,-67.11,-21.74,175.9,4.4,mb,us
2008-07-14,00:12:42,-69.5,-31.41,150.2,4.2,mb,us
2008-07-14,02:07:42,-70.39,-23.05,35.3,4.2,mb,us
2008-07-14,02:11:44,-72.1,-32.03,23.4,2.9,ml,guc
2008-07-14,10:15:03,-77.49,-12.16,50.7,4.0,m,lim
2008-07-14,16:41:40,-71.1,-31.82,71.5,3.3,md,guc
2008-07-14,17:22:42,-72.0,-32.56,15.0,4.5,mb,us
2008-07-14,17:49:15,-68.24,-21.5,97.7,4.8,mb,us
2008-07-14,18:25:34,-71.09,-33.92,81.8,3.4,md,guc
2008-07-14,18:40:01,-66.49,-27.93,163.2,4.6,mb,us
2008-07-14,22:04:51,-72.08,-32.11,31.2,3.2,ml,guc
2008-07-14,22:36:59,-74.58,-10.67,10.0,4.7,mb,us
2008-07-15,01:51:59,-72.04,-32.57,15.0,3.2,ml,guc
2008-07-15,03:39:43,-72.23,-31.81,3.7,4.0,ml,guc
2008-07-15,11:59:24,-69.38,-22.79,176.9,4.0,mb,us
2008-07-15,19:17:43,-70.23,-22.54,25.0,4.9,mb,us
2008-07-15,20:11:35,-70.93,-35.38,101.1,2.8,md,guc
2008-07-15,21:35:16,-71.99,-32.58,26.9,2.6,ml,guc
2008-07-15,23:34:31,-72.15,-32.2,22.7,2.9,ml,guc
2008-07-15,23:46:22,-66.54,-24.1,180.3,4.1,mb,us
2008-07-15,23:46:54,-67.0,-24.46,155.6,4.3,mb,us
2008-07-16,02:10:43,-72.06,-31.75,28.6,3.0,ml,guc
2008-07-16,02:47:42,-71.64,-32.38,30.5,2.8,ml,guc
2008-07-16,04:26:20,-72.23,-32.14,27.2,3.3,ml,guc
2008-07-16,06:03:37,-72.16,-31.76,4.0,3.4,ml,guc
2008-07-16,06:47:40,-72.15,-31.76,2.1,4.0,ml,guc
2008-07-16,07:26:05,-72.07,-32.16,30.5,3.8,ml,guc
2008-07-16,07:51:04,-72.09,-32.11,41.4,3.6,md,guc
2008-07-16,12:22:50,-72.11,-32.13,33.2,3.2,ml,guc
2008-07-16,13:26:36,-66.66,-27.86,156.0,4.1,mb,us
2008-07-16,16:08:33,-72.16,-32.09,29.1,4.0,ml,guc
2008-07-16,16:43:52,-72.26,-32.06,25.0,3.5,ml,guc
2008-07-16,17:03:25,-72.17,-32.11,27.0,3.4,ml,guc
2008-07-16,19:04:50,-71.12,-32.12,79.3,3.1,m,guc
2008-07-16,21:57:56,-72.34,-31.93,43.2,3.3,md,guc
2008-07-16,23:59:26,-72.14,-32.24,22.3,3.3,ml,guc
2008-07-17,00:28:05,-69.56,-16.72,179.8,3.6,mb,us
2008-07-17,04:23:45,-68.63,-31.22,150.0,4.0,m,guc
2008-07-17,05:03:52,-72.16,-32.05,20.3,3.1,ml,guc
2008-07-17,08:35:01,-68.67,-20.65,113.4,4.3,mb,us
2008-07-17,08:59:15,-70.96,-34.74,101.1,3.0,md,guc
2008-07-17,09:52:03,-70.41,-34.08,104.8,2.7,md,guc
2008-07-17,12:56:53,-72.02,-31.83,52.7,3.6,md,guc
2008-07-17,13:42:44,-72.1,-32.15,9.3,4.0,ml,guc
2008-07-17,18:26:07,-72.15,-31.89,33.7,3.6,ml,guc
2008-07-17,20:46:23,-72.17,-32.13,35.9,4.1,ml,guc
2008-07-18,00:42:59,-71.31,-31.86,37.3,3.5,md,guc
2008-07-18,01:14:26,-71.73,-36.34,91.8,3.1,m,guc
2008-07-18,01:42:30,-71.46,-36.74,111.0,3.0,m,guc
2008-07-18,03:41:12,-71.02,-32.71,55.5,3.2,md,guc
2008-07-18,04:14:22,-72.04,-31.81,7.4,3.2,ml,guc
2008-07-18,06:44:28,-72.05,-32.04,29.0,3.5,ml,guc
2008-07-18,07:07:34,-71.65,-32.63,15.2,2.5,ml,guc
2008-07-18,10:57:20,-107.53,-35.05,10.0,4.4,mb,us
2008-07-18,12:32:40,-71.84,-32.21,26.1,3.4,ml,guc
2008-07-18,12:57:12,-71.86,-32.21,23.3,3.3,ml,guc
2008-07-18,13:59:04,-71.89,-32.22,28.0,3.2,ml,guc
2008-07-18,23:48:52,-72.24,-39.67,137.9,3.9,mb,us
2008-07-19,00:26:21,-71.88,-32.2,21.6,2.8,ml,guc
2008-07-19,01:11:15,-91.64,-40.3,10.0,4.5,mb,us
2008-07-19,02:40:42,-72.1,-31.8,5.6,3.9,ml,guc
2008-07-19,03:21:57,-69.68,-18.3,107.0,4.0,mb,us
2008-07-19,08:04:14,-69.82,-31.38,159.3,3.1,m,guc
2008-07-19,10:37:17,-70.46,-34.14,13.2,3.0,md,guc
2008-07-19,10:49:01,-75.4,-10.22,23.5,4.8,mb,us
2008-07-19,12:59:10,-72.07,-31.78,4.8,3.5,ml,guc
2008-07-19,16:36:17,-70.46,-34.56,110.6,2.8,md,guc
2008-07-19,17:37:56,-71.87,-33.88,48.0,3.3,md,guc
2008-07-19,19:57:54,-71.9,-29.49,45.0,3.9,md,guc
2008-07-19,20:55:29,-70.26,-25.78,51.8,0.0,,us
2008-07-20,05:19:57,-71.86,-32.22,9.1,2.8,ml,guc
2008-07-20,16:44:43,-70.56,-34.63,35.3,0.0,,us
2008-07-20,20:04:58,-91.64,-41.07,10.0,4.3,mb,us
2008-07-21,00:58:41,-70.26,-32.96,115.0,2.8,md,guc
2008-07-21,03:08:23,-69.4,-31.57,120.0,4.7,mb,us
2008-07-21,03:43:32,-67.03,-24.27,156.4,0.0,,us
2008-07-21,11:39:06,-72.24,-32.1,29.4,3.3,ml,guc
2008-07-21,18:48:02,-69.0,-31.2,140.0,4.0,mb,us
2008-07-22,14:28:16,-68.51,-20.69,123.8,3.9,mb,us
2008-07-22,18:39:07,-70.24,-34.74,18.9,3.0,ml,guc
2008-07-22,19:29:44,-66.95,-24.06,172.7,4.9,mb,us
2008-07-22,20:49:41,-71.73,-32.08,23.7,2.7,ml,guc
2008-07-23,03:59:28,-125.25,-55.75,10.0,5.0,mwc,gcmt
2008-07-23,16:03:42,-68.31,-19.92,35.9,0.0,,us
2008-07-23,17:02:00,-70.27,-34.75,17.2,3.1,ml,guc
2008-07-24,02:21:35,-71.34,-14.18,54.9,4.0,mb,us
2008-07-24,04:02:18,-68.82,-31.32,140.0,3.5,m,guc
2008-07-24,18:24:09,-70.26,-33.12,23.0,2.8,ml,guc
2008-07-25,07:48:11,-68.17,-22.33,118.3,5.2,mwc,gcmt
2008-07-25,11:09:23,-70.64,-26.72,35.0,4.1,mb,us
2008-07-25,12:13:08,-70.98,-28.18,23.3,5.1,mb,us
2008-07-25,15:10:29,-71.87,-31.75,25.3,3.8,ml,guc
2008-07-25,15:42:09,-71.91,-31.74,22.8,3.5,ml,guc
2008-07-25,21:19:08,-71.91,-31.76,19.7,3.6,ml,guc
2008-07-26,03:38:33,-64.54,-23.78,26.0,4.2,mb,us
2008-07-26,05:07:46,-71.56,-32.65,31.6,2.9,ml,guc
2008-07-26,07:21:52,-72.41,-32.25,20.8,3.8,ml,guc
2008-07-26,10:35:41,-70.36,-34.44,17.6,3.3,md,guc
2008-07-26,12:49:34,-70.48,-33.95,13.6,3.0,md,guc
2008-07-26,17:39:30,-68.24,-21.56,136.8,4.7,mb,us
2008-07-27,01:18:01,-115.2,-23.4,10.0,5.0,mwc,gcmt
2008-07-27,01:30:36,-115.41,-23.45,10.0,4.4,mb,us
2008-07-27,01:52:22,-115.13,-23.41,10.0,4.6,mb,us
2008-07-27,03:34:17,-115.28,-23.5,10.0,4.4,mb,us
2008-07-27,12:04:38,-71.15,-31.96,60.6,4.0,md,guc
2008-07-28,05:47:58,-68.93,-31.18,110.6,3.9,md,guc
2008-07-28,08:13:39,-67.14,-19.6,224.6,0.0,,us
2008-07-28,14:32:05,-66.81,-24.05,185.4,4.1,mb,us
2008-07-28,18:18:41,-71.3,-14.24,47.2,4.7,mb,us
2008-07-29,06:03:06,-74.3,-42.66,28.2,4.2,ml,guc
2008-07-29,08:22:55,-70.67,-34.62,103.0,3.1,md,guc
2008-07-29,10:10:16,-70.17,-31.71,136.1,3.3,md,guc
2008-07-29,13:44:26,-71.45,-31.84,43.9,3.5,md,guc
2008-07-29,15:12:53,-71.69,-32.64,26.1,3.2,ml,guc
2008-07-29,20:56:22,-118.78,-54.73,10.0,5.8,mwb,us
2008-07-31,00:03:37,-70.06,-19.54,26.7,4.2,ml,guc
2008-07-31,06:59:00,-71.58,-32.68,40.4,3.7,md,guc
2008-07-31,21:47:59,-68.38,-21.11,143.4,3.8,mb,us
2008-08-01,02:56:41,-67.19,-22.02,169.8,4.6,mb,us
2008-08-01,06:18:39,-66.63,-22.36,212.3,5.3,mwc,gcmt
2008-08-01,14:40:34,-79.98,-6.65,88.4,4.2,mb,us
2008-08-01,21:56:17,-71.59,-32.8,27.6,3.1,ml,guc
2008-08-02,05:11:55,-71.16,-32.06,78.0,3.2,md,guc
2008-08-02,05:58:27,-67.59,-22.17,200.0,4.2,mb,us
2008-08-02,09:45:33,-66.69,-22.44,278.0,4.2,m,guc
2008-08-02,15:43:10,-71.24,-31.97,44.9,3.8,md,guc
2008-08-02,22:32:51,-69.78,-31.62,141.3,2.7,m,guc
2008-08-03,08:04:10,-70.07,-33.22,109.9,3.0,md,guc
2008-08-03,11:54:37,-110.13,-30.36,10.0,4.5,mb,us
2008-08-03,15:44:36,-67.02,-24.24,166.2,4.7,mb,us
2008-08-04,04:21:19,-70.54,-35.56,0.0,2.9,ml,guc
2008-08-04,04:28:23,-69.11,-31.04,150.7,3.9,md,guc
2008-08-04,09:58:56,-72.05,-29.85,25.7,3.0,ml,guc
2008-08-05,19:47:47,-69.0,-32.54,142.4,3.7,md,guc
2008-08-05,23:18:27,-75.37,-47.69,44.6,4.5,mb,us
2008-08-05,23:38:59,-66.87,-23.26,174.4,4.3,mb,us
2008-08-06,02:02:44,-67.05,-24.27,153.1,4.0,mb,us
2008-08-06,10:22:14,-71.46,-32.31,3.0,3.5,md,guc
2008-08-06,11:17:43,-70.16,-33.85,7.6,3.0,md,guc
2008-08-06,12:30:04,-67.08,-24.2,151.0,4.1,mb,us
2008-08-06,13:19:57,-70.96,-34.3,90.0,2.9,md,guc
2008-08-06,22:03:09,-72.92,-14.15,67.5,4.9,mb,us
2008-08-07,00:18:06,-69.18,-29.35,93.4,4.9,mb,us
2008-08-07,04:09:18,-69.4,-17.84,148.9,4.0,m,guc
2008-08-07,07:44:25,-66.97,-24.02,164.7,4.2,mb,us
2008-08-07,20:28:51,-69.32,-31.86,111.3,3.3,md,guc
2008-08-07,22:58:33,-109.52,-9.14,10.0,5.6,mwc,gcmt
2008-08-07,23:05:25,-71.66,-30.93,26.2,3.5,ml,guc
2008-08-07,23:56:22,-67.66,-24.92,120.5,4.3,mb,us
2008-08-08,07:36:26,-73.5,-10.51,44.5,3.9,mb,us
2008-08-08,09:59:41,-70.33,-32.12,120.8,3.4,md,guc
2008-08-08,11:12:09,-66.48,-23.61,189.5,4.1,mb,us
2008-08-08,14:41:01,-70.74,-33.37,80.4,2.6,md,guc
2008-08-08,18:08:11,-71.04,-33.73,66.7,2.6,md,guc
2008-08-08,22:10:11,-68.3,-20.48,137.7,4.0,mb,us
2008-08-09,00:08:37,-71.23,-29.02,20.5,3.9,ml,guc
2008-08-09,00:40:57,-68.72,-18.88,145.2,3.9,mb,us
2008-08-09,02:25:41,-69.72,-31.45,150.0,3.1,m,guc
2008-08-09,04:14:30,-71.03,-34.74,109.6,3.2,md,guc
2008-08-09,04:24:58,-68.22,-33.39,1.0,4.2,md,sja
2008-08-09,11:03:39,-68.68,-20.82,108.5,4.2,mb,us
2008-08-09,18:00:06,-72.37,-33.99,36.6,3.1,ml,guc
2008-08-09,18:04:44,-72.4,-34.0,25.0,3.2,ml,guc
2008-08-09,19:35:46,-70.62,-32.88,86.9,3.2,md,guc
2008-08-09,23:34:21,-65.7,-21.41,281.3,3.7,mb,us
2008-08-09,23:58:28,-66.56,-21.42,224.8,4.6,mb,us
2008-08-10,08:52:12,-71.6,-32.29,15.0,3.1,ml,guc
2008-08-10,14:40:22,-67.54,-24.2,210.4,3.7,mb,us
2008-08-10,20:22:17,-67.71,-24.22,188.2,4.2,m,guc
2008-08-11,09:02:34,-71.55,-32.14,25.1,3.4,ml,guc
2008-08-11,09:15:38,-71.57,-32.15,25.3,2.9,ml,guc
2008-08-11,14:50:41,-69.88,-31.59,145.0,3.4,md,guc
2008-08-12,03:48:47,-71.83,-32.55,13.6,2.9,ml,guc
2008-08-12,05:13:16,-71.08,-33.88,75.0,2.9,md,guc
2008-08-13,00:29:07,-71.4,-28.45,7.3,4.4,mb,us
2008-08-13,01:32:46,-111.28,-13.38,10.0,5.7,mwc,gcmt
2008-08-13,05:23:42,-70.64,-35.2,154.2,4.3,m,guc
2008-08-13,10:10:35,-71.63,-32.68,15.0,3.1,ml,guc
2008-08-13,11:57:52,-71.55,-33.66,41.7,2.8,md,guc
2008-08-13,17:07:03,-69.43,-31.97,149.8,3.2,md,guc
2008-08-13,19:57:25,-71.54,-21.49,30.0,4.2,mb,us
2008-08-13,21:28:37,-78.37,-44.38,10.0,4.6,mb,us
2008-08-14,04:33:27,-69.17,-20.15,104.3,4.1,m,guc
2008-08-14,05:41:26,-71.73,-32.13,27.8,2.5,ml,guc
2008-08-14,22:24:08,-71.01,-19.8,10.0,4.3,mb,us
2008-08-15,14:17:44,-71.56,-32.76,15.1,3.3,ml,guc
2008-08-15,18:26:04,-70.78,-32.16,95.4,2.5,md,guc
2008-08-16,17:41:51,-71.95,-32.63,15.0,3.4,ml,guc
2008-08-16,20:17:05,-71.72,-32.71,12.5,3.4,ml,guc
2008-08-16,21:38:57,-75.02,-8.2,119.8,0.0,,us
2008-08-17,06:50:00,-71.67,-31.33,3.3,3.2,ml,guc
2008-08-17,08:01:52,-72.22,-40.47,9.0,4.7,mb,us
2008-08-17,15:25:57,-68.32,-31.82,108.3,3.7,md,guc
2008-08-17,17:56:55,-71.71,-33.3,29.4,2.8,ml,guc
2008-08-17,20:25:38,-71.61,-31.72,58.2,2.6,m,guc
2008-08-17,21:23:10,-70.34,-20.97,64.7,4.9,mb,us
2008-08-17,21:28:38,-108.29,-34.81,10.0,5.2,mwc,gcmt
2008-08-17,22:27:03,-104.87,-35.64,10.0,4.9,mwc,gcmt
2008-08-18,00:24:54,-71.55,-32.26,26.5,3.5,ml,guc
2008-08-18,08:36:22,-71.59,-35.94,100.1,3.7,md,guc
2008-08-18,10:58:28,-71.22,-34.09,63.1,3.4,md,guc
2008-08-18,13:28:13,-68.6,-31.5,101.6,4.0,mb,us
2008-08-18,15:38:09,-80.92,-5.84,48.5,5.1,mwc,gcmt
2008-08-18,19:05:14,-70.04,-32.58,131.3,3.3,md,guc
2008-08-18,19:17:18,-76.64,-14.46,10.0,4.6,mb,us
2008-08-18,20:28:16,-68.39,-22.14,122.6,5.0,mwc,gcmt
2008-08-18,20:53:43,-71.61,-32.66,12.7,2.9,ml,guc
2008-08-18,21:18:13,-71.69,-32.75,15.0,2.6,ml,guc
2008-08-18,23:34:18,-69.34,-31.47,156.9,3.5,m,guc
2008-08-19,03:30:07,-70.58,-20.24,40.0,4.1,mb,us
2008-08-19,10:13:40,-71.26,-32.3,40.5,3.4,md,guc
2008-08-19,10:58:00,-112.84,-28.54,9.0,5.7,mwc,us
2008-08-19,11:31:51,-71.63,-32.56,15.1,3.5,ml,guc
2008-08-19,11:37:49,-112.93,-28.44,10.0,4.6,mb,us
2008-08-19,16:52:19,-72.29,-37.4,101.3,3.3,md,guc
2008-08-19,22:45:02,-71.93,-35.47,61.0,3.0,md,guc
2008-08-20,01:38:06,-76.26,-13.42,54.7,4.0,mb,us
2008-08-20,16:00:30,-69.94,-33.21,109.2,2.9,md,guc
2008-08-20,17:03:14,-72.24,-32.31,25.0,3.4,ml,guc
2008-08-20,17:59:39,-72.65,-14.81,96.0,4.7,mb,us
2008-08-21,09:32:58,-68.7,-25.25,107.2,5.4,mwb,us
2008-08-21,13:21:21,-69.47,-31.06,145.0,3.4,md,guc
2008-08-22,01:17:15,-77.36,-5.67,49.7,3.9,mb,us
2008-08-22,03:06:44,-69.93,-31.79,152.2,2.8,m,guc
2008-08-22,03:28:04,-71.58,-30.52,48.0,3.0,m,guc
2008-08-22,03:32:19,-71.91,-30.8,32.1,3.9,ml,guc
2008-08-22,14:01:37,-71.52,-32.34,15.1,3.0,ml,guc
2008-08-22,16:25:26,-73.0,-32.85,16.1,3.2,ml,guc
2008-08-22,21:03:25,-74.27,-8.36,148.6,5.2,mwc,gcmt
2008-08-22,22:47:36,-71.04,-35.3,116.1,3.1,md,guc
2008-08-23,09:30:04,-86.14,-41.09,10.0,5.2,mwc,gcmt
2008-08-23,09:45:24,-69.01,-19.78,115.1,3.9,mb,us
2008-08-23,18:11:28,-67.74,-24.07,220.3,4.1,m,guc
2008-08-23,19:03:37,-66.69,-23.89,195.4,4.0,mb,us
2008-08-23,23:37:47,-71.62,-29.17,5.0,3.0,ml,guc
2008-08-24,04:05:51,-66.98,-24.22,171.3,4.0,mb,us
2008-08-24,05:21:04,-69.56,-32.81,149.5,3.2,md,guc
2008-08-24,08:13:31,-69.19,-20.68,117.4,3.7,m,guc
2008-08-24,08:27:47,-69.87,-31.58,148.3,4.1,m,guc
2008-08-24,11:48:23,-71.78,-34.33,46.3,3.4,md,guc
2008-08-24,13:48:18,-79.44,-5.19,101.6,0.0,,us
2008-08-24,19:24:00,-71.83,-32.15,3.8,3.3,ml,guc
2008-08-24,20:23:04,-71.83,-32.15,8.4,3.3,ml,guc
2008-08-24,21:16:59,-67.75,-24.21,157.8,3.7,mb,us
2008-08-24,23:39:09,-70.45,-32.86,103.6,2.7,md,guc
2008-08-25,02:30:58,-71.82,-32.14,6.4,3.4,ml,guc
2008-08-25,03:50:01,-70.15,-34.06,7.3,3.2,ml,guc
2008-08-25,04:55:27,-68.03,-21.65,109.9,0.0,,us
2008-08-25,08:21:41,-69.81,-31.59,145.0,3.6,md,guc
2008-08-25,09:06:43,-77.58,-7.65,51.8,4.3,mb,us
2008-08-25,16:47:23,-83.54,-42.67,10.0,5.0,mb,us
2008-08-25,22:43:57,-71.85,-32.23,10.9,3.0,ml,guc
2008-08-25,22:57:13,-70.03,-31.82,150.0,2.9,m,guc
2008-08-26,00:20:21,-68.69,-20.4,124.2,4.5,mb,us
2008-08-26,12:48:42,-69.15,-31.54,150.2,3.7,md,guc
2008-08-26,14:34:43,-70.47,-33.43,97.9,2.6,m,guc
2008-08-26,16:41:58,-71.17,-34.41,83.8,2.8,md,guc
2008-08-26,18:31:36,-66.2,-22.82,233.3,4.5,mb,us
2008-08-26,21:00:37,-74.38,-7.64,154.0,6.4,mwc,us
2008-08-27,04:42:07,-65.68,-21.74,277.1,4.9,mb,us
2008-08-27,05:54:36,-70.02,-31.78,134.6,3.5,md,guc
2008-08-27,10:59:51,-69.43,-15.94,231.3,4.2,mb,us
2008-08-28,06:03:44,-68.68,-22.24,91.6,3.9,m,guc
2008-08-28,06:09:57,-70.84,-33.66,78.3,3.0,md,guc
2008-08-28,07:21:59,-71.66,-32.56,12.0,3.4,md,guc
2008-08-28,07:44:36,-71.82,-31.76,7.1,2.8,ml,guc
2008-08-28,08:48:52,-71.86,-31.76,6.7,2.9,ml,guc
2008-08-28,09:57:41,-70.25,-34.76,17.2,4.2,ml,guc
2008-08-28,10:19:51,-70.21,-34.72,16.6,2.7,ml,guc
2008-08-28,15:59:02,-70.25,-34.73,21.6,3.2,ml,guc
2008-08-28,18:52:10,-70.02,-32.82,122.9,3.1,md,guc
2008-08-28,22:23:03,-71.07,-35.15,118.7,4.2,mb,us
2008-08-29,00:07:23,-71.15,-29.55,64.6,2.9,md,guc
2008-08-29,07:05:32,-73.45,-14.63,81.5,4.4,mb,us
2008-08-29,07:41:27,-70.27,-34.75,19.3,2.7,ml,guc
2008-08-29,08:26:21,-69.18,-32.89,22.3,3.8,md,sja
2008-08-29,09:03:36,-70.28,-34.76,17.8,3.2,ml,guc
2008-08-29,14:02:26,-71.57,-31.04,37.6,4.0,md,guc
2008-08-30,05:00:44,-69.25,-33.02,1.3,2.9,ml,guc
2008-08-30,07:49:06,-71.24,-32.13,76.4,2.9,md,guc
2008-08-30,14:17:24,-70.06,-32.48,133.1,3.7,md,guc
2008-08-30,23:37:02,-71.78,-33.97,36.6,3.2,md,guc
2008-08-31,01:15:25,-67.74,-61.23,10.0,5.5,mwc,us
2008-08-31,01:15:49,-71.62,-32.0,19.1,2.9,ml,guc
2008-08-31,03:07:22,-69.15,-31.32,115.8,3.8,md,guc
2008-08-31,04:05:12,-115.8,-24.46,10.0,4.4,mb,us
2008-08-31,04:11:23,-74.9,-9.76,133.1,3.8,mb,us
2008-08-31,06:33:50,-71.04,-34.04,70.6,2.5,md,guc
2008-08-31,06:38:58,-70.62,-32.98,90.6,3.3,md,guc
2008-08-31,06:52:02,-68.23,-22.21,127.2,4.7,mb,us
2008-08-31,09:49:08,-71.41,-33.84,62.7,2.5,md,guc
2008-08-31,10:12:40,-70.07,-31.8,146.2,3.6,md,guc
2008-08-31,20:58:31,-116.09,-24.46,10.0,5.0,mwc,gcmt
2008-08-31,23:13:12,-70.73,-33.59,84.3,2.6,md,guc
2008-09-01,13:04:56,-70.22,-34.76,19.4,2.7,ml,guc
2008-09-01,13:38:41,-67.14,-24.1,165.8,4.6,m,guc
2008-09-01,21:59:41,-63.46,-20.0,10.0,4.4,mb,us
2008-09-02,03:51:36,-70.34,-33.94,114.0,3.4,md,guc
2008-09-02,04:28:44,-71.64,-32.6,15.1,2.7,ml,guc
2008-09-02,07:22:19,-71.87,-34.7,28.5,2.9,ml,guc
2008-09-02,12:18:25,-70.55,-33.34,97.7,2.8,md,guc
2008-09-02,14:45:27,-68.49,-21.43,107.4,3.6,mb,us
2008-09-02,17:27:33,-67.42,-28.04,138.6,0.0,,us
2008-09-02,19:02:39,-72.64,-36.06,45.9,3.6,md,guc
2008-09-02,20:31:56,-101.41,-36.11,10.0,4.6,mb,us
2008-09-02,21:37:40,-75.15,-6.07,24.2,4.2,mb,us
2008-09-02,22:54:59,-71.24,-32.38,68.5,3.0,md,guc
2008-09-02,23:24:36,-71.62,-31.08,35.1,3.4,ml,guc
2008-09-03,01:40:19,-78.02,-13.1,37.9,4.4,mb,us
2008-09-03,06:24:21,-70.07,-32.37,124.1,3.2,md,guc
2008-09-03,07:06:03,-70.19,-31.78,137.3,3.4,md,guc
2008-09-03,11:25:14,-63.22,-26.74,569.6,6.3,mwc,us
2008-09-03,13:02:25,-75.23,-10.44,15.0,3.9,ml,lim
2008-09-04,03:19:25,-69.35,-15.76,248.5,4.2,mb,us
2008-09-04,06:18:52,-71.92,-30.01,35.0,4.5,mb,us
2008-09-04,07:02:27,-73.95,-9.9,148.0,4.1,mb,us
2008-09-04,07:24:49,-69.82,-22.64,42.4,3.5,m,guc
2008-09-04,13:07:01,-70.4,-31.92,147.5,3.0,m,guc
2008-09-04,14:35:17,-69.02,-18.42,134.0,4.6,mb,us
2008-09-04,19:23:16,-71.32,-18.48,34.3,4.2,mb,us
2008-09-05,01:11:22,-71.6,-32.6,22.8,4.0,ml,guc
2008-09-05,03:16:49,-68.72,-31.48,106.5,3.5,md,sja
2008-09-05,05:12:12,-70.67,-26.7,47.0,4.7,mb,us
2008-09-05,12:00:23,-67.59,-16.69,10.0,4.0,mb,us
2008-09-05,12:15:20,-70.56,-33.25,92.4,2.5,m,guc
2008-09-05,12:30:02,-75.76,-14.22,44.1,4.6,mb,us
2008-09-05,13:09:58,-124.95,-55.42,10.0,4.6,mb,us
2008-09-05,20:51:14,-67.09,-24.22,156.4,4.2,mb,us
2008-09-06,02:28:06,-71.32,-39.06,145.8,4.2,mb,us
2008-09-06,04:00:04,-70.68,-33.6,86.3,3.3,md,guc
2008-09-06,04:23:35,-75.37,-41.73,27.2,3.4,ml,guc
2008-09-06,11:07:24,-111.24,-35.16,10.0,4.6,mb,us
2008-09-06,14:15:59,-66.83,-27.75,154.7,3.9,mb,us
2008-09-06,16:48:56,-68.99,-21.54,76.0,3.9,mb,us
2008-09-06,17:37:42,-103.96,-35.6,10.0,5.1,mwc,gcmt
2008-09-06,17:57:26,-67.08,-24.18,161.3,4.1,mb,us
2008-09-07,07:28:50,-71.59,-32.65,7.5,2.6,ml,guc
2008-09-07,09:06:40,-71.48,-32.67,15.4,2.9,ml,guc
2008-09-07,10:49:57,-78.08,-11.01,47.2,4.7,mb,us
2008-09-07,14:07:06,-56.01,-54.19,37.8,4.9,mb,us
2008-09-07,16:02:26,-71.32,-33.77,49.9,3.1,md,guc
2008-09-07,21:07:46,-55.83,-54.1,10.0,4.4,mb,us
2008-09-07,22:11:14,-68.87,-20.92,82.6,3.9,mb,us
2008-09-08,04:02:07,-74.12,-13.83,83.2,0.0,,us
2008-09-08,05:00:48,-71.47,-28.9,35.0,0.0,,us
2008-09-08,10:33:20,-71.47,-32.3,35.6,3.3,md,guc
2008-09-08,23:18:27,-70.3,-32.17,114.3,4.0,md,guc
2008-09-09,06:10:52,-70.22,-32.09,122.4,2.9,md,guc
2008-09-09,07:41:48,-69.82,-31.55,149.2,3.3,md,guc
2008-09-09,11:13:06,-73.06,-36.46,50.4,4.6,mb,us
2008-09-09,23:23:36,-71.48,-32.59,6.3,2.9,ml,guc
2008-09-10,00:05:54,-69.11,-31.41,157.0,3.0,m,guc
2008-09-10,00:47:41,-71.18,-34.67,63.7,3.0,md,guc
2008-09-10,02:53:02,-69.48,-31.41,147.6,3.1,m,guc
2008-09-10,05:46:55,-70.88,-35.55,142.7,3.3,md,guc
2008-09-10,15:03:28,-68.72,-22.55,93.0,4.5,mb,us
2008-09-10,16:12:04,-69.22,-20.26,37.7,5.7,mwc,gcmt
2008-09-10,16:28:19,-69.42,-20.73,50.3,3.4,mb,us
2008-09-10,18:40:01,-70.17,-33.41,119.0,4.6,mb,us
2008-09-11,03:41:33,-68.8,-19.66,134.5,4.2,mb,us
2008-09-11,05:57:30,-71.94,-36.06,70.3,3.5,m,guc
2008-09-11,06:31:18,-71.71,-32.47,27.1,3.4,ml,guc
2008-09-11,07:40:38,-72.06,-33.2,15.3,2.5,ml,guc
2008-09-11,08:07:24,-71.86,-33.61,34.7,3.1,md,guc
2008-09-11,17:11:35,-69.05,-19.65,106.2,5.3,mwc,gcmt
2008-09-12,03:08:36,-69.99,-31.83,140.6,2.7,md,guc
2008-09-12,03:09:27,-67.1,-24.34,166.3,4.1,mb,us
2008-09-12,03:20:35,-69.03,-31.28,107.2,4.1,mb,us
2008-09-12,03:51:18,-71.65,-32.54,3.6,3.0,ml,guc
2008-09-12,05:15:15,-70.33,-32.09,125.0,3.6,md,guc
2008-09-12,08:12:53,-71.65,-33.1,53.2,3.4,md,guc
2008-09-12,16:04:53,-72.06,-33.16,35.0,2.6,ml,guc
2008-09-12,19:07:19,-68.39,-21.94,93.5,4.5,mb,us
2008-09-12,22:21:33,-68.97,-20.01,141.5,3.9,mb,us
2008-09-12,22:50:15,-71.56,-30.44,41.5,2.6,m,guc
2008-09-13,06:32:20,-69.8,-32.17,156.6,2.7,m,guc
2008-09-13,10:41:52,-63.68,-22.04,534.7,3.8,mb,us
2008-09-13,11:52:02,-70.23,-32.82,105.0,3.2,m,guc
2008-09-13,15:45:26,-113.2,-48.71,10.0,5.2,mwc,gcmt
2008-09-13,16:47:30,-68.25,-27.88,105.7,0.0,,us
2008-09-13,17:29:46,-113.94,-20.8,10.0,4.6,mb,us
2008-09-14,07:19:19,-71.78,-31.61,21.9,2.9,ml,guc
2008-09-14,07:28:44,-71.75,-31.61,31.2,3.0,ml,guc
2008-09-14,15:35:22,-92.5,-38.99,10.0,4.7,mb,us
2008-09-14,16:45:31,-69.53,-22.67,65.0,4.2,mb,us
2008-09-14,18:14:40,-71.52,-30.21,13.9,2.7,ml,guc
2008-09-14,19:50:13,-108.52,-35.14,10.0,4.4,mb,us
2008-09-14,23:57:25,-67.71,-61.17,23.5,4.6,mb,us
2008-09-15,03:23:25,-69.18,-21.11,110.5,4.8,mb,us
2008-09-15,06:43:36,-70.94,-32.44,72.7,2.9,md,guc
2008-09-15,08:32:51,-69.54,-31.41,146.6,2.9,m,guc
2008-09-15,17:31:50,-70.26,-32.63,114.9,2.7,m,guc
2008-09-15,23:36:52,-66.8,-24.17,152.1,5.1,mwc,gcmt
2008-09-16,08:57:14,-68.94,-31.22,140.1,3.2,md,guc
2008-09-16,14:23:48,-66.49,-21.38,232.8,4.1,mb,us
2008-09-16,21:56:41,-68.61,-20.39,114.8,5.0,mb,us
2008-09-17,02:34:41,-67.13,-24.29,157.4,3.8,mb,us
2008-09-17,22:53:12,-71.54,-30.72,30.5,4.8,mb,us
2008-09-18,01:05:00,-70.72,-33.8,96.6,2.9,md,guc
2008-09-18,01:46:29,-71.17,-32.23,75.0,3.1,md,guc
2008-09-18,02:40:10,-71.61,-30.71,16.1,3.4,ml,guc
2008-09-18,21:02:51,-71.59,-30.81,15.0,3.4,ml,guc
2008-09-18,22:23:10,-71.72,-32.62,1.9,2.7,ml,guc
2008-09-19,02:12:38,-71.06,-33.14,69.0,2.8,md,guc
2008-09-19,20:06:19,-70.14,-33.6,110.5,2.7,md,guc
2008-09-19,23:21:00,-66.4,-31.48,135.2,3.8,mb,us
2008-09-20,00:53:48,-68.65,-31.37,145.0,3.4,md,guc
2008-09-20,04:00:23,-70.61,-29.4,67.8,4.6,mb,us
2008-09-20,04:52:07,-70.68,-29.47,78.7,3.2,m,guc
2008-09-20,07:49:54,-68.54,-21.85,123.6,3.8,mb,us
2008-09-20,14:43:05,-73.63,-16.12,40.5,5.4,mwb,us
2008-09-20,15:17:48,-71.66,-30.74,16.5,3.2,ml,guc
2008-09-21,03:15:37,-90.27,-40.76,10.0,5.1,mwc,gcmt
2008-09-21,06:15:00,-68.62,-22.1,108.1,3.9,m,guc
2008-09-21,06:31:30,-70.48,-33.39,104.7,3.1,md,guc
2008-09-21,17:35:24,-63.39,-26.58,563.5,4.4,mb,us
2008-09-21,22:47:24,-68.46,-33.14,35.8,3.1,ml,guc
2008-09-22,04:51:40,-71.59,-30.17,22.2,4.5,ml,guc
2008-09-22,04:56:51,-71.91,-31.33,30.0,3.0,ml,guc
2008-09-22,14:52:23,-70.41,-33.97,96.2,3.4,md,guc
2008-09-23,09:47:22,-70.86,-34.59,121.1,3.0,md,guc
2008-09-23,11:18:34,-70.38,-32.21,113.1,2.9,md,guc
2008-09-23,21:27:21,-70.52,-33.57,95.4,2.6,md,guc
2008-09-23,22:33:04,-70.06,-33.03,110.7,3.0,md,guc
2008-09-23,22:43:13,-71.83,-32.35,23.1,2.6,ml,guc
2008-09-24,06:30:20,-73.04,-33.62,27.4,2.8,ml,guc
2008-09-24,08:35:52,-70.04,-24.4,44.6,4.1,md,guc
2008-09-24,21:22:56,-70.23,-32.15,130.4,3.0,md,guc
2008-09-25,02:05:00,-69.95,-22.51,69.8,4.6,mb,us
2008-09-25,08:20:23,-71.24,-31.67,13.2,3.0,ml,guc
2008-09-25,14:56:53,-68.88,-31.36,145.0,3.3,md,guc
2008-09-25,17:54:48,-66.86,-24.28,166.0,4.2,mb,us
2008-09-25,19:28:28,-57.49,-60.88,10.0,4.6,mb,us
2008-09-25,22:15:10,-72.85,-34.7,18.1,2.8,ml,guc
2008-09-26,02:21:25,-67.37,-28.53,128.7,0.0,,us
2008-09-26,05:55:28,-68.4,-23.8,134.3,3.6,m,guc
2008-09-26,08:28:12,-66.36,-23.86,198.7,4.1,mb,us
2008-09-26,08:55:06,-70.19,-32.59,107.7,3.5,md,guc
2008-09-26,09:41:47,-107.05,-35.12,10.0,4.9,mwc,gcmt
2008-09-26,18:34:04,-74.33,-15.33,57.8,4.6,mb,us
2008-09-26,23:53:54,-68.64,-33.14,5.0,3.5,md,sja
2008-09-27,05:12:49,-74.31,-8.01,144.8,4.6,mb,us
2008-09-27,05:34:59,-71.38,-36.28,140.1,4.7,mb,us
2008-09-27,08:04:23,-68.43,-31.69,27.2,4.1,mb,us
2008-09-27,09:31:45,-71.62,-32.64,10.9,2.7,ml,guc
2008-09-27,12:48:05,-71.49,-31.33,65.3,2.9,m,guc
2008-09-27,23:07:27,-72.34,-34.71,7.2,3.0,ml,guc
2008-09-28,15:34:12,-101.21,-35.95,10.0,5.0,mwc,gcmt
2008-09-28,22:19:37,-71.52,-34.01,39.9,3.5,md,guc
2008-09-29,03:40:43,-70.66,-34.48,107.2,4.0,mb,us
2008-09-29,06:39:45,-87.33,-48.41,10.0,4.3,mb,us
2008-09-29,13:04:02,-67.01,-24.26,160.2,4.6,mb,us
2008-09-29,17:59:29,-70.29,-32.95,108.9,2.7,m,guc
2008-09-29,23:17:06,-70.15,-34.78,11.5,2.9,ml,guc
2008-09-30,01:41:24,-68.18,-21.36,134.2,3.6,mb,us
2008-09-30,08:25:02,-70.75,-32.04,101.4,2.6,md,guc
2008-09-30,12:17:34,-68.9,-21.12,134.4,3.9,md,guc
2008-09-30,16:57:12,-115.24,-24.2,10.0,5.0,mwc,gcmt
2008-10-01,17:03:47,-70.73,-35.02,99.3,5.2,mwc,gcmt
2008-10-01,17:31:08,-71.18,-32.51,15.0,2.7,ml,guc
2008-10-01,22:44:10,-69.17,-23.3,81.6,3.9,mb,us
2008-10-02,03:42:50,-68.89,-21.41,128.9,0.0,,us
2008-10-02,04:34:49,-76.45,-14.18,35.0,4.3,mb,us
2008-10-02,17:02:42,-81.08,-8.54,35.0,0.0,,us
2008-10-03,04:44:34,-71.43,-33.18,46.1,3.0,md,guc
2008-10-03,09:49:56,-68.58,-21.75,123.6,3.6,md,guc
2008-10-03,12:45:09,-66.15,-28.03,10.0,4.2,md,sja
2008-10-03,16:02:43,-66.59,-23.41,185.2,4.6,mb,us
2008-10-03,18:50:02,-65.46,-57.76,18.9,4.6,mb,us
2008-10-04,00:01:40,-72.03,-33.1,25.1,3.6,mb,us
2008-10-04,07:27:15,-72.25,-33.19,38.0,3.2,md,guc
2008-10-04,11:47:06,-91.23,-38.88,10.0,5.5,mwc,gcmt
2008-10-04,23:05:53,-74.62,-11.04,117.7,4.4,mb,us
2008-10-05,03:44:19,-70.14,-34.63,14.5,2.6,ml,guc
2008-10-05,08:58:54,-72.13,-33.11,6.7,2.9,ml,guc
2008-10-05,12:29:40,-72.69,-16.2,116.0,4.5,mb,us
2008-10-05,23:45:23,-67.34,-28.31,124.1,4.8,mb,us
2008-10-06,00:18:29,-68.93,-18.4,135.1,5.0,mb,us
2008-10-06,07:14:25,-71.43,-31.95,34.6,2.5,ml,guc
2008-10-07,00:51:21,-76.94,-12.25,78.0,4.2,mb,us
2008-10-07,05:33:49,-71.47,-30.2,40.5,3.8,m,guc
2008-10-07,06:40:15,-71.65,-32.04,33.4,3.0,ml,guc
2008-10-07,09:13:00,-71.72,-32.19,26.1,3.0,ml,guc
2008-10-07,09:22:14,-71.73,-32.51,15.0,2.6,ml,guc
2008-10-07,11:30:36,-71.64,-32.16,32.0,2.6,ml,guc
2008-10-07,21:01:20,-69.18,-27.58,55.0,3.7,md,guc
2008-10-07,21:46:11,-68.57,-21.72,133.3,3.7,mb,us
2008-10-08,11:51:47,-95.97,-37.21,10.0,5.2,mwc,gcmt
2008-10-09,10:39:25,-69.85,-32.12,152.4,3.4,md,guc
2008-10-09,12:49:36,-72.02,-34.8,43.1,4.1,md,guc
2008-10-10,01:28:34,-67.82,-24.06,238.4,4.0,mb,us
2008-10-10,03:41:41,-71.04,-34.94,97.9,2.6,md,guc
2008-10-10,05:11:17,-74.65,-15.66,59.8,4.1,m,lim
2008-10-10,05:21:16,-73.14,-39.94,47.0,4.6,mb,us
2008-10-10,05:41:11,-71.18,-29.36,66.6,3.2,md,guc
2008-10-10,08:11:15,-70.97,-33.63,77.4,2.6,md,guc
2008-10-10,11:44:25,-72.13,-15.08,106.8,4.5,mb,us
2008-10-10,15:42:17,-68.66,-33.2,1.7,3.1,ml,guc
2008-10-10,18:26:54,-67.88,-31.3,98.9,4.5,mb,us
2008-10-10,22:13:40,-76.67,-13.56,47.1,4.1,mb,us
2008-10-10,23:20:08,-70.25,-28.52,38.2,2.9,m,guc
2008-10-11,03:21:48,-63.73,-22.08,530.8,3.7,mb,us
2008-10-12,01:56:43,-68.27,-31.2,105.6,4.0,mb,us
2008-10-12,04:33:58,-71.09,-28.62,56.4,3.1,m,guc
2008-10-12,09:03:42,-88.67,-41.45,10.0,5.0,mwc,gcmt
2008-10-12,19:05:12,-71.23,-29.72,58.7,3.6,m,guc
2008-10-12,20:32:37,-67.9,-29.53,152.7,0.0,,us
2008-10-12,20:55:41,-64.97,-20.12,352.7,6.2,mwb,us
2008-10-13,02:18:49,-72.17,-34.57,25.0,3.1,ml,guc
2008-10-13,03:27:16,-70.49,-22.91,46.5,4.0,m,guc
2008-10-13,08:16:39,-67.09,-24.33,168.4,4.0,mb,us
2008-10-13,11:51:08,-69.97,-27.19,69.5,3.2,m,guc
2008-10-13,16:26:23,-71.55,-34.95,43.2,3.3,md,guc
2008-10-14,16:16:48,-68.73,-21.38,111.1,4.2,mb,us
2008-10-14,21:19:33,-72.06,-32.97,11.5,3.1,ml,guc
2008-10-15,00:17:56,-71.99,-15.0,137.3,5.0,mwc,gcmt
2008-10-15,01:47:35,-66.49,-23.1,193.8,4.4,mb,us
2008-10-15,10:12:18,-71.63,-30.68,36.2,3.9,md,guc
2008-10-15,12:27:23,-70.57,-19.58,77.4,4.0,mb,us
2008-10-15,15:59:29,-71.6,-32.65,23.7,3.3,ml,guc
2008-10-15,20:15:30,-75.77,-14.05,63.2,4.0,m,lim
2008-10-15,20:27:04,-68.32,-28.27,102.2,3.9,mb,us
2008-10-15,21:17:49,-68.73,-21.44,126.3,4.1,mb,us
2008-10-15,23:21:14,-71.1,-27.6,40.6,3.6,m,guc
2008-10-16,01:05:25,-70.03,-31.79,146.5,2.9,m,guc
2008-10-16,03:07:06,-70.95,-30.53,76.4,3.4,m,guc
2008-10-16,04:36:06,-71.36,-31.01,66.3,4.8,mb,us
2008-10-16,04:41:22,-68.58,-22.88,105.7,3.8,m,guc
2008-10-16,09:26:43,-68.86,-33.05,36.9,4.4,md,sja
2008-10-16,12:29:24,-71.15,-28.45,34.7,3.1,ml,guc
2008-10-16,13:15:35,-74.56,-8.36,129.9,4.1,mb,us
2008-10-16,13:46:42,-70.9,-30.62,76.2,3.8,md,guc
2008-10-16,14:29:54,-72.0,-33.72,7.6,2.6,ml,guc
2008-10-16,20:06:10,-70.09,-32.17,115.0,4.5,md,sja
2008-10-17,01:34:13,-71.76,-32.25,11.3,3.5,ml,guc
2008-10-17,01:45:40,-70.15,-17.5,123.2,3.7,mb,us
2008-10-17,02:02:28,-71.14,-29.95,51.6,3.7,m,guc
2008-10-17,02:20:13,-68.8,-33.57,10.0,3.8,md,sja
2008-10-17,22:17:19,-74.25,-7.05,143.6,4.3,mb,us
2008-10-18,01:04:04,-70.81,-35.41,39.3,4.2,mb,us
2008-10-18,07:38:40,-71.56,-29.9,56.1,4.1,mb,us
2008-10-18,17:25:16,-68.65,-19.49,123.9,4.4,mb,us
2008-10-19,00:59:41,-72.15,-33.2,37.0,3.3,md,guc
2008-10-19,04:22:37,-70.32,-33.28,101.0,2.6,md,guc
2008-10-19,07:22:08,-70.13,-31.75,137.4,3.5,md,guc
2008-10-19,08:27:06,-70.24,-31.71,134.6,3.6,md,guc
2008-10-19,10:02:29,-80.61,-6.97,48.8,4.0,mb,us
2008-10-19,16:07:56,-71.65,-33.32,22.8,2.7,ml,guc
2008-10-19,18:33:51,-67.03,-19.35,252.3,4.7,mb,us
2008-10-19,18:59:00,-113.82,-21.06,10.0,5.0,mwc,gcmt
2008-10-20,04:27:17,-76.6,-13.15,48.0,4.0,m,lim
2008-10-20,06:32:40,-68.21,-31.32,102.8,4.1,md,sja
2008-10-20,12:20:49,-71.3,-32.38,44.1,3.5,md,guc
2008-10-20,17:05:52,-79.11,-8.89,76.6,4.2,m,lim
2008-10-20,23:48:15,-66.56,-22.85,199.9,3.9,mb,us
2008-10-21,04:53:08,-71.23,-29.5,62.5,3.1,m,guc
2008-10-21,10:10:42,-68.95,-32.15,120.1,4.6,mb,us
2008-10-21,18:49:22,-71.97,-29.82,43.8,3.0,m,guc
2008-10-21,21:42:58,-66.5,-22.03,252.2,4.0,mb,us
2008-10-22,05:54:28,-71.53,-32.51,69.8,2.7,md,guc
2008-10-23,15:59:21,-70.31,-34.6,20.4,3.0,ml,guc
2008-10-23,16:29:10,-68.55,-23.31,101.8,4.5,mb,us
2008-10-23,16:34:54,-71.55,-35.41,90.5,3.1,md,guc
2008-10-24,05:23:18,-71.11,-34.9,110.1,3.1,md,guc
2008-10-24,09:37:58,-91.36,-41.12,10.0,4.4,mb,us
2008-10-25,19:40:05,-68.56,-19.61,125.9,4.1,mb,us
2008-10-27,00:30:38,-66.62,-23.24,203.3,3.8,mb,us
2008-10-27,08:54:08,-70.27,-20.82,27.5,4.4,mb,us
2008-10-27,19:08:17,-69.32,-27.24,113.4,5.1,mwc,gcmt
2008-10-28,06:48:56,-68.79,-20.58,116.1,4.3,mb,us
2008-10-28,10:49:09,-67.62,-27.14,163.8,0.0,,us
2008-10-28,15:23:51,-71.88,-32.48,36.4,4.7,mb,us
2008-10-28,15:30:03,-76.38,-14.27,41.3,4.3,mb,us
2008-10-28,18:14:16,-69.03,-34.39,21.7,3.9,mb,us
2008-10-28,19:36:04,-68.91,-23.03,104.4,4.8,mb,us
2008-10-28,19:59:12,-104.75,-35.75,10.0,5.0,mwc,gcmt
2008-10-28,20:42:43,-108.28,-8.99,10.0,5.3,mwc,gcmt
2008-10-29,01:35:59,-108.4,-8.9,10.0,5.7,mwc,gcmt
2008-10-29,09:07:06,-72.19,-30.91,35.0,0.0,,us
2008-10-29,10:10:08,-107.54,-8.8,10.0,4.3,mb,us
2008-10-29,15:22:47,-74.08,-16.19,78.8,0.0,,us
2008-10-29,18:24:52,-68.5,-20.61,113.6,3.9,mb,us
2008-10-29,21:14:33,-115.56,-49.74,10.0,4.9,mwc,gcmt
2008-10-29,23:00:09,-76.24,-13.71,33.0,4.1,ml,lim
2008-10-30,01:32:40,-70.1,-24.03,18.0,5.3,mwb,us
2008-10-30,04:20:32,-70.58,-34.63,107.3,3.5,mb,us
2008-10-30,15:15:41,-108.25,-9.02,10.0,6.1,mwc,gcmt
2008-10-30,15:47:41,-76.23,-13.5,58.7,4.4,mb,us
2008-10-31,16:02:37,-68.05,-23.94,127.8,0.0,,us
2008-10-31,18:37:54,-74.83,-40.11,28.0,4.5,mb,us
2008-10-31,19:03:10,-69.24,-25.85,97.2,4.7,mb,us
2008-11-01,01:47:00,-70.6,-32.31,104.0,2.9,md,guc
2008-11-01,03:07:26,-71.87,-32.51,15.0,2.5,ml,guc
2008-11-01,05:29:51,-71.74,-32.12,27.1,2.9,ml,guc
2008-11-01,05:50:58,-71.54,-32.12,27.3,3.1,ml,guc
2008-11-01,14:25:00,-67.3,-21.37,182.5,0.0,,us
2008-11-01,16:15:48,-70.39,-33.67,103.7,3.0,md,guc
2008-11-01,17:46:42,-71.52,-32.0,30.8,3.5,ml,guc
2008-11-01,20:40:30,-77.07,-12.45,37.5,4.5,mb,us
2008-11-02,04:59:52,-71.44,-28.66,38.3,3.7,m,guc
2008-11-02,10:22:11,-71.26,-32.45,49.3,3.1,md,guc
2008-11-02,18:21:48,-70.03,-32.65,115.0,2.7,m,guc
2008-11-03,02:40:18,-70.25,-32.81,118.5,2.8,m,guc
2008-11-03,03:11:08,-74.36,-10.88,118.1,4.6,mb,us
2008-11-03,03:50:52,-71.48,-33.97,51.1,3.7,md,guc
2008-11-03,04:46:33,-69.15,-18.38,114.1,4.8,mb,us
2008-11-03,09:08:24,-87.17,-48.38,10.0,4.7,mb,us
2008-11-04,01:16:12,-71.21,-28.27,43.6,3.4,m,guc
2008-11-04,02:02:43,-71.39,-30.78,60.1,3.0,m,guc
2008-11-04,03:20:37,-78.66,-9.69,52.0,4.8,mb,us
2008-11-04,04:40:07,-71.26,-31.67,50.2,3.3,md,guc
2008-11-04,05:15:54,-69.98,-32.17,122.6,2.8,md,guc
2008-11-04,07:38:29,-96.06,-36.97,10.0,4.9,mb,us
2008-11-04,10:32:00,-71.12,-27.85,35.0,4.6,mb,us
2008-11-05,00:06:50,-71.1,-27.86,15.0,4.3,ml,guc
2008-11-05,03:03:04,-71.48,-28.45,47.0,4.3,m,guc
2008-11-05,06:44:38,-70.29,-34.6,17.9,2.5,ml,guc
2008-11-05,13:36:08,-66.58,-24.03,198.1,4.1,mb,us
2008-11-05,19:06:04,-76.72,-6.29,27.5,0.0,,us
2008-11-05,22:34:53,-72.0,-31.37,35.0,4.1,mb,us
2008-11-06,01:31:30,-71.72,-31.51,11.6,3.1,ml,guc
2008-11-06,05:24:51,-69.56,-26.21,86.2,0.0,,us
2008-11-06,08:43:36,-68.28,-31.16,150.0,3.3,m,guc
2008-11-06,08:44:16,-99.62,-12.84,10.0,4.6,mb,us
2008-11-06,23:37:42,-71.56,-9.31,519.3,4.0,mb,us
2008-11-07,09:24:36,-70.21,-31.67,119.3,3.3,md,guc
2008-11-07,11:26:27,-69.35,-31.65,10.0,4.5,mb,us
2008-11-09,02:01:04,-68.98,-20.04,135.9,3.9,mb,us
2008-11-09,23:28:15,-71.18,-30.82,54.9,4.8,mb,us
2008-11-10,06:16:59,-68.49,-21.74,125.7,3.9,m,guc
2008-11-10,10:56:14,-66.6,-24.21,169.2,3.8,mb,us
2008-11-10,13:46:46,-56.83,-60.22,10.4,4.4,mb,us
2008-11-10,15:47:05,-68.75,-19.52,142.3,4.6,mb,us
2008-11-10,15:52:58,-71.61,-32.55,14.2,2.6,ml,guc
2008-11-10,16:00:30,-79.19,-8.8,63.4,4.6,mb,us
2008-11-10,18:09:02,-69.94,-34.32,18.1,2.5,ml,guc
2008-11-10,20:44:53,-71.65,-32.56,29.4,4.1,ml,guc
2008-11-10,22:26:05,-70.51,-34.37,116.4,2.5,md,guc
2008-11-11,05:29:18,-71.26,-30.12,72.7,3.0,m,guc
2008-11-11,08:14:52,-72.0,-32.5,15.8,3.1,ml,guc
2008-11-11,09:51:02,-71.67,-32.58,1.6,3.1,ml,guc
2008-11-11,12:04:37,-71.68,-30.14,15.0,3.8,ml,guc
2008-11-11,13:31:46,-71.17,-32.0,29.1,3.1,ml,guc
2008-11-11,19:24:23,-71.66,-32.68,13.9,2.9,ml,guc
2008-11-11,20:32:34,-71.01,-29.68,67.6,2.9,md,guc
2008-11-12,00:06:44,-71.0,-35.02,101.7,2.6,m,guc
2008-11-12,00:22:05,-74.39,-7.55,153.0,4.9,mb,us
2008-11-12,11:42:59,-77.62,-4.61,57.1,3.9,m,lim
2008-11-12,14:33:26,-70.96,-34.7,114.2,2.9,md,guc
2008-11-13,03:11:55,-70.6,-27.56,50.3,2.9,m,guc
2008-11-13,04:14:32,-72.01,-29.92,46.9,2.5,m,guc
2008-11-13,04:38:15,-72.94,-37.08,38.7,4.1,m,guc
2008-11-13,05:16:38,-67.55,-24.07,200.0,3.8,m,guc
2008-11-13,06:43:22,-71.01,-28.56,75.0,2.9,m,guc
2008-11-13,08:26:49,-71.12,-28.72,46.3,2.9,m,guc
2008-11-13,08:35:44,-70.07,-31.54,152.1,3.3,md,guc
2008-11-13,11:12:28,-65.72,-31.22,153.8,0.0,,us
2008-11-13,16:09:34,-70.8,-28.34,22.5,2.7,ml,guc
2008-11-13,20:23:49,-73.13,-36.26,25.6,3.9,ml,guc
2008-11-13,21:20:16,-71.29,-27.74,44.5,3.7,m,guc
2008-11-13,22:49:27,-71.2,-28.56,43.4,3.0,m,guc
2008-11-14,01:37:57,-72.98,-36.33,13.0,2.9,ml,guc
2008-11-14,06:11:56,-71.17,-33.58,72.4,3.9,m,guc
2008-11-14,08:04:06,-70.72,-28.1,47.2,3.8,md,guc
2008-11-14,09:02:08,-69.65,-31.68,153.6,3.6,md,guc
2008-11-14,15:13:36,-70.98,-31.62,95.2,3.3,m,guc
2008-11-14,16:20:57,-71.16,-35.04,103.9,3.0,md,guc
2008-11-14,16:38:55,-69.56,-29.55,126.3,4.0,m,guc
2008-11-14,17:34:53,-115.48,-24.38,10.0,4.6,mb,us
2008-11-14,19:31:31,-71.64,-32.66,23.4,3.2,ml,guc
2008-11-15,01:10:46,-70.64,-33.68,87.6,2.6,md,guc
2008-11-15,05:38:55,-99.98,-36.38,10.0,4.3,mb,us
2008-11-15,08:03:32,-71.67,-32.57,15.1,3.0,ml,guc
2008-11-15,08:49:37,-68.77,-16.74,212.0,4.5,mb,us
2008-11-15,11:16:48,-71.82,-32.13,31.7,3.1,ml,guc
2008-11-15,15:16:56,-66.52,-23.4,211.1,4.4,mb,us
2008-11-15,16:13:34,-71.8,-32.09,39.0,4.4,mb,us
2008-11-15,16:51:09,-71.81,-32.38,24.7,3.4,ml,guc
2008-11-15,18:21:04,-69.35,-19.98,99.1,0.0,,us
2008-11-16,06:48:47,-70.09,-33.15,22.9,3.2,ml,guc
2008-11-16,19:12:45,-72.44,-43.55,36.0,4.9,mb,us
2008-11-17,05:35:48,-70.42,-34.05,108.2,2.5,md,guc
2008-11-17,07:05:15,-70.34,-34.19,103.4,2.8,md,guc
2008-11-18,00:50:26,-71.58,-30.03,34.7,2.7,ml,guc
2008-11-18,11:33:10,-66.97,-24.15,165.6,4.4,mb,us
2008-11-18,20:01:44,-94.75,-37.75,10.0,5.0,mwc,gcmt
2008-11-19,07:49:53,-74.43,-7.8,149.8,5.3,mb,us
2008-11-19,17:17:33,-71.91,-30.46,45.8,3.8,md,guc
2008-11-19,20:02:36,-71.32,-35.12,101.1,3.1,md,guc
2008-11-19,20:52:07,-67.45,-22.51,147.6,4.4,mb,us
2008-11-20,00:05:06,-66.81,-24.02,193.8,4.1,mb,us
2008-11-20,04:53:27,-62.12,-62.18,35.0,4.5,mb,us
2008-11-20,05:43:26,-85.59,-41.38,10.0,4.3,mb,us
2008-11-20,05:48:33,-85.34,-41.41,10.0,4.9,mwc,gcmt
2008-11-20,06:01:40,-85.25,-41.42,10.0,5.1,mwc,gcmt
2008-11-20,22:38:39,-91.91,-38.97,10.0,5.0,mwc,gcmt
2008-11-21,04:00:16,-68.42,-32.12,120.0,3.6,mb,us
2008-11-21,13:17:33,-67.02,-24.13,181.2,4.2,mb,us
2008-11-21,16:05:24,-72.67,-42.81,4.6,2.9,ml,guc
2008-11-21,21:58:24,-67.51,-24.24,214.9,3.7,mb,us
2008-11-21,23:07:46,-69.23,-24.24,67.8,4.8,mb,us
2008-11-22,18:33:51,-68.78,-33.18,39.8,0.0,,us
2008-11-22,20:25:52,-75.66,-9.07,37.9,5.1,mb,us
2008-11-22,20:55:44,-95.14,-37.36,10.0,4.5,mb,us
2008-11-22,23:06:48,-95.06,-37.24,10.0,5.7,mwc,us
2008-11-23,14:17:10,-71.26,-29.56,35.0,4.2,mb,us
2008-11-23,21:19:40,-73.01,-36.32,32.6,5.3,mwb,us
2008-11-24,00:03:53,-66.55,-19.55,252.3,3.7,mb,us
2008-11-24,00:25:19,-75.5,-10.54,49.7,4.0,mb,us
2008-11-24,01:46:51,-67.66,-23.38,128.1,4.4,mb,us
2008-11-24,08:09:30,-124.53,-55.92,10.0,4.3,mb,us
2008-11-24,15:55:43,-118.3,-52.72,10.0,4.6,mb,us
2008-11-24,17:41:26,-68.91,-21.0,114.3,4.2,mb,us
2008-11-26,04:16:59,-68.19,-22.62,132.3,4.0,mb,us
2008-11-27,03:04:57,-73.45,-15.87,75.3,5.0,mwc,gcmt
2008-11-27,14:59:04,-68.45,-21.21,126.9,3.5,mb,us
2008-11-27,18:57:49,-70.73,-23.45,21.8,4.6,mb,us
2008-11-27,20:56:58,-68.48,-20.45,133.0,3.6,mb,us
2008-11-28,20:51:27,-67.03,-29.1,51.9,4.1,md,sja
2008-11-29,15:28:33,-66.46,-19.57,249.4,0.0,,us
2008-11-29,16:41:57,-71.19,-29.92,61.9,4.7,mb,us
2008-11-29,23:41:46,-66.82,-23.0,189.4,4.3,mb,us
2008-11-30,13:55:22,-66.79,-24.09,180.4,4.4,mb,us
2008-12-01,00:05:11,-75.57,-11.47,102.9,4.9,mb,us
2008-12-01,15:05:38,-71.29,-31.65,58.3,0.0,,us
2008-12-02,20:03:26,-68.61,-21.22,99.5,4.5,mb,us
2008-12-03,02:32:38,-66.87,-23.94,162.1,3.9,mb,us
2008-12-03,13:34:17,-74.48,-7.86,139.4,4.2,mb,us
2008-12-03,19:13:53,-71.09,-28.64,78.4,4.3,mb,us
2008-12-04,11:55:07,-71.08,-30.42,97.4,0.0,,us
2008-12-04,16:47:10,-68.29,-21.39,115.3,5.5,mwb,us
2008-12-04,18:50:32,-71.42,-27.51,35.0,0.0,,us
2008-12-05,02:00:25,-73.99,-15.7,68.5,4.2,mb,us
2008-12-05,03:49:12,-65.1,-24.88,24.5,4.3,md,sja
2008-12-05,09:14:25,-70.04,-32.06,130.0,3.7,md,guc
2008-12-05,14:22:28,-68.09,-21.64,127.4,4.1,mb,us
2008-12-05,22:23:26,-65.38,-30.42,186.3,4.1,mb,us
2008-12-06,10:27:42,-71.12,-27.71,35.0,0.0,,us
2008-12-06,22:51:12,-70.31,-33.09,109.6,4.2,m,guc
2008-12-07,03:34:39,-66.66,-22.97,185.1,3.7,mb,us
2008-12-07,17:02:23,-114.85,-23.42,10.0,4.8,mb,us
2008-12-08,02:17:01,-115.11,-23.48,10.0,4.2,mb,us
2008-12-08,02:38:39,-115.07,-23.48,10.0,5.0,mwc,gcmt
2008-12-08,13:58:44,-71.13,-29.19,53.8,4.7,mb,us
2008-12-08,15:46:37,-71.62,-16.79,81.0,4.3,mb,us
2008-12-08,17:42:50,-65.82,-22.73,235.3,4.3,mb,us
2008-12-09,23:23:07,-69.49,-16.63,184.9,4.3,mb,us
2008-12-10,05:51:12,-69.03,-19.54,103.9,4.6,mb,us
2008-12-10,05:56:55,-67.05,-24.29,157.3,4.4,mb,us
2008-12-10,07:31:04,-70.85,-23.22,59.5,0.0,,us
2008-12-10,10:53:50,-69.26,-32.94,10.0,4.1,mb,us
2008-12-10,15:51:46,-66.56,-20.28,245.9,4.1,mb,us
2008-12-10,16:31:01,-99.56,-36.32,10.0,4.6,mb,us
2008-12-11,18:05:33,-68.02,-20.95,135.9,4.6,mb,us
2008-12-11,20:51:22,-71.78,-15.25,120.8,4.6,mb,us
2008-12-13,00:35:53,-66.75,-27.82,164.3,3.8,mb,us
2008-12-13,07:53:42,-70.81,-16.71,127.5,4.2,mb,us
2008-12-13,10:41:43,-72.18,-30.6,31.6,0.0,,us
2008-12-16,12:03:40,-68.29,-21.44,133.0,3.6,mb,us
2008-12-16,21:19:09,-70.64,-24.98,35.0,4.1,mb,us
2008-12-16,22:05:25,-71.51,-29.73,67.6,5.1,mwc,gcmt
2008-12-16,22:47:40,-73.3,-11.98,45.0,4.5,mb,us
2008-12-17,11:46:49,-108.6,-34.98,10.0,4.2,mb,us
2008-12-18,20:25:52,-73.15,-51.3,48.6,4.2,mb,us
2008-12-18,21:19:28,-71.73,-32.46,18.0,6.2,mwc,us
2008-12-18,21:25:02,-71.87,-32.49,37.7,4.6,m,guc
2008-12-18,21:26:31,-71.91,-32.48,29.7,4.8,mb,us
2008-12-18,21:40:56,-71.97,-32.52,15.0,4.0,ml,guc
2008-12-18,21:46:44,-71.89,-32.56,4.4,3.8,ml,guc
2008-12-18,21:50:28,-72.05,-32.47,25.0,6.0,mwc,us
2008-12-18,22:01:20,-71.87,-32.62,7.9,3.7,ml,guc
2008-12-18,22:28:02,-71.86,-32.5,14.4,3.5,ml,guc
2008-12-18,22:33:29,-71.93,-32.57,14.6,4.2,mb,us
2008-12-18,23:03:35,-71.83,-32.5,6.2,3.6,ml,guc
2008-12-18,23:38:06,-71.86,-32.57,15.2,3.6,ml,guc
2008-12-18,23:51:23,-71.93,-32.47,15.0,4.4,mb,us
2008-12-19,00:01:02,-71.88,-32.52,15.0,4.0,mb,us
2008-12-19,00:22:36,-71.92,-32.48,29.1,4.5,mb,us
2008-12-19,01:08:25,-72.0,-32.45,15.0,4.2,mb,us
2008-12-19,01:56:18,-67.33,-28.34,129.4,3.9,mb,us
2008-12-19,03:04:17,-71.91,-32.49,26.7,4.1,mb,us
2008-12-19,03:48:31,-71.99,-32.59,14.9,4.2,mb,us
2008-12-19,04:24:12,-71.99,-32.47,28.8,4.5,mb,us
2008-12-19,05:14:16,-75.86,-14.34,47.9,0.0,,us
2008-12-19,06:16:30,-72.63,-15.35,121.7,4.3,m,lim
2008-12-19,06:44:00,-70.15,-17.51,80.0,3.5,mb,us
2008-12-19,07:30:06,-72.02,-32.54,12.0,5.4,mwc,gcmt
2008-12-19,07:56:08,-71.9,-32.51,34.2,4.5,mb,us
2008-12-19,08:06:36,-72.54,-32.31,10.0,3.5,mb,us
2008-12-19,08:08:49,-72.46,-32.46,10.0,4.4,mb,us
2008-12-19,08:25:49,-71.95,-32.53,31.7,4.2,mb,us
2008-12-19,09:02:43,-72.41,-32.4,35.6,3.5,mb,us
2008-12-19,09:25:15,-72.04,-32.56,28.9,3.6,mb,us
2008-12-19,09:36:05,-71.95,-32.46,32.2,5.7,mwc,gcmt
2008-12-19,10:30:10,-72.33,-32.57,21.4,3.4,mb,us
2008-12-19,10:48:58,-72.28,-32.44,13.7,3.8,mb,us
2008-12-19,10:52:58,-68.36,-21.77,110.4,4.4,mb,us
2008-12-19,11:43:22,-72.0,-32.53,27.5,4.2,mb,us
2008-12-19,12:24:08,-71.88,-32.4,37.1,4.0,mb,us
2008-12-19,13:21:19,-72.14,-32.5,35.0,4.1,mb,us
2008-12-19,13:57:30,-71.85,-32.58,13.8,5.2,mwc,gcmt
2008-12-19,15:21:02,-66.88,-27.97,147.0,3.8,mb,us
2008-12-19,16:48:50,-71.99,-32.61,12.6,5.2,mwc,gcmt
2008-12-19,17:43:26,-71.83,-32.61,29.5,4.2,ml,guc
2008-12-19,17:44:52,-72.44,-32.55,25.8,0.0,,us
2008-12-19,18:02:57,-67.05,-24.1,168.9,3.6,mb,us
2008-12-19,19:25:54,-71.75,-32.5,23.0,4.9,mb,us
2008-12-19,19:38:23,-71.95,-32.58,38.4,3.3,mb,us
2008-12-19,21:33:11,-71.96,-32.55,32.0,4.4,ml,guc
2008-12-19,22:55:20,-49.55,-31.67,10.0,4.0,mb,us
2008-12-20,01:08:55,-70.72,-30.14,82.3,4.0,mb,us
2008-12-20,01:44:27,-71.8,-32.6,33.1,4.5,mb,us
2008-12-20,03:12:23,-71.84,-32.62,14.6,4.1,mb,us
2008-12-20,07:12:06,-66.64,-24.0,182.4,4.5,mb,us
2008-12-20,11:29:37,-71.92,-32.5,39.2,5.0,mb,us
2008-12-20,12:50:07,-72.03,-32.58,34.3,3.5,mb,us
2008-12-20,13:32:16,-92.11,-41.16,10.0,4.6,mb,us
2008-12-20,14:18:48,-72.34,-32.48,29.5,4.1,ml,guc
2008-12-20,16:43:10,-71.98,-32.4,23.0,4.9,mb,us
2008-12-20,17:07:01,-68.11,-31.58,106.3,5.2,mwc,gcmt
2008-12-20,19:56:43,-67.89,-21.18,124.1,0.0,,us
2008-12-20,21:02:10,-66.76,-21.14,210.6,3.9,mb,us
2008-12-20,22:56:49,-72.53,-32.32,15.5,4.0,mb,us
2008-12-21,04:13:46,-72.18,-32.42,10.9,4.1,mb,us
2008-12-21,06:48:15,-67.97,-22.88,106.1,5.2,mwc,gcmt
2008-12-21,08:36:08,-69.08,-19.86,109.6,4.7,mb,us
2008-12-21,14:13:47,-82.1,-44.67,10.0,4.3,mb,us
2008-12-21,15:49:18,-81.24,-5.47,74.8,4.4,mb,us
2008-12-21,21:14:30,-67.16,-21.24,168.7,4.3,mb,us
2008-12-22,00:06:26,-69.39,-18.81,102.2,4.2,mb,us
2008-12-22,10:25:50,-71.98,-32.54,12.3,4.3,mb,us
2008-12-22,12:53:51,-68.16,-21.54,111.8,0.0,,us
2008-12-22,13:40:58,-67.82,-22.47,127.2,4.5,mb,us
2008-12-22,13:52:41,-69.06,-17.64,142.7,5.0,mwc,gcmt
2008-12-23,05:35:47,-67.93,-31.43,99.6,4.4,mb,us
2008-12-23,08:26:08,-71.93,-32.57,13.2,2.8,ml,guc
2008-12-23,09:32:28,-70.47,-34.68,131.5,2.8,md,guc
2008-12-23,16:48:30,-63.43,-27.04,570.7,4.0,mb,us
2008-12-23,20:56:48,-72.06,-32.39,5.4,4.1,mb,us
2008-12-23,22:59:18,-71.85,-32.62,5.8,4.3,ml,guc
2008-12-24,00:28:02,-67.07,-24.25,176.6,3.9,mb,us
2008-12-24,03:39:52,-71.51,-31.87,50.5,4.1,mb,us
2008-12-24,03:54:23,-69.24,-17.46,168.9,4.2,mb,us
2008-12-24,08:05:09,-68.46,-31.19,101.5,0.0,,us
2008-12-24,11:46:06,-71.85,-32.58,11.1,2.8,ml,guc
2008-12-24,12:24:43,-68.9,-22.97,100.4,4.1,mb,us
2008-12-25,00:21:59,-70.7,-35.11,48.5,3.9,m,guc
2008-12-25,00:43:49,-70.6,-35.18,39.6,3.9,md,guc
2008-12-25,08:06:36,-72.39,-34.44,34.4,2.9,ml,guc
2008-12-25,12:09:38,-70.78,-28.27,56.5,3.4,md,guc
2008-12-26,01:46:54,-66.24,-17.8,44.0,0.0,,us
2008-12-26,03:15:44,-66.71,-24.03,186.1,4.8,mb,us
2008-12-26,06:24:52,-70.11,-15.44,223.7,4.3,mb,us
2008-12-26,08:04:38,-68.67,-22.36,108.5,3.0,m,guc
2008-12-26,09:04:26,-68.56,-21.52,90.7,4.8,mb,us
2008-12-26,20:52:23,-76.7,-13.57,8.9,4.3,mb,us
2008-12-27,05:26:45,-72.14,-32.45,10.6,3.0,ml,guc
2008-12-27,05:45:48,-71.39,-14.66,112.8,4.4,mb,us
2008-12-27,12:56:46,-66.61,-21.53,230.3,4.6,mb,us
2008-12-28,01:09:22,-71.83,-32.46,14.0,3.1,ml,guc
2008-12-28,02:37:34,-72.63,-14.66,96.1,4.0,mb,us
2008-12-28,03:40:21,-71.75,-32.24,25.0,3.1,ml,guc
2008-12-28,03:53:35,-70.08,-22.36,46.2,3.3,m,guc
2008-12-28,03:58:38,-68.68,-22.35,109.4,3.9,mb,us
2008-12-28,05:52:42,-64.58,-29.65,38.9,0.0,,us
2008-12-28,07:17:30,-71.72,-32.23,27.3,2.5,ml,guc
2008-12-28,07:54:59,-71.72,-32.23,32.6,2.6,ml,guc
2008-12-28,08:16:31,-71.87,-32.55,35.5,3.4,md,guc
2008-12-28,09:05:59,-123.7,-55.84,10.0,4.5,mb,us
2008-12-28,09:58:05,-66.36,-23.98,201.4,4.1,mb,us
2008-12-29,01:24:30,-72.98,-36.33,40.8,4.4,mb,us
2008-12-29,04:00:05,-71.78,-32.5,6.4,3.1,ml,guc
2008-12-29,04:21:49,-71.01,-34.71,101.3,2.9,md,guc
2008-12-29,05:41:52,-71.58,-32.58,30.0,2.7,ml,guc
2008-12-29,10:23:03,-71.85,-32.58,34.3,2.5,ml,guc
2008-12-29,10:36:07,-69.33,-23.35,81.1,3.3,m,guc
2008-12-29,12:42:54,-70.21,-32.86,101.9,3.1,md,guc
2008-12-29,14:21:22,-71.75,-32.62,14.8,3.2,ml,guc
2008-12-29,14:40:15,-68.56,-23.02,101.1,4.8,mb,us
2008-12-29,15:20:51,-70.74,-34.44,102.7,3.6,md,guc
2008-12-29,16:21:00,-70.96,-29.66,97.9,2.6,md,guc
2008-12-29,16:44:06,-71.7,-31.72,30.7,3.4,ml,guc
2008-12-29,17:03:06,-70.38,-23.03,40.7,2.9,m,guc
2008-12-29,17:10:48,-69.1,-18.29,133.3,0.0,,us
2008-12-29,17:27:18,-70.43,-22.86,31.1,3.0,ml,guc
2008-12-30,04:17:46,-71.22,-28.52,40.0,3.4,md,guc
2008-12-30,04:55:58,-68.1,-24.04,147.5,4.0,m,guc
2008-12-30,11:57:09,-69.89,-33.62,4.7,2.5,ml,guc
2008-12-30,13:10:44,-70.54,-33.36,99.8,3.1,m,guc
2008-12-30,20:51:36,-75.54,-8.49,25.0,4.7,mb,us
2008-12-30,23:19:35,-67.72,-20.73,164.4,3.7,mb,us
2008-12-30,23:39:49,-70.07,-34.08,17.5,3.5,ml,guc
2008-12-31,00:18:10,-71.44,-28.99,14.7,3.1,ml,guc
2008-12-31,01:19:52,-66.84,-18.26,271.3,3.7,mb,us
2008-12-31,01:50:13,-71.41,-31.08,46.5,2.6,m,guc
2008-12-31,03:27:03,-71.28,-28.84,32.0,2.8,ml,guc
2008-12-31,21:23:43,-75.87,-8.82,32.5,5.0,mb,us
2009-01-01,03:56:28,-72.72,-33.8,0.3,4.6,ml,guc
2009-01-01,06:27:51,-107.65,-34.84,10.0,5.8,mwc,us
2009-01-01,12:42:06,-107.78,-34.88,10.0,5.0,mwc,gcmt
2009-01-01,23:09:59,-66.66,-24.06,195.2,4.3,mb,us
2009-01-02,08:31:39,-107.33,-34.8,10.0,5.0,mwc,gcmt
2009-01-02,21:12:56,-72.19,-30.12,26.0,4.2,mb,us
2009-01-02,22:21:21,-67.68,-28.32,41.6,4.1,m,guc
2009-01-03,03:21:13,-66.98,-22.02,173.0,4.5,mb,us
2009-01-03,11:45:19,-114.55,-23.05,10.0,4.5,mb,us
2009-01-03,12:00:10,-107.53,-35.01,10.0,4.0,mb,us
2009-01-03,21:15:02,-63.01,-28.54,627.1,5.1,mb,us
2009-01-04,20:53:26,-70.58,-34.46,90.1,5.1,mb,us
2009-01-04,22:25:45,-71.83,-32.64,22.1,4.5,mb,us
2009-01-07,11:25:18,-74.52,-9.9,34.7,4.7,mb,us
2009-01-07,23:16:51,-69.32,-15.91,237.4,4.4,mb,us
2009-01-09,06:28:36,-66.66,-19.3,246.3,4.6,mb,us
2009-01-09,22:43:30,-70.81,-23.04,19.8,5.0,mb,us
2009-01-10,13:40:33,-68.24,-31.44,103.1,4.5,mb,us
2009-01-11,05:27:11,-69.27,-31.66,5.2,4.9,mb,us
2009-01-12,19:13:49,-70.5,-28.49,88.5,4.4,mb,us
2009-01-12,23:37:56,-69.14,-17.63,148.7,4.5,mb,us
2009-01-13,07:30:45,-109.34,-8.95,10.0,5.2,mwc,gcmt
2009-01-13,17:17:14,-71.22,-29.55,60.5,5.1,mb,us
2009-01-13,17:53:12,-71.42,-37.41,115.4,4.2,mb,us
2009-01-13,21:32:08,-66.93,-24.16,181.4,4.3,mb,us
2009-01-15,18:37:58,-74.33,-15.78,29.2,4.9,mb,us
2009-01-15,20:38:23,-72.11,-32.54,5.9,4.0,ml,guc
2009-01-15,21:31:21,-67.03,-26.57,131.8,4.3,mb,us
2009-01-16,10:37:20,-92.32,-38.75,10.0,4.5,mb,us
2009-01-17,00:18:34,-69.95,-27.46,83.6,4.3,m,guc
2009-01-18,11:37:02,-75.0,-13.97,76.5,4.7,mb,us
2009-01-19,00:02:48,-76.71,-13.48,43.2,4.8,mb,us
2009-01-19,20:15:16,-70.47,-21.01,65.5,4.1,mb,us
2009-01-19,23:31:55,-66.81,-24.22,176.5,4.3,mb,us
2009-01-20,00:59:35,-103.59,-35.28,10.0,4.5,mb,us
2009-01-20,03:45:36,-72.44,-42.08,18.8,4.8,mb,us
2009-01-21,10:25:07,-69.0,-20.91,96.1,4.3,mb,us
2009-01-21,10:40:26,-69.48,-31.64,113.4,4.3,mb,us
2009-01-21,18:17:03,-75.63,-11.78,10.0,4.6,mb,us
2009-01-23,04:30:31,-68.5,-22.13,94.3,4.3,mb,us
2009-01-23,12:40:21,-57.26,-54.4,10.0,4.6,mb,us
2009-01-23,12:56:08,-70.81,-36.39,126.6,5.2,mwc,gcmt
2009-01-24,19:30:18,-67.71,-18.92,183.1,5.1,mwc,gcmt
2009-01-26,01:49:59,-74.8,-15.85,27.6,4.9,mb,us
2009-01-26,14:34:19,-114.47,-22.97,10.0,5.1,mwc,gcmt
2009-01-28,04:02:10,-69.97,-20.07,57.4,4.0,mb,us
2009-01-28,05:05:56,-76.03,-14.42,44.8,4.5,mb,us
2009-01-29,16:38:39,-68.57,-31.39,111.2,4.4,mb,us
2009-01-29,22:28:06,-71.4,-8.11,602.4,5.6,mwb,us
2009-01-31,14:40:15,-70.27,-22.88,54.7,5.1,mb,us
2009-01-31,16:29:37,-69.06,-19.41,102.3,5.5,mwc,gcmt
2009-02-01,01:00:27,-68.87,-20.52,104.6,4.6,mb,us
2009-02-01,04:57:58,-68.87,-31.35,107.0,4.0,mb,us
2009-02-01,15:18:06,-111.45,-34.97,10.0,5.0,mwc,gcmt
2009-02-02,05:27:29,-70.79,-34.67,112.2,4.5,mb,us
2009-02-02,17:53:22,-76.56,-13.58,21.0,6.0,mwc,gcmt
2009-02-02,19:45:51,-68.13,-24.1,143.1,4.0,m,guc
2009-02-03,03:14:21,-72.69,-16.59,73.6,4.8,mb,us
2009-02-03,19:06:10,-71.98,-32.98,21.9,4.8,mb,us
2009-02-03,19:39:22,-71.99,-32.98,26.7,4.5,mb,us
2009-02-04,20:50:59,-72.04,-32.98,26.0,4.4,mb,us
2009-02-04,23:22:02,-72.03,-32.97,13.4,4.4,mb,us
2009-02-05,00:01:24,-72.18,-33.11,35.4,4.3,ml,guc
2009-02-05,09:19:04,-68.74,-22.91,102.8,4.7,mb,us
2009-02-05,14:16:39,-69.17,-32.9,11.0,4.3,md,sja
2009-02-05,20:27:20,-76.38,-14.53,35.0,4.3,ml,lim
2009-02-05,21:42:36,-67.94,-31.2,150.0,4.0,md,sja
2009-02-06,02:58:36,-71.1,-27.99,52.2,5.3,mwc,gcmt
2009-02-06,06:09:40,-107.72,-35.36,10.0,4.5,mb,us
2009-02-06,08:58:31,-68.69,-28.5,86.0,4.5,mb,us
2009-02-08,06:34:31,-111.94,-29.78,10.0,5.3,mwc,gcmt
2009-02-08,08:30:48,-76.44,-7.6,138.5,4.6,mb,us
2009-02-08,21:23:17,-80.89,-6.76,75.7,5.1,mb,us
2009-02-09,14:09:03,-81.15,-6.57,15.0,6.0,mwb,us
2009-02-09,21:49:19,-68.23,-22.73,109.5,4.5,mb,us
2009-02-10,05:15:17,-66.78,-24.24,183.4,4.3,mb,us
2009-02-10,22:32:09,-70.64,-36.96,148.5,4.2,mb,us
2009-02-11,03:15:49,-81.13,-6.54,45.9,4.0,mb,us
2009-02-11,20:45:33,-68.79,-20.25,109.0,5.3,mb,us
2009-02-13,07:47:25,-70.61,-23.09,25.6,4.8,mb,us
2009-02-13,13:18:36,-73.99,-8.52,157.0,5.2,mb,us
2009-02-13,16:41:02,-77.33,-12.33,36.0,4.1,mb,us
2009-02-14,05:24:59,-80.75,-5.86,56.6,4.6,mb,us
2009-02-14,19:28:58,-69.56,-16.31,194.8,4.3,mb,us
2009-02-15,00:59:58,-71.75,-13.44,33.0,3.9,ml,lim
2009-02-15,02:41:02,-56.36,-62.15,10.0,4.9,mb,us
2009-02-15,03:04:31,-56.12,-62.14,10.0,4.8,mb,us
2009-02-15,10:04:49,-80.89,-5.85,21.0,6.1,mwc,us
2009-02-15,18:27:28,-96.62,-36.37,10.0,5.0,mwc,gcmt
2009-02-16,02:22:50,-69.81,-29.13,75.0,5.4,mwc,gcmt
2009-02-17,14:49:35,-65.28,-30.45,180.3,4.9,mb,us
2009-02-17,19:24:42,-71.48,-31.52,47.5,4.4,mb,us
2009-02-18,00:31:28,-72.42,-35.79,58.0,4.2,mb,us
2009-02-18,03:32:47,-71.69,-29.04,51.8,4.1,mb,us
2009-02-18,19:37:27,-71.11,-26.95,26.6,4.5,mb,us
2009-02-20,06:06:51,-68.98,-19.7,109.6,4.3,mb,us
2009-02-20,07:44:49,-66.62,-21.5,203.0,4.5,mb,us
2009-02-20,21:09:03,-71.56,-31.85,60.9,3.8,md,guc
2009-02-21,15:01:30,-70.27,-32.78,112.4,4.6,mb,us
2009-02-23,00:19:49,-95.69,-36.84,10.0,4.8,mb,us
2009-02-23,03:49:13,-88.47,-41.65,10.0,5.1,mwc,gcmt
2009-02-24,23:35:39,-60.42,-59.13,10.0,4.7,mb,us
2009-02-28,00:50:09,-80.7,-45.11,10.0,5.2,mwc,gcmt
2009-02-28,03:08:21,-91.03,-41.12,10.0,4.6,mb,us
2009-03-01,08:34:59,-68.2,-21.83,118.0,4.4,mb,us
2009-03-02,00:39:19,-80.91,-4.08,40.5,4.8,mb,us
2009-03-02,07:43:12,-71.34,-40.23,177.1,4.7,mb,us
2009-03-03,00:48:35,-69.05,-21.54,133.2,4.4,mb,us
2009-03-03,11:21:44,-69.68,-29.64,100.0,4.6,m,guc
2009-03-03,19:07:21,-74.39,-8.01,139.6,4.6,mb,us
2009-03-04,07:31:35,-74.97,-39.22,42.0,4.8,mb,us
2009-03-04,22:09:53,-68.73,-21.8,104.1,4.5,mb,us
2009-03-05,06:04:58,-66.49,-23.97,199.9,4.4,mb,us
2009-03-05,23:59:03,-71.99,-17.67,34.0,4.3,ml,lim
2009-03-06,21:03:57,-72.17,-31.27,8.1,4.4,mb,us
2009-03-07,03:24:46,-72.39,-42.82,36.2,4.3,mb,us
2009-03-08,02:51:00,-72.6,-42.84,0.0,4.5,mb,us
2009-03-08,05:18:41,-67.19,-28.75,136.8,4.7,mb,us
2009-03-09,22:48:14,-68.73,-23.1,94.6,4.2,mb,us
2009-03-11,13:06:54,-69.19,-31.88,28.0,5.3,mwb,us
2009-03-12,08:57:14,-66.97,-32.76,172.3,4.5,mb,us
2009-03-12,11:03:11,-78.06,-45.02,10.0,5.0,mwc,gcmt
2009-03-12,21:03:32,-68.94,-22.26,97.8,4.7,mb,us
2009-03-12,21:10:20,-71.18,-34.73,79.9,4.2,m,guc
2009-03-13,10:44:42,-71.63,-32.55,25.0,4.5,mb,us
2009-03-14,05:41:03,-70.99,-18.05,43.3,4.9,mb,us
2009-03-15,00:53:12,-91.95,-40.39,10.0,5.1,mwc,gcmt
2009-03-15,00:56:33,-91.62,-40.37,10.0,5.2,mwc,gcmt
2009-03-15,08:19:06,-70.36,-14.45,189.7,5.7,mwc,gcmt
2009-03-15,13:50:39,-65.4,-30.99,179.2,5.2,mwc,gcmt
2009-03-16,01:56:49,-66.66,-27.99,170.7,4.3,mb,us
2009-03-17,04:05:15,-72.45,-42.07,11.2,3.8,ml,guc
2009-03-17,09:08:13,-114.58,-26.7,10.0,4.9,mwc,gcmt
2009-03-18,22:02:33,-68.73,-20.41,108.3,4.9,mwc,gcmt
2009-03-19,00:33:38,-71.88,-31.77,28.1,4.8,mb,us
2009-03-19,03:26:40,-69.15,-31.72,111.2,4.6,mb,us
2009-03-19,15:41:17,-67.0,-24.38,168.8,4.2,mb,us
2009-03-20,07:14:41,-74.0,-16.1,52.9,4.2,mb,us
2009-03-23,23:44:05,-76.85,-13.8,40.0,4.2,m,lim
2009-03-24,06:22:47,-72.07,-28.25,20.4,4.7,mb,us
2009-03-24,22:29:57,-68.85,-22.18,106.0,4.2,mb,us
2009-03-26,17:35:14,-81.34,-5.72,10.0,5.8,mwc,gcmt
2009-03-26,18:16:30,-70.45,-25.7,41.5,4.7,mb,us
2009-03-27,06:16:19,-69.89,-29.1,145.0,4.3,m,guc
2009-03-27,17:26:43,-69.21,-19.08,114.8,5.4,mwc,gcmt
2009-03-29,05:06:54,-69.1,-31.41,111.0,4.4,mb,us
2009-03-30,15:48:21,-69.92,-17.91,99.3,4.5,mb,us
2009-03-31,16:25:57,-114.13,-22.08,10.0,4.8,mb,us
2009-04-01,02:41:28,-71.11,-16.67,99.4,4.8,mb,us
2009-04-01,05:25:27,-66.04,-22.62,239.1,4.9,mb,us
2009-04-02,04:20:04,-71.12,-27.49,40.3,4.8,mb,us
2009-04-02,17:39:28,-71.51,-29.78,35.0,4.2,mb,us
2009-04-03,06:27:39,-68.51,-21.77,135.1,4.3,mb,us
2009-04-03,17:54:50,-66.59,-27.84,174.2,5.7,mwc,us
2009-04-03,18:51:49,-66.8,-24.16,171.8,4.6,mb,us
2009-04-03,22:39:49,-66.66,-27.92,157.1,4.5,mb,us
2009-04-06,00:26:37,-79.75,-9.78,35.0,4.1,mb,us
2009-04-07,11:55:54,-70.76,-33.15,74.5,4.3,mb,us
2009-04-07,21:15:33,-70.16,-19.24,53.5,4.0,mb,us
2009-04-08,03:06:22,-74.33,-7.94,151.5,4.7,mb,us
2009-04-08,10:22:55,-70.16,-32.76,99.2,4.5,mb,us
2009-04-10,22:01:18,-70.44,-18.47,72.2,3.8,m,guc
2009-04-12,16:24:40,-75.29,-14.25,73.0,4.8,mb,us
2009-04-13,21:17:20,-79.78,-52.86,10.0,4.0,mb,us
2009-04-14,17:45:40,-74.6,-15.55,40.3,4.7,mb,us
2009-04-15,09:41:03,-72.13,-17.05,45.0,4.2,m,lim
2009-04-15,23:26:32,-75.49,-10.34,23.6,4.7,mb,us
2009-04-16,05:22:35,-69.01,-19.6,115.4,4.4,mb,us
2009-04-16,17:43:31,-69.74,-19.37,67.9,4.9,mb,us
2009-04-17,01:11:35,-71.39,-29.86,58.5,4.2,mb,us
2009-04-17,02:08:09,-70.48,-19.58,25.0,6.1,mwc,us
2009-04-17,02:17:55,-70.41,-19.52,25.9,5.0,mb,us
2009-04-17,03:20:07,-70.02,-27.14,96.3,4.1,mb,us
2009-04-17,03:34:19,-70.58,-29.04,101.5,4.5,mb,us
2009-04-17,06:17:16,-70.49,-20.04,43.9,4.0,mb,us
2009-04-17,18:17:53,-71.42,-30.73,43.1,4.0,m,guc
2009-04-18,15:29:20,-68.3,-23.29,115.7,5.1,mwc,gcmt
2009-04-21,00:27:44,-71.56,-35.08,63.8,5.2,mb,us
2009-04-21,07:24:49,-118.08,-52.98,10.0,4.4,mb,us
2009-04-21,17:32:24,-71.22,-9.61,619.3,4.8,mb,us
2009-04-22,05:56:19,-69.3,-20.42,98.7,4.7,m,guc
2009-04-22,10:05:47,-71.18,-31.14,65.8,4.0,md,guc
2009-04-23,02:11:23,-71.98,-37.56,93.3,4.2,m,guc
2009-04-23,06:44:05,-74.71,-9.23,21.0,4.4,mb,us
2009-04-23,07:05:14,-75.62,-48.31,35.0,4.7,mb,us
2009-04-23,14:00:31,-71.44,-25.9,42.6,4.1,m,guc
2009-04-23,20:48:30,-75.83,-48.27,39.1,4.7,mb,us
2009-04-24,19:05:01,-71.4,-33.92,46.2,3.6,mb,us
2009-04-25,13:17:06,-72.96,-36.52,41.5,3.5,m,guc
2009-04-25,18:51:55,-73.35,-14.72,85.7,4.3,mb,us
2009-04-26,03:18:57,-66.64,-24.05,183.9,4.3,mb,us
2009-04-26,08:03:36,-69.34,-32.85,114.7,5.3,mwc,gcmt
2009-04-28,08:11:43,-70.4,-17.66,81.3,4.3,mb,us
2009-04-28,15:29:33,-75.96,-48.29,41.2,5.1,mwc,gcmt
2009-04-29,16:24:41,-71.39,-30.0,43.6,4.8,mb,us
2009-04-29,22:44:03,-70.04,-32.8,122.5,4.9,mb,us
2009-04-30,11:45:39,-77.19,-4.74,119.6,4.6,mb,us
2009-05-01,00:12:27,-76.53,-14.26,35.0,4.3,ml,lim
2009-05-01,10:43:37,-69.16,-19.52,10.0,4.8,mb,us
2009-05-01,12:49:11,-69.31,-20.12,122.8,4.1,m,guc
2009-05-01,20:38:43,-69.1,-22.65,95.5,4.3,mb,us
2009-05-02,08:37:35,-70.46,-28.48,90.5,4.0,m,guc
2009-05-02,10:36:53,-70.54,-15.6,184.2,4.1,mb,us
2009-05-03,18:24:07,-75.94,-13.74,35.0,4.4,mb,us
2009-05-04,16:48:42,-75.45,-9.87,31.8,4.6,mb,us
2009-05-04,23:40:51,-71.67,-18.28,15.6,4.3,mb,us
2009-05-07,21:51:15,-71.4,-35.62,88.2,4.3,mb,us
2009-05-07,22:28:53,-124.58,-55.71,10.0,5.5,mwc,gcmt
2009-05-07,23:39:05,-73.65,-16.03,53.9,4.4,mb,us
2009-05-08,13:44:54,-69.68,-32.06,111.9,5.4,mwb,us
2009-05-09,17:57:41,-75.76,-14.48,38.4,4.1,m,lim
2009-05-10,00:36:32,-69.22,-19.49,115.3,4.0,mb,us
2009-05-10,05:12:57,-115.52,-24.59,10.0,4.4,mb,us
2009-05-10,06:34:28,-75.43,-9.92,43.6,4.7,mb,us
2009-05-10,15:35:34,-68.66,-31.33,107.4,4.1,mb,us
2009-05-11,20:43:20,-71.25,-13.88,46.4,3.8,mb,us
2009-05-12,01:03:58,-66.81,-22.32,174.9,5.2,mwc,gcmt
2009-05-12,05:07:06,-68.91,-20.06,103.7,5.1,mwc,gcmt
2009-05-12,05:34:54,-66.22,-23.03,215.0,4.5,mb,us
2009-05-12,08:46:22,-66.88,-24.09,178.2,4.2,mb,us
2009-05-13,01:31:18,-67.3,-24.19,220.4,4.5,m,guc
2009-05-13,20:55:20,-70.33,-27.5,1.6,3.5,ml,guc
2009-05-14,23:27:10,-72.19,-16.2,62.9,3.9,m,lim
2009-05-16,10:45:18,-68.53,-30.26,127.2,4.2,md,guc
2009-05-16,12:14:13,-71.3,-32.82,52.7,4.1,md,guc
2009-05-17,04:44:18,-69.29,-20.0,106.3,4.2,mb,us
2009-05-17,12:35:22,-69.64,-27.23,93.6,5.2,mwc,gcmt
2009-05-18,02:12:16,-73.37,-11.02,51.0,4.7,mb,us
2009-05-18,08:14:23,-71.28,-28.62,8.6,4.1,ml,guc
2009-05-18,09:50:17,-111.42,-12.99,10.0,5.0,mwc,gcmt
2009-05-18,11:45:52,-66.06,-22.72,248.6,4.4,mb,us
2009-05-18,14:01:05,-74.84,-15.66,22.7,5.8,mwc,us
2009-05-18,14:13:06,-75.04,-15.71,20.3,5.3,mwc,gcmt
2009-05-18,17:26:30,-80.76,-44.88,10.0,5.1,mwc,gcmt
2009-05-19,23:05:17,-67.04,-23.82,230.0,4.1,mb,us
2009-05-20,04:32:35,-76.19,-14.33,35.0,4.4,mb,us
2009-05-20,14:04:08,-68.94,-18.42,130.1,4.5,mb,us
2009-05-20,23:23:53,-68.87,-22.89,83.6,4.2,m,guc
2009-05-21,05:10:29,-76.37,-14.55,35.0,4.4,mb,us
2009-05-23,09:48:02,-67.25,-28.78,137.1,4.2,mb,us
2009-05-23,10:24:07,-76.68,-12.51,58.0,4.2,m,lim
2009-05-24,12:52:12,-72.41,-42.82,10.0,4.7,mb,us
2009-05-25,00:02:12,-69.03,-21.53,115.5,4.1,mb,us
2009-05-25,05:10:14,-71.32,-28.52,48.8,5.3,mwc,gcmt
2009-05-25,13:30:23,-65.7,-57.88,10.0,4.9,mb,us
2009-05-25,23:17:19,-72.49,-42.8,10.0,4.4,mb,us
2009-05-26,06:38:39,-75.98,-14.42,14.8,5.4,mwc,gcmt
2009-05-26,16:45:16,-72.75,-42.84,10.0,4.6,mb,us
2009-05-27,05:06:14,-66.88,-24.24,165.2,4.2,mb,us
2009-05-27,12:01:57,-75.78,-5.91,36.9,4.3,mb,us
2009-05-27,14:11:08,-70.99,-32.33,82.3,3.7,m,guc
2009-05-27,23:22:24,-67.72,-23.63,111.5,5.2,mwc,gcmt
2009-05-28,03:58:39,-75.61,-42.84,35.0,4.6,mb,us
2009-05-28,14:47:17,-65.06,-24.16,22.0,4.0,md,sja
2009-05-28,18:37:49,-64.91,-24.21,49.5,4.1,md,sja
2009-05-29,07:15:34,-72.24,-42.83,10.0,4.5,mb,us
2009-05-29,15:26:25,-107.18,-43.79,10.0,5.4,mwc,gcmt
2009-05-29,16:08:20,-70.09,-20.87,43.8,4.1,mb,us
2009-05-30,18:53:16,-69.91,-22.12,66.3,3.4,mb,us
2009-05-31,06:16:59,-72.44,-42.9,10.0,4.2,mb,us
2009-05-31,10:58:29,-72.56,-42.78,10.0,4.4,mb,us
2009-05-31,14:40:10,-71.18,-29.76,34.5,4.0,ml,guc
2009-06-01,00:53:32,-71.17,-16.94,95.8,3.9,m,lim
2009-06-01,16:00:03,-69.01,-21.42,96.9,4.5,mb,us
2009-06-01,18:33:58,-72.35,-42.81,10.0,4.4,mb,us
2009-06-02,00:22:02,-103.39,-35.85,10.0,5.3,mwc,gcmt
2009-06-02,02:35:35,-68.84,-21.57,122.6,4.5,mb,us
2009-06-02,03:52:22,-69.01,-32.71,26.4,4.9,mb,us
2009-06-02,15:45:00,-69.58,-34.88,9.2,3.9,ml,guc
2009-06-02,18:08:07,-67.96,-23.37,106.9,4.2,mb,us
2009-06-02,21:37:03,-73.35,-14.76,84.4,4.9,mwc,gcmt
2009-06-04,00:41:56,-72.54,-42.8,10.0,4.3,mb,us
2009-06-04,10:23:34,-72.39,-42.76,10.0,4.4,mb,us
2009-06-05,13:39:10,-104.4,-35.42,15.0,5.7,mwc,us
2009-06-05,17:50:47,-72.41,-42.79,10.0,4.4,mb,us
2009-06-06,02:07:30,-72.56,-42.81,1.2,4.4,mb,us
2009-06-06,18:52:50,-72.39,-42.78,3.3,4.6,mb,us
2009-06-06,21:41:44,-68.6,-20.2,114.0,4.5,mb,us
2009-06-06,21:51:22,-74.68,-8.63,133.8,5.2,mb,us
2009-06-07,13:54:17,-72.47,-42.78,1.6,4.3,mb,us
2009-06-08,09:38:50,-116.87,-53.38,10.0,5.1,mwc,gcmt
2009-06-08,11:01:41,-108.12,-34.95,10.0,5.0,mwc,gcmt
2009-06-08,12:10:29,-73.22,-17.06,13.6,4.4,mb,us
2009-06-08,20:20:06,-71.51,-8.69,536.3,5.4,mwb,us
2009-06-09,07:56:55,-68.04,-34.83,16.0,4.0,mb,us
2009-06-09,15:15:51,-69.19,-31.51,106.1,4.2,mb,us
2009-06-09,19:43:03,-113.36,-23.03,10.0,4.9,mwc,gcmt
2009-06-10,01:02:39,-100.2,-36.08,10.0,4.8,mwc,gcmt
2009-06-10,19:02:41,-72.55,-42.85,10.0,4.7,mb,us
2009-06-10,22:05:35,-84.08,-41.78,10.0,5.0,mwc,gcmt
2009-06-10,23:13:21,-84.0,-41.72,10.0,5.7,mwb,us
2009-06-11,00:42:10,-71.85,-15.19,124.5,4.3,mb,us
2009-06-11,03:56:35,-69.99,-20.16,53.2,4.0,m,guc
2009-06-11,12:30:22,-72.6,-42.85,2.1,4.2,mb,us
2009-06-12,04:51:20,-116.25,-49.75,10.0,4.9,mwc,gcmt
2009-06-12,08:26:28,-72.6,-42.84,2.6,4.5,mb,us
2009-06-12,23:29:36,-70.7,-29.35,80.7,4.8,m,guc
2009-06-13,20:10:52,-70.8,-17.36,61.4,5.2,mwc,gcmt
2009-06-13,21:22:07,-71.63,-30.65,28.1,5.0,mwc,gcmt
2009-06-14,10:35:17,-70.89,-17.52,78.0,4.4,mb,us
2009-06-14,21:14:15,-68.43,-19.57,125.6,4.4,mb,us
2009-06-15,13:04:36,-76.13,-13.56,42.2,5.4,mwc,gcmt
2009-06-15,22:15:45,-55.8,-18.51,10.0,4.9,mb,us
2009-06-16,08:58:07,-67.65,-22.04,199.4,4.2,m,guc
2009-06-16,12:52:14,-66.57,-20.72,229.1,4.4,mb,us
2009-06-17,04:38:53,-66.78,-24.21,176.8,4.1,mb,us
2009-06-17,07:04:53,-77.15,-45.62,10.0,5.2,mwc,gcmt
2009-06-19,10:36:22,-68.9,-21.08,111.2,5.2,mwc,gcmt
2009-06-19,20:35:52,-71.26,-30.76,58.7,4.5,mb,us
2009-06-20,04:00:18,-72.67,-14.43,74.8,4.8,mb,us
2009-06-23,04:00:05,-69.62,-18.74,87.0,4.1,mb,us
2009-06-23,21:03:18,-68.88,-20.77,104.4,4.4,mb,us
2009-06-24,21:03:14,-66.74,-21.48,212.8,4.5,mb,us
2009-06-25,03:48:13,-72.83,-37.17,71.9,4.3,mb,us
2009-06-25,07:27:51,-70.44,-28.45,70.8,4.0,m,guc
2009-06-25,18:25:37,-84.19,-10.58,10.0,4.6,mb,us
2009-06-26,13:05:33,-71.39,-31.74,41.8,4.4,mb,us
2009-06-26,16:49:20,-102.25,-36.25,10.0,5.0,mwc,gcmt
2009-06-26,16:49:22,-102.03,-35.15,10.0,5.0,mwc,gcmt
2009-06-26,18:54:48,-68.56,-21.22,117.5,4.5,mb,us
2009-06-26,22:52:30,-70.02,-23.99,50.2,4.5,mb,us
2009-06-27,06:27:51,-70.51,-20.5,31.6,4.4,mb,us
2009-06-27,08:41:10,-66.5,-22.29,270.8,4.5,m,guc
2009-06-27,18:48:08,-71.84,-34.77,39.9,3.9,mb,us
2009-06-29,00:08:39,-73.38,-38.14,35.0,4.8,mb,us
2009-06-29,03:07:31,-76.5,-45.63,10.0,5.3,mwc,gcmt
2009-06-29,04:08:39,-71.63,-31.75,32.3,4.1,ml,guc
2009-06-29,19:47:32,-70.64,-27.39,50.1,4.4,m,guc
2009-06-30,10:41:59,-74.63,-15.19,73.1,4.8,mb,us
2009-06-30,11:30:08,-71.32,-18.33,52.5,4.1,mb,us
2009-06-30,14:17:16,-70.82,-33.44,81.5,4.3,mb,us
2009-06-30,16:01:23,-71.99,-12.18,36.6,4.9,mb,us
2009-07-01,02:42:00,-67.07,-24.29,156.4,4.4,mb,us
2009-07-01,04:31:50,-68.76,-19.55,118.0,4.1,mb,us
2009-07-01,05:44:46,-70.57,-34.54,118.1,3.7,md,guc
2009-07-01,18:39:01,-69.43,-20.23,93.0,4.7,mb,us
2009-07-02,03:09:49,-75.81,-7.27,109.9,4.8,mb,us
2009-07-02,04:32:33,-66.87,-24.09,170.6,4.3,mb,us
2009-07-02,06:10:54,-72.19,-13.5,24.0,4.0,ml,lim
2009-07-02,06:51:00,-67.04,-32.36,24.9,4.7,mb,us
2009-07-02,08:13:30,-71.87,-32.46,29.9,4.1,mb,us
2009-07-02,20:16:25,-69.58,-17.61,135.2,4.1,mb,us
2009-07-03,11:29:40,-66.85,-24.19,170.6,4.4,mb,us
2009-07-04,13:01:07,-70.95,-34.68,102.8,3.8,mb,us
2009-07-04,22:48:31,-91.41,-39.94,10.0,5.0,mwc,gcmt
2009-07-05,09:16:17,-72.39,-33.23,36.0,4.3,mb,us
2009-07-05,13:57:21,-69.76,-31.75,126.0,4.7,mb,us
2009-07-06,06:56:06,-118.42,-52.97,10.0,5.3,mwc,gcmt
2009-07-06,07:07:01,-118.52,-52.73,10.0,4.5,mb,us
2009-07-06,07:07:18,-118.26,-52.94,10.0,5.1,mwc,gcmt
2009-07-06,07:13:13,-118.5,-52.88,10.0,4.6,mb,us
2009-07-06,20:32:44,-73.56,-39.9,42.8,4.4,m,guc
2009-07-06,21:47:03,-68.31,-21.73,110.5,4.4,mb,us
2009-07-07,04:58:02,-118.26,-52.96,10.0,4.4,mb,us
2009-07-07,05:18:01,-70.17,-22.22,62.2,4.4,m,guc
2009-07-07,16:46:15,-71.13,-29.36,48.9,5.4,mwc,gcmt
2009-07-08,14:44:00,-69.83,-30.87,108.0,4.3,mb,us
2009-07-08,17:08:30,-68.88,-31.4,122.6,4.5,mb,us
2009-07-08,19:23:38,-102.69,-36.0,12.0,6.0,mwc,us
2009-07-09,05:40:06,-102.69,-36.01,10.0,5.1,mwc,gcmt
2009-07-09,18:59:33,-69.16,-20.34,115.2,4.6,mb,us
2009-07-10,16:14:40,-73.22,-36.26,19.7,4.3,mb,us
2009-07-10,21:39:27,-68.62,-33.28,25.0,4.1,md,sja
2009-07-10,21:46:57,-118.55,-52.84,10.0,4.6,mb,us
2009-07-11,03:37:36,-70.39,-21.6,20.6,4.1,ml,guc
2009-07-11,21:16:01,-66.25,-17.19,31.5,4.5,mb,us
2009-07-11,22:40:11,-69.68,-27.42,105.9,4.0,mb,us
2009-07-12,05:35:59,-79.59,-7.81,83.0,4.0,m,lim
2009-07-12,06:12:47,-70.44,-15.04,198.9,6.1,mwb,us
2009-07-12,14:43:50,-71.15,-30.65,59.1,5.2,mwc,gcmt
2009-07-13,22:31:56,-118.41,-53.17,10.0,5.2,mwc,gcmt
2009-07-13,23:17:38,-118.69,-52.86,10.0,4.3,mb,us
2009-07-14,18:38:08,-67.09,-21.82,175.6,5.7,mwc,us
2009-07-15,15:21:27,-68.93,-20.35,112.1,5.3,mb,us
2009-07-15,16:15:05,-70.1,-18.58,116.1,4.1,mb,us
2009-07-16,09:54:51,-65.93,-28.33,78.8,4.3,mb,us
2009-07-17,11:49:24,-70.77,-29.84,76.4,3.8,m,guc
2009-07-17,13:31:50,-70.92,-30.05,88.6,3.4,m,guc
2009-07-17,21:31:29,-106.16,-35.31,10.0,4.5,mb,us
2009-07-19,02:46:19,-63.24,-27.6,560.8,4.4,mb,us
2009-07-22,12:32:51,-70.44,-20.13,43.3,4.3,m,guc
2009-07-25,04:17:12,-66.59,-24.01,185.0,5.2,mwc,gcmt
2009-07-25,06:38:22,-73.88,-38.19,28.4,4.7,mb,us
2009-07-25,07:20:12,-74.06,-38.19,27.6,4.7,mb,us
2009-07-25,09:19:58,-73.77,-38.09,14.4,4.8,mb,us
2009-07-25,12:16:26,-69.93,-31.87,150.2,4.6,mb,us
2009-07-25,18:12:25,-125.02,-55.36,10.0,5.1,mwc,gcmt
2009-07-27,10:58:16,-66.59,-23.96,184.1,5.4,mwc,gcmt
2009-07-29,01:53:27,-72.02,-32.67,15.0,4.6,mb,us
2009-07-29,06:30:32,-71.5,-23.9,35.0,5.0,ml,guc
2009-07-29,06:48:11,-103.33,-35.66,10.0,5.3,mwc,gcmt
2009-07-30,06:38:49,-75.14,-11.76,35.0,4.1,mb,us
2009-07-30,07:15:19,-71.29,-30.7,41.9,4.2,md,guc
2009-07-30,11:53:28,-67.89,-22.17,214.4,4.1,m,guc
2009-07-30,22:51:34,-68.67,-22.28,109.8,4.6,m,guc
2009-07-30,23:27:15,-67.72,-20.83,223.8,4.5,m,guc
2009-07-31,05:48:15,-67.42,-23.88,215.4,4.4,m,guc
2009-07-31,11:01:20,-91.31,-40.94,10.0,5.3,mwc,gcmt
2009-07-31,16:08:01,-69.02,-19.57,129.6,4.2,mb,us
2009-08-01,01:25:00,-71.23,-35.6,98.2,4.2,m,guc
2009-08-01,05:15:41,-67.39,-23.55,241.9,4.5,m,guc
2009-08-01,07:41:44,-89.71,-42.01,10.0,5.1,mwc,gcmt
2009-08-01,08:37:50,-72.44,-42.09,19.1,3.0,ml,guc
2009-08-01,13:33:30,-124.3,-56.23,10.0,6.1,mwc,us
2009-08-01,23:07:02,-75.41,-12.1,101.3,5.2,mwc,gcmt
2009-08-02,13:08:16,-124.46,-55.52,10.0,5.1,mwc,gcmt
2009-08-03,03:30:36,-67.65,-24.57,114.6,4.1,mb,us
2009-08-03,20:10:18,-75.49,-14.3,45.4,5.3,mb,us
2009-08-04,07:13:32,-77.6,-5.64,41.2,4.2,mb,us
2009-08-04,11:51:34,-69.0,-23.27,101.5,4.0,mb,us
2009-08-04,13:18:19,-69.11,-30.84,105.0,4.8,mb,us
2009-08-05,04:03:16,-67.23,-23.74,240.2,4.5,m,guc
2009-08-05,16:34:35,-71.32,-30.71,43.4,4.2,m,guc
2009-08-06,01:20:34,-71.64,-32.41,18.6,4.0,mb,us
2009-08-06,21:19:48,-70.71,-26.81,32.3,4.3,ml,guc
2009-08-07,00:45:50,-68.08,-20.99,189.3,4.6,m,guc
2009-08-07,10:37:47,-70.23,-22.08,43.7,3.7,md,guc
2009-08-07,11:48:39,-66.87,-24.11,166.4,4.2,mb,us
2009-08-07,16:08:21,-73.26,-38.34,65.1,4.2,m,guc
2009-08-08,00:00:52,-69.79,-36.76,29.2,4.2,mb,us
2009-08-08,00:08:49,-69.9,-36.82,10.3,4.1,mb,us
2009-08-08,09:30:50,-66.73,-24.14,184.3,4.2,mb,us
2009-08-08,11:11:20,-68.7,-21.25,131.2,4.4,mb,us
2009-08-08,13:56:08,-71.29,-31.82,47.3,3.5,m,guc
2009-08-10,13:05:42,-75.9,-13.89,48.9,4.5,mb,us
2009-08-10,14:10:07,-114.3,-26.64,10.0,5.4,mwc,gcmt
2009-08-11,04:12:40,-69.09,-24.69,18.0,4.3,m,guc
2009-08-11,06:13:54,-67.5,-23.73,239.1,4.2,m,guc
2009-08-11,12:31:03,-68.42,-23.12,106.1,4.4,mb,us
2009-08-12,09:07:57,-68.04,-31.17,20.0,3.8,md,sja
2009-08-12,18:00:53,-66.67,-27.89,173.5,5.5,mwc,us
2009-08-13,00:41:07,-72.45,-44.57,25.0,3.2,ml,guc
2009-08-13,02:20:13,-114.49,-26.86,10.0,4.5,mb,us
2009-08-13,03:46:53,-114.26,-26.76,10.0,5.5,mwc,gcmt
2009-08-13,04:19:26,-114.28,-26.84,10.0,4.4,mb,us
2009-08-13,07:11:12,-74.28,-37.33,31.0,4.4,ml,guc
2009-08-13,13:57:26,-114.13,-26.83,10.0,5.1,mb,us
2009-08-13,16:29:56,-71.41,-31.07,45.9,4.4,mb,us
2009-08-13,22:25:05,-115.94,-49.39,10.0,4.5,mb,us
2009-08-14,19:48:34,-75.39,-9.72,21.8,4.5,mb,us
2009-08-15,02:01:00,-70.15,-33.46,121.4,4.5,mb,us
2009-08-15,04:12:32,-69.01,-19.39,114.3,4.3,mb,us
2009-08-15,13:04:16,-76.0,-9.23,64.7,4.3,mb,us
2009-08-18,04:04:46,-70.76,-27.94,10.0,4.1,ml,guc
2009-08-18,10:27:54,-68.74,-22.39,112.7,4.0,m,guc
2009-08-18,11:25:02,-67.23,-23.94,210.0,4.3,mb,us
2009-08-19,02:14:53,-71.87,-32.69,15.1,3.7,ml,guc
2009-08-21,06:23:52,-72.26,-17.41,38.0,4.4,mb,us
2009-08-22,07:21:35,-67.37,-28.28,111.5,4.2,mb,us
2009-08-23,16:35:36,-75.62,-14.54,42.0,3.9,m,lim
2009-08-23,19:43:51,-71.52,-29.75,45.0,4.6,mb,us
2009-08-23,23:08:27,-70.39,-20.24,41.6,4.4,m,guc
2009-08-24,05:17:56,-120.73,-54.17,10.0,4.2,mb,us
2009-08-24,11:36:01,-65.96,-22.54,233.3,4.7,mb,us
2009-08-24,21:36:00,-76.21,-13.67,40.7,4.4,mb,us
2009-08-25,00:14:47,-72.66,-17.11,74.1,3.9,mb,us
2009-08-25,21:35:00,-68.84,-21.18,138.0,5.1,mb,us
2009-08-25,22:00:16,-77.56,-7.6,62.9,4.7,mb,us
2009-08-26,03:57:20,-108.75,-9.25,10.0,5.1,mwc,gcmt
2009-08-27,00:08:22,-91.28,-39.83,10.0,4.3,mb,us
2009-08-27,00:30:37,-68.57,-22.41,111.7,4.4,mb,us
2009-08-27,01:55:40,-91.09,-41.11,10.0,5.0,mwc,gcmt
2009-08-27,14:56:41,-81.22,-5.48,37.2,5.3,mwc,gcmt
2009-08-28,14:30:52,-110.8,-36.28,10.0,5.2,mwc,gcmt
2009-08-29,07:52:10,-70.22,-15.41,151.4,4.9,mb,us
2009-08-29,16:21:48,-68.59,-21.37,105.2,4.1,mb,us
2009-09-02,19:14:03,-67.79,-24.36,114.9,4.5,mb,us
2009-09-04,17:59:41,-86.11,-41.2,10.0,5.4,mwc,gcmt
2009-09-05,02:51:08,-67.86,-32.05,23.6,4.3,mb,us
2009-09-05,03:58:39,-70.25,-15.12,210.2,5.8,mwc,us
2009-09-06,14:42:12,-71.17,-27.68,21.0,4.6,mb,us
2009-09-06,21:27:08,-66.55,-21.42,226.0,4.3,mb,us
2009-09-08,22:22:29,-68.4,-20.9,114.5,4.9,mb,us
2009-09-09,23:21:05,-71.7,-17.01,45.0,3.7,mb,us
2009-09-10,19:46:04,-111.82,-29.93,10.0,5.5,mwc,gcmt
2009-09-10,23:31:24,-111.98,-29.92,10.0,5.3,mwc,gcmt
2009-09-10,23:35:24,-111.92,-29.92,10.8,5.1,mwc,gcmt
2009-09-11,00:04:26,-71.79,-32.44,36.4,4.7,mb,us
2009-09-11,08:10:05,-72.72,-16.46,35.0,4.6,mb,us
2009-09-12,02:55:46,-120.77,-54.31,10.0,4.9,mwc,gcmt
2009-09-12,03:56:59,-76.52,-45.64,31.6,5.0,mwc,gcmt
2009-09-12,06:33:28,-76.53,-45.63,35.0,4.6,mb,us
2009-09-12,17:39:50,-76.15,-45.63,32.7,4.9,mb,us
2009-09-13,16:20:38,-76.2,-13.59,39.0,4.3,m,lim
2009-09-14,09:15:20,-66.65,-23.6,185.4,4.4,mb,us
2009-09-14,09:58:23,-76.03,-8.31,33.6,4.4,mb,us
2009-09-14,10:41:33,-79.51,-8.97,47.9,4.7,mb,us
2009-09-15,07:24:24,-66.85,-24.13,169.9,4.6,mb,us
2009-09-15,15:22:56,-72.35,-16.62,69.4,4.6,mb,us
2009-09-17,19:00:01,-88.51,-41.45,10.0,4.8,mb,us
2009-09-17,23:21:39,-112.27,-29.14,10.0,6.2,mwc,us
2009-09-20,01:00:37,-72.08,-32.3,28.2,4.0,mb,us
2009-09-20,18:18:37,-111.44,-31.88,10.0,5.1,mwc,gcmt
2009-09-20,18:23:21,-111.42,-32.01,10.0,5.0,mb,us
2009-09-20,19:41:15,-69.03,-20.48,94.2,4.6,mb,us
2009-09-21,17:23:35,-71.5,-32.69,34.4,3.8,ml,guc
2009-09-21,20:05:11,-124.77,-55.54,10.0,4.7,mb,us
2009-09-22,10:25:30,-71.58,-35.89,99.5,4.3,mb,us
2009-09-22,18:32:28,-70.68,-17.6,75.2,4.2,mb,us
2009-09-22,22:46:48,-68.2,-21.04,132.0,4.1,mb,us
2009-09-23,02:25:13,-68.45,-21.13,114.7,4.3,mb,us
2009-09-25,02:04:36,-71.75,-32.37,52.2,4.4,mb,us
2009-09-25,15:47:24,-71.61,-32.11,47.5,5.1,mwc,gcmt
2009-09-26,06:39:27,-71.7,-32.36,43.3,4.5,mb,us
2009-09-26,13:46:13,-91.62,-40.93,10.0,5.0,mwc,gcmt
2009-09-28,23:05:02,-70.81,-27.63,44.8,4.3,m,guc
2009-09-29,14:29:42,-70.27,-22.09,41.5,3.7,m,guc
2009-09-30,05:52:34,-69.31,-19.28,122.9,4.4,mb,us
2009-09-30,16:20:08,-68.56,-31.27,107.0,4.7,mb,us
2009-09-30,19:03:17,-69.29,-15.55,255.4,5.9,mwc,gcmt
2009-10-01,14:03:14,-68.88,-31.26,110.0,4.2,md,sja
2009-10-02,03:18:02,-68.64,-19.49,127.3,4.4,mb,us
2009-10-03,06:36:34,-68.19,-22.02,111.9,4.1,mb,us
2009-10-03,13:03:11,-79.57,-8.46,47.2,4.8,mb,us
2009-10-05,13:18:54,-68.45,-22.44,105.8,4.6,mb,us
2009-10-06,08:31:42,-119.02,-54.56,10.0,5.1,mwc,gcmt
2009-10-08,07:02:35,-68.79,-22.54,107.1,4.7,mb,us
2009-10-08,23:18:52,-104.76,-35.55,10.0,4.7,mb,us
2009-10-09,00:44:47,-66.75,-23.96,196.0,4.6,mb,us
2009-10-09,02:59:43,-63.92,-24.14,38.5,4.0,mb,us
2009-10-09,04:17:02,-76.16,-14.88,47.5,4.6,mb,us
2009-10-09,07:36:20,-115.93,-17.92,10.0,5.1,mb,us
2009-10-09,12:26:18,-68.95,-23.24,96.3,4.5,m,guc
2009-10-10,06:54:22,-70.65,-24.95,42.0,4.8,mb,us
2009-10-10,15:26:20,-70.68,-24.94,20.2,5.6,mwc,gcmt
2009-10-10,17:10:18,-70.72,-25.02,4.6,5.3,mwc,gcmt
2009-10-11,10:26:17,-70.84,-25.08,31.4,4.6,mb,us
2009-10-11,23:52:29,-70.62,-27.6,36.4,4.3,md,guc
2009-10-12,10:58:24,-72.1,-36.74,87.6,4.6,m,guc
2009-10-12,18:38:13,-74.8,-15.62,65.8,4.0,mb,us
2009-10-15,01:43:01,-80.21,-4.6,62.2,5.0,mb,us
2009-10-15,19:32:20,-67.33,-29.47,123.5,4.9,mb,us
2009-10-16,17:51:37,-70.95,-25.16,13.3,4.6,mb,us
2009-10-16,23:31:05,-63.42,-18.6,43.2,5.0,mb,us
2009-10-17,00:06:49,-63.36,-18.58,33.9,4.9,mwc,gcmt
2009-10-17,14:52:00,-78.69,-9.22,35.0,4.0,mb,us
2009-10-17,16:43:38,-70.7,-26.46,38.2,4.3,m,guc
2009-10-19,06:37:24,-71.22,-30.37,67.9,4.1,m,guc
2009-10-21,06:47:10,-70.83,-30.71,65.2,4.4,m,guc
2009-10-21,12:40:19,-71.76,-32.77,23.2,5.1,mb,us
2009-10-21,22:49:34,-124.76,-55.46,10.0,4.1,mb,us
2009-10-22,11:43:44,-116.25,-49.75,10.0,5.4,mwc,gcmt
2009-10-22,22:38:54,-55.42,-61.7,21.6,4.5,mb,us
2009-10-24,11:44:32,-94.75,-37.75,10.0,4.9,mwc,gcmt
2009-10-25,21:36:06,-70.17,-34.03,20.1,4.5,mb,us
2009-10-25,23:01:42,-70.73,-25.06,40.7,4.9,mb,us
2009-10-27,00:04:46,-65.16,-59.96,10.0,6.0,mwc,us
2009-10-27,14:59:04,-87.75,-41.75,10.0,5.2,mwc,gcmt
2009-10-27,21:26:55,-76.71,-6.7,153.8,4.4,mb,us
2009-10-28,00:44:28,-99.8,-36.19,10.0,4.3,mb,us
2009-10-28,05:01:35,-67.68,-23.93,111.3,4.7,mb,us
2009-10-28,05:43:12,-71.97,-32.79,25.9,4.9,ml,guc
2009-10-28,06:19:37,-71.94,-32.78,8.3,4.1,ml,guc
2009-10-28,06:20:03,-71.76,-32.74,10.0,5.0,mwc,gcmt
2009-10-28,06:52:21,-72.08,-32.79,10.0,4.1,mb,us
2009-10-28,12:10:21,-68.87,-21.31,122.5,4.1,m,guc
2009-10-29,01:25:13,-69.62,-20.76,66.5,4.7,mb,us
2009-10-29,18:19:42,-71.94,-32.81,8.6,4.7,mb,us
2009-10-30,01:27:44,-71.88,-32.83,9.4,5.0,mb,us
2009-10-30,02:53:40,-71.94,-32.8,19.8,4.9,mwc,gcmt
2009-10-30,12:00:34,-71.13,-28.95,63.3,4.6,mb,us
2009-10-30,13:26:21,-73.12,-36.67,32.8,4.2,ml,guc
2009-10-30,14:55:59,-70.53,-15.32,182.9,4.4,mb,us
2009-11-01,05:42:42,-75.72,-14.2,61.0,4.3,m,lim
2009-11-01,07:25:48,-68.38,-24.08,178.3,4.2,m,guc
2009-11-01,12:48:25,-68.62,-22.01,135.1,4.4,m,guc
2009-11-03,08:01:04,-71.38,-36.06,102.4,4.1,m,guc
2009-11-04,01:35:45,-70.2,-25.69,28.7,5.1,mwc,gcmt
2009-11-04,15:15:58,-69.68,-17.47,166.3,4.5,mb,us
2009-11-04,23:22:00,-108.18,-9.15,10.0,4.4,mb,us
2009-11-05,02:53:36,-69.93,-28.8,88.7,4.7,mb,us
2009-11-05,08:42:33,-72.22,-28.64,10.0,4.7,mb,us
2009-11-05,13:43:50,-70.65,-15.5,173.9,4.4,mb,us
2009-11-05,23:38:09,-69.71,-18.2,126.2,4.0,mb,us
2009-11-06,03:37:42,-69.53,-54.08,15.4,4.5,mb,us
2009-11-06,08:49:52,-64.46,-23.44,5.0,5.5,mwb,us
2009-11-07,19:39:21,-81.62,-4.14,37.1,4.6,mb,us
2009-11-07,22:41:53,-71.77,-32.72,15.0,3.4,md,guc
2009-11-08,08:05:24,-111.62,-35.06,10.0,5.1,mwc,gcmt
2009-11-09,10:02:48,-68.67,-22.56,125.0,4.5,m,guc
2009-11-10,07:41:55,-68.72,-22.39,123.1,4.5,mb,us
2009-11-10,09:22:57,-69.22,-29.66,102.9,4.3,mb,us
2009-11-11,07:36:56,-69.26,-20.84,115.6,4.2,m,guc
2009-11-11,09:58:38,-69.12,-19.65,107.1,5.0,mwc,gcmt
2009-11-12,02:01:11,-69.27,-20.83,112.0,4.0,m,guc
2009-11-12,12:59:44,-103.25,-36.25,10.0,4.9,mwc,gcmt
2009-11-12,16:25:48,-71.71,-32.76,8.5,4.5,mb,us
2009-11-13,03:05:57,-70.32,-19.39,27.0,6.5,mwc,us
2009-11-13,07:27:13,-64.1,-17.92,608.0,5.8,mwc,us
2009-11-13,07:53:10,-70.53,-19.67,35.0,4.5,mb,us
2009-11-14,19:44:30,-66.64,-22.96,220.4,6.2,mwc,gcmt
2009-11-15,01:51:36,-120.45,-54.92,10.0,5.1,mwc,gcmt
2009-11-15,02:27:43,-68.67,-21.22,91.9,4.4,mb,us
2009-11-15,03:39:02,-65.6,-60.02,10.0,4.6,mb,us
2009-11-15,10:11:21,-68.82,-21.94,149.2,4.6,mb,us
2009-11-15,15:33:51,-70.39,-33.18,108.5,4.1,m,guc
2009-11-16,08:25:57,-70.33,-22.9,40.5,4.1,md,guc
2009-11-16,18:34:25,-70.36,-19.56,30.4,5.2,mwc,gcmt
2009-11-16,20:01:56,-107.67,-26.89,10.0,4.6,mb,us
2009-11-16,22:07:45,-66.96,-18.2,252.5,4.5,mb,us
2009-11-17,03:51:12,-68.41,-31.2,92.6,4.5,mb,us
2009-11-17,11:14:05,-66.48,-27.87,158.7,4.7,mb,us
2009-11-17,19:47:07,-70.57,-33.08,101.2,3.3,mb,us
2009-11-18,00:38:26,-70.52,-23.1,23.8,4.4,ml,guc
2009-11-18,02:11:56,-71.65,-32.63,5.1,3.4,ml,guc
2009-11-18,02:30:30,-71.73,-32.63,24.5,4.1,ml,guc
2009-11-19,10:42:34,-63.3,-26.87,566.3,5.1,mwc,gcmt
2009-11-20,04:02:29,-71.76,-34.8,44.3,4.4,mb,us
2009-11-21,08:45:52,-70.36,-19.59,79.4,4.4,mb,us
2009-11-22,19:30:46,-73.48,-16.42,50.4,4.7,mb,us
2009-11-22,22:07:48,-74.97,-39.63,7.0,5.9,mwc,us
2009-11-23,16:34:37,-67.04,-24.31,158.6,4.6,mb,us
2009-11-23,21:35:55,-73.04,-11.33,42.9,4.8,mb,us
2009-11-24,17:45:12,-80.5,-45.5,10.0,5.1,mwc,gcmt
2009-11-25,10:14:37,-67.61,-27.92,50.3,4.1,md,sja
2009-11-26,00:45:45,-76.33,-13.25,85.8,4.0,mb,us
2009-11-27,10:24:33,-67.71,-23.78,120.6,4.5,mb,us
2009-11-28,04:35:38,-74.99,-15.68,46.4,5.1,mwc,gcmt
2009-11-28,05:06:06,-74.93,-15.64,18.5,5.2,mwc,gcmt
2009-11-29,08:13:56,-74.68,-15.85,63.8,4.6,mb,us
2009-11-29,17:05:31,-65.72,-21.97,275.8,5.4,mwb,us
2009-11-29,19:42:49,-71.04,-26.09,43.2,4.9,mb,us
2009-12-01,23:35:28,-69.72,-17.23,124.6,4.3,mb,us
2009-12-02,11:23:18,-70.48,-22.82,32.1,4.8,mb,us
2009-12-02,22:57:39,-66.91,-24.3,163.1,4.7,mb,us
2009-12-03,06:12:32,-122.32,-56.48,10.0,6.0,mwc,us
2009-12-03,07:03:15,-70.94,-18.48,35.0,4.6,mb,us
2009-12-03,08:33:08,-123.14,-55.85,10.0,4.1,mb,us
2009-12-05,06:53:06,-68.38,-29.19,97.5,4.3,mb,us
2009-12-05,14:06:24,-99.75,-36.75,10.0,5.1,mwc,gcmt
2009-12-06,02:16:19,-68.65,-21.95,120.8,4.8,mb,us
2009-12-06,02:57:25,-96.77,-36.32,10.0,5.0,mwc,gcmt
2009-12-06,03:41:19,-69.15,-20.43,110.0,4.3,mb,us
2009-12-06,04:35:40,-66.74,-24.04,189.6,4.3,mb,us
2009-12-06,13:46:02,-68.2,-31.78,109.6,4.9,mb,us
2009-12-07,14:09:06,-87.26,-48.37,10.0,5.0,mwc,gcmt
2009-12-07,21:48:35,-69.12,-23.45,97.9,4.7,mb,us
2009-12-08,02:29:14,-67.61,-23.86,118.3,4.6,mb,us
2009-12-10,21:42:35,-71.51,-32.05,27.2,3.6,ml,guc
2009-12-11,03:52:31,-70.4,-31.78,138.0,3.5,md,guc
2009-12-11,10:23:09,-68.91,-22.16,110.6,4.3,mb,us
2009-12-11,11:45:06,-68.8,-21.71,108.7,4.2,m,guc
2009-12-14,21:34:31,-68.67,-21.63,136.2,4.5,m,guc
2009-12-14,21:51:28,-71.09,-19.87,42.0,4.3,m,guc
2009-12-15,09:13:39,-67.05,-22.9,255.7,4.2,m,guc
2009-12-15,11:34:43,-81.94,-44.48,10.0,5.4,mwc,gcmt
2009-12-15,16:39:53,-63.44,-17.52,32.2,4.5,mb,us
2009-12-16,15:46:03,-68.13,-21.44,103.2,4.9,mb,us
2009-12-18,10:30:24,-70.06,-19.64,60.7,4.4,m,guc
2009-12-19,20:56:14,-73.74,-16.09,39.6,4.6,mb,us
2009-12-20,16:26:07,-70.93,-25.42,34.8,4.8,mb,us
2009-12-22,23:01:11,-71.04,-28.61,45.0,5.0,mb,us
2009-12-24,14:01:59,-73.98,-15.77,59.1,5.6,mwc,us
2009-12-26,00:42:57,-64.43,-31.02,12.0,4.0,md,sja
2009-12-26,14:19:33,-74.7,-14.68,46.3,3.5,mb,us
2009-12-27,09:13:01,-71.35,-32.03,61.8,4.6,mb,us
2009-12-27,20:09:18,-69.42,-27.88,108.5,4.6,mb,us
2009-12-28,00:57:16,-70.13,-22.5,33.9,5.2,mwb,us
2009-12-28,02:17:31,-68.61,-18.74,141.7,4.2,mb,us
2009-12-28,16:42:25,-66.82,-24.15,174.4,4.6,mb,us
2009-12-29,11:47:35,-72.92,-36.67,28.5,5.1,mwc,gcmt
2009-12-29,13:43:53,-68.6,-22.04,120.7,4.7,mb,us
2009-12-29,16:17:57,-68.58,-22.59,101.9,4.5,mb,us
2009-12-30,08:12:58,-70.53,-25.81,50.9,5.0,mb,us
2009-12-31,03:53:22,-66.59,-23.93,204.2,4.7,mb,us
2010-01-03,11:14:25,-74.3,-15.92,35.0,4.2,ml,lim
2010-01-03,13:22:37,-68.5,-22.57,101.7,4.8,mb,us
2010-01-03,20:39:13,-77.72,-8.8,116.8,5.7,mwb,us
2010-01-05,01:34:25,-74.03,-16.48,28.0,5.1,mwc,gcmt
2010-01-05,04:15:52,-63.7,-23.64,545.1,4.5,mb,us
2010-01-06,02:11:05,-71.23,-27.4,14.1,4.5,mb,us
2010-01-06,09:26:55,-71.34,-27.46,19.8,4.4,mb,us
2010-01-06,22:41:54,-71.63,-32.67,32.4,4.7,ml,guc
2010-01-07,11:35:28,-68.57,-23.41,127.2,4.0,m,guc
2010-01-07,14:35:26,-70.67,-19.55,34.1,4.7,mb,us
2010-01-09,00:08:12,-69.04,-19.92,117.4,4.4,m,guc
2010-01-09,09:00:28,-66.34,-23.07,215.1,4.3,mb,us
2010-01-11,23:01:53,-71.59,-29.92,10.9,4.0,ml,guc
2010-01-12,00:30:20,-71.62,-29.92,31.3,4.3,ml,guc
2010-01-12,08:02:23,-69.22,-19.08,1.9,4.5,mb,us
2010-01-12,08:07:07,-66.4,-30.43,10.0,3.7,md,sja
2010-01-13,03:52:24,-68.93,-20.3,83.2,4.9,mb,us
2010-01-14,08:42:08,-83.87,-41.95,10.0,5.0,mwc,gcmt
2010-01-14,20:35:25,-70.95,-33.16,75.7,3.9,md,guc
2010-01-15,04:55:32,-71.19,-38.02,130.9,4.3,mb,us
2010-01-15,07:29:31,-66.09,-22.52,242.9,4.1,mb,us
2010-01-15,13:25:29,-75.12,-51.57,35.0,4.3,mb,us
2010-01-17,11:09:45,-69.4,-16.79,174.5,4.6,mb,us
2010-01-17,12:00:01,-65.88,-57.66,5.0,6.3,mwc,us
