Date,Time,Lon,Lat,Depth,Mag,MagType,Source
2000-01-01,05:24:35,69.95,36.87,54.3,5.1,mwc,hrv
2000-01-01,05:43:40,69.95,37.15,33.0,3.8,mb,us
2000-01-01,06:26:04,69.96,37.03,33.0,4.4,mb,us
2000-01-01,06:58:40,69.89,36.84,33.0,3.7,mb,us
2000-01-01,13:57:25,69.87,36.85,33.0,3.5,mb,us
2000-01-01,18:49:11,102.65,28.53,33.0,4.6,mb,us
2000-01-02,10:21:18,70.89,36.23,33.0,4.1,mb,us
2000-01-02,10:23:59,92.5,27.56,33.0,5.0,mb,us
2000-01-03,03:41:17,52.21,29.2,33.0,3.8,mb,us
2000-01-03,11:30:32,53.66,26.7,33.0,4.3,mb,us
2000-01-03,16:38:50,87.99,43.4,33.0,4.0,mb,us
2000-01-03,22:34:13,92.77,22.13,33.0,4.6,mb,us
2000-01-04,14:45:56,72.13,40.14,33.0,4.4,mb,us
2000-01-05,06:07:25,71.5,36.67,206.9,3.8,mb,us
2000-01-05,09:45:19,92.7,32.22,33.0,5.5,mwc,hrv
2000-01-05,13:08:18,92.86,32.22,33.0,3.9,mb,us
2000-01-06,20:55:32,78.08,38.0,33.0,4.1,mb,us
2000-01-08,02:21:16,78.47,34.54,35.7,4.7,mb,us
2000-01-08,10:34:07,104.82,51.74,10.0,3.7,mb,us
2000-01-08,12:34:21,56.33,14.48,10.0,4.7,mb,us
2000-01-09,12:07:32,70.31,36.43,230.0,3.7,mb,us
2000-01-09,18:19:45,95.46,30.97,33.0,3.6,mb,us
2000-01-10,08:50:55,51.8,29.56,33.0,4.6,mb,us
2000-01-11,09:40:10,86.57,31.34,33.0,4.0,mb,us
2000-01-13,19:37:18,69.49,36.59,33.0,4.3,mb,us
2000-01-14,22:09:05,101.16,25.59,33.0,5.5,mwc,hrv
2000-01-14,22:23:35,100.84,25.63,33.0,3.9,mb,us
2000-01-14,23:37:08,101.06,25.61,33.0,5.9,mwc,hrv
2000-01-15,00:20:20,101.11,25.51,33.0,4.5,mb,us
2000-01-15,01:39:12,101.14,25.78,33.0,3.7,mb,us
2000-01-15,04:53:12,69.76,37.09,33.0,3.7,mb,us
2000-01-15,05:18:38,68.83,36.35,33.0,4.1,mb,us
2000-01-16,02:29:02,71.15,32.64,33.0,4.0,mb,us
2000-01-16,02:46:58,76.87,39.2,100.2,3.8,mb,us
2000-01-16,07:10:47,76.71,39.3,104.6,4.3,mb,us
2000-01-16,12:00:59,76.48,33.53,33.0,4.0,mb,us
2000-01-16,16:13:51,82.44,31.88,33.0,3.5,mb,us
2000-01-17,16:39:50,54.31,27.51,33.0,4.6,mb,us
2000-01-18,03:37:32,71.12,32.66,33.0,4.5,mb,us
2000-01-19,07:09:34,70.38,36.37,206.9,6.0,mwb,us
2000-01-19,17:59:37,101.1,25.6,33.0,4.0,mb,us
2000-01-19,21:39:32,72.97,38.57,89.6,3.7,mb,us
2000-01-19,22:18:12,71.47,37.04,90.6,3.9,mb,us
2000-01-20,12:54:24,85.81,27.78,33.0,4.4,mb,us
2000-01-20,19:17:05,72.14,39.33,63.6,4.0,mb,us
2000-01-20,21:01:14,70.44,36.54,33.0,4.0,mb,us
2000-01-21,07:30:16,73.95,38.3,148.3,3.9,mb,us
2000-01-22,09:14:50,67.24,31.99,33.0,4.1,mb,us
2000-01-22,09:36:56,95.45,31.05,33.0,4.6,mb,us
2000-01-23,00:21:25,101.07,25.64,33.0,4.2,mb,us
2000-01-23,00:33:32,93.67,22.24,92.7,4.3,mb,us
2000-01-23,10:11:21,77.13,35.81,81.3,4.3,mb,us
2000-01-25,04:09:36,86.63,31.17,33.0,4.0,mb,us
2000-01-25,16:37:34,92.02,27.21,33.0,4.3,mb,us
2000-01-25,16:43:23,92.63,27.66,33.0,5.2,mb,us
2000-01-25,17:29:57,92.67,27.61,33.0,4.2,mb,us
2000-01-25,23:39:31,58.19,35.2,33.0,4.7,mb,us
2000-01-26,06:17:06,57.42,26.31,33.0,3.7,mb,us
2000-01-26,18:20:43,71.22,36.42,236.3,3.9,mb,us
2000-01-26,18:35:07,73.94,40.92,33.0,4.3,mb,us
2000-01-26,20:55:19,103.8,24.26,33.0,4.9,mb,us
2000-01-26,21:11:56,92.49,27.57,33.0,4.3,mb,us
2000-01-26,21:37:58,95.5,30.97,33.0,5.2,mwc,hrv
2000-01-26,23:00:20,52.9,40.02,33.0,5.3,mwc,hrv
2000-01-27,12:30:13,71.53,37.2,119.7,4.0,mb,us
2000-01-28,18:33:02,70.99,36.52,197.2,4.3,mb,us
2000-01-29,00:15:37,70.06,36.47,208.8,4.2,mb,us
2000-01-29,17:57:03,71.09,36.24,99.2,4.0,mb,us
2000-01-30,06:35:05,91.98,29.25,33.0,4.8,mb,us
2000-01-31,07:26:00,88.6,38.11,33.0,5.4,mwc,hrv
2000-01-31,14:49:32,71.43,36.65,192.4,3.8,mb,us
2000-01-31,17:14:51,88.5,38.16,33.0,4.7,mb,us
2000-01-31,17:19:14,71.91,37.18,137.1,4.3,mb,us
2000-02-02,17:20:00,55.39,26.92,33.0,4.1,mb,us
2000-02-02,21:08:21,72.55,37.5,182.3,3.3,mb,us
2000-02-02,22:58:02,58.22,35.29,33.0,5.3,mwc,hrv
2000-02-03,00:58:22,70.05,39.88,33.0,4.7,mb,us
2000-02-03,08:33:45,96.76,26.44,122.4,4.3,mb,us
2000-02-04,01:38:33,70.86,36.49,191.6,3.9,mb,us
2000-02-04,11:16:24,91.51,34.09,33.0,3.5,mb,us
2000-02-04,23:27:35,71.2,36.29,102.9,4.0,mb,us
2000-02-06,04:21:51,78.86,40.64,33.0,4.3,mb,us
2000-02-07,00:50:21,54.3,15.1,33.0,4.4,mb,us
2000-02-08,23:44:18,66.82,29.01,33.0,3.8,mb,us
2000-02-09,17:52:09,72.0,37.52,127.7,3.9,mb,us
2000-02-09,23:35:14,71.04,36.46,117.5,4.4,mb,us
2000-02-10,01:26:20,54.9,28.82,33.0,4.8,mb,us
2000-02-12,00:04:22,90.85,34.0,33.0,5.1,mwc,hrv
2000-02-12,00:19:58,91.01,33.89,33.0,4.3,mb,us
2000-02-12,05:23:18,102.97,33.53,56.7,3.9,mb,us
2000-02-12,15:34:40,90.88,33.88,33.0,4.2,mb,us
2000-02-13,09:46:10,73.49,41.66,38.9,3.9,mb,us
2000-02-13,21:01:03,58.18,35.22,33.0,4.9,mb,us
2000-02-13,23:16:55,74.64,39.51,81.8,4.5,mb,us
2000-02-14,17:43:53,93.89,22.33,55.7,4.2,mb,us
2000-02-15,07:07:41,72.24,40.15,66.7,4.1,mb,us
2000-02-15,11:50:14,70.58,36.47,33.0,3.8,mb,us
2000-02-15,17:26:20,85.06,43.96,33.0,4.7,mb,us
2000-02-15,23:41:37,70.35,36.33,182.9,4.6,mb,us
2000-02-16,10:41:18,101.64,25.24,33.0,4.1,mb,us
2000-02-17,09:44:10,67.12,29.58,33.0,4.6,mb,us
2000-02-18,15:09:03,110.24,55.85,10.0,3.6,mb,us
2000-02-18,21:27:22,79.77,36.76,33.0,4.2,mb,us
2000-02-19,07:48:06,69.95,36.52,293.7,4.0,mb,us
2000-02-20,00:20:00,95.48,31.08,33.0,4.3,mb,us
2000-02-20,16:15:36,95.17,30.96,33.0,4.0,mb,us
2000-02-20,19:36:38,69.74,30.61,10.0,4.1,mb,us
2000-02-21,17:30:06,74.72,39.69,60.6,4.0,mb,us
2000-02-21,18:21:36,86.58,28.44,33.0,4.1,mb,us
2000-02-21,19:20:54,69.85,36.88,33.0,4.3,mb,us
2000-02-21,22:37:27,70.5,38.99,33.0,4.2,mb,us
2000-02-22,15:29:41,71.15,36.41,89.9,3.5,mb,us
2000-02-22,17:53:46,75.6,33.46,33.0,3.3,mb,us
2000-02-22,20:53:41,77.1,31.32,33.0,3.6,mb,us
2000-02-25,04:55:19,57.61,30.45,33.0,4.0,mb,us
2000-02-26,04:04:35,82.14,28.49,33.0,4.6,mb,us
2000-02-27,17:06:21,71.08,36.65,239.9,3.1,mb,us
2000-02-27,17:21:28,94.2,23.07,74.0,5.1,mb,us
2000-02-28,08:57:31,73.8,39.59,51.6,4.2,mb,us
2000-02-28,09:08:54,104.88,51.74,10.0,3.7,mb,us
2000-02-28,19:29:52,71.02,36.63,238.6,3.5,mb,us
2000-02-29,07:40:12,72.13,35.07,33.0,4.3,mb,us
2000-02-29,17:16:08,57.14,28.25,120.8,4.5,mb,us
2000-03-01,20:06:28,52.85,28.4,33.0,5.0,mwc,hrv
2000-03-02,04:24:19,57.34,13.56,10.0,4.7,mb,us
2000-03-03,09:32:58,70.09,36.48,212.3,4.3,mb,us
2000-03-03,15:51:16,71.4,36.6,190.7,4.8,mb,us
2000-03-03,17:24:04,94.57,22.76,132.4,4.5,mb,us
2000-03-04,06:38:39,69.52,36.01,108.5,4.1,mb,us
2000-03-04,12:54:27,66.13,27.31,33.0,3.9,mb,us
2000-03-05,02:54:23,67.83,30.5,33.0,3.8,mb,us
2000-03-05,09:40:06,56.47,27.95,33.0,5.4,mwc,hrv
2000-03-05,09:50:39,53.76,14.26,10.0,3.9,mb,us
2000-03-05,09:50:54,56.46,27.87,33.0,3.9,mb,us
2000-03-05,09:55:01,53.8,14.28,10.0,4.7,mb,us
2000-03-06,19:57:25,52.28,29.31,33.0,4.1,mb,us
2000-03-08,01:45:53,51.94,40.7,50.2,4.7,mb,us
2000-03-08,22:37:17,66.57,26.82,33.0,4.6,mb,us
2000-03-11,01:52:50,51.76,28.92,33.0,3.9,mb,us
2000-03-11,06:22:15,71.24,37.1,128.2,3.2,mb,us
2000-03-11,07:08:33,51.35,28.67,33.0,4.6,mb,us
2000-03-11,12:43:38,70.97,36.52,206.6,3.9,mb,us
2000-03-12,02:28:08,68.97,38.54,49.0,4.1,mb,us
2000-03-12,18:03:56,73.67,17.1,33.0,5.0,mwc,hrv
2000-03-13,20:44:32,87.85,27.66,33.0,4.3,mb,us
2000-03-13,23:16:19,51.44,29.2,33.0,4.7,mb,us
2000-03-14,00:52:25,86.2,54.38,10.0,4.1,mb,us
2000-03-14,21:13:53,51.94,28.9,33.0,4.3,mb,us
2000-03-15,18:58:49,71.4,36.3,114.7,4.3,mb,us
2000-03-15,22:00:29,71.05,40.92,33.0,4.0,mb,us
2000-03-17,01:20:40,78.24,40.82,51.8,4.5,mb,us
2000-03-17,09:18:02,56.48,27.81,33.0,4.1,mb,us
2000-03-17,15:44:05,91.89,26.68,33.0,4.1,mb,us
2000-03-17,20:24:08,74.73,39.12,61.3,4.0,mb,us
2000-03-18,16:38:23,95.14,25.18,116.1,4.7,mb,us
2000-03-19,04:37:20,94.9,18.2,74.9,4.4,mb,us
2000-03-20,22:40:02,52.23,28.44,33.0,4.2,mb,us
2000-03-21,22:17:55,67.89,30.4,33.0,3.8,mb,us
2000-03-22,01:03:22,66.99,36.7,33.0,3.3,mb,us
2000-03-22,19:52:40,71.41,36.42,96.8,4.3,mb,us
2000-03-23,05:03:38,57.93,12.59,10.0,4.6,mb,us
2000-03-26,15:58:34,88.25,30.43,33.0,3.8,mb,us
2000-03-26,18:13:48,97.1,27.34,33.0,3.6,mb,us
2000-03-26,20:41:22,76.8,39.42,53.5,4.6,mb,us
2000-03-26,22:42:23,76.74,39.41,57.6,4.4,mb,us
2000-03-27,08:39:46,71.06,36.57,224.4,3.6,mb,us
2000-03-28,01:46:31,91.32,38.36,33.0,4.6,mb,us
2000-03-28,16:40:55,94.88,24.0,118.8,4.4,mb,us
2000-03-28,17:55:50,58.23,35.32,33.0,4.9,ms,us
2000-03-28,18:59:21,93.92,22.63,33.0,4.4,mb,us
2000-03-29,12:37:35,99.72,31.59,33.0,3.9,mb,us
2000-03-30,15:11:38,73.58,35.29,33.0,3.7,mb,us
2000-03-30,15:12:27,94.71,24.7,65.9,4.2,mb,us
2000-03-31,03:35:49,74.98,38.31,139.5,4.1,mb,us
2000-03-31,14:13:31,70.0,28.76,33.0,4.5,mb,us
2000-03-31,19:21:24,71.51,36.56,135.2,4.1,mb,us
2000-03-31,21:33:20,54.16,28.04,62.6,4.5,mb,us
2000-04-01,10:47:30,70.49,36.11,118.0,4.1,mb,us
2000-04-01,15:37:40,71.5,37.1,117.9,3.8,mb,us
2000-04-01,22:12:43,51.45,30.04,54.4,4.4,mb,us
2000-04-03,04:36:54,55.58,38.96,33.0,3.4,ml,teh
2000-04-03,12:22:22,83.19,43.25,33.0,4.4,mb,us
2000-04-03,15:38:40,101.02,25.6,33.0,4.4,mb,us
2000-04-03,15:43:18,55.9,39.02,33.0,3.7,mb,us
2000-04-03,17:40:48,58.11,11.92,10.0,4.1,mb,us
2000-04-04,03:25:34,70.0,37.53,33.0,4.0,mb,us
2000-04-05,19:34:31,73.86,38.4,139.5,4.5,mb,us
2000-04-06,22:30:10,73.64,17.15,10.0,4.9,mb,us
2000-04-07,16:23:04,71.69,36.85,122.4,3.5,mb,us
2000-04-08,14:09:46,73.66,39.56,61.9,3.8,mb,us
2000-04-08,16:01:58,83.09,41.84,33.0,4.4,mb,us
2000-04-09,11:59:58,95.0,30.18,33.0,3.5,mb,us
2000-04-09,12:00:11,95.01,30.21,33.0,4.6,mb,us
2000-04-09,14:06:27,70.88,39.01,61.2,4.1,mb,us
2000-04-09,14:12:04,70.99,38.88,56.0,4.1,mb,us
2000-04-09,21:48:57,97.02,26.74,65.7,4.2,mb,us
2000-04-09,23:56:51,73.53,37.35,33.0,4.3,mb,us
2000-04-10,15:02:09,88.18,30.23,33.0,3.7,mb,us
2000-04-10,19:35:44,51.24,30.0,33.0,4.0,mb,us
2000-04-11,07:10:30,74.78,39.45,66.1,4.7,mb,us
2000-04-11,10:47:00,67.74,31.02,33.0,3.8,mb,us
2000-04-11,18:12:45,79.07,32.37,33.0,3.6,mb,us
2000-04-12,13:40:57,71.95,37.33,201.1,3.4,mb,us
2000-04-13,12:34:19,73.27,38.41,125.8,4.2,mb,us
2000-04-14,03:03:31,71.25,36.49,112.6,3.7,mb,us
2000-04-14,06:22:50,81.65,44.43,33.0,4.0,mb,us
2000-04-15,09:32:33,95.48,32.96,33.0,5.2,mwc,hrv
2000-04-16,06:30:11,61.71,27.07,33.0,3.9,mb,us
2000-04-16,11:40:37,92.44,24.67,33.0,3.8,mb,us
2000-04-18,01:41:26,53.14,28.28,33.0,3.8,mb,us
2000-04-18,20:14:07,70.86,36.2,150.0,3.0,mb,us
2000-04-18,23:06:19,77.93,41.45,33.0,4.1,mb,us
2000-04-20,08:41:30,66.44,38.62,10.0,5.3,mwc,hrv
2000-04-20,08:45:34,66.38,38.62,33.0,4.4,mb,us
2000-04-20,16:15:30,53.75,28.22,33.0,4.4,mb,us
2000-04-21,06:35:57,93.01,26.14,33.0,4.0,mb,us
2000-04-21,11:02:09,66.35,38.7,33.0,4.0,mb,us
2000-04-21,16:06:54,89.15,32.22,33.0,3.8,mb,us
2000-04-21,19:43:52,74.76,39.55,64.6,3.7,mb,us
2000-04-22,02:19:36,75.23,39.34,61.0,4.2,mb,us
2000-04-22,10:15:18,70.5,36.38,210.8,4.2,mb,us
2000-04-22,11:44:35,89.81,50.56,33.0,4.5,mb,us
2000-04-22,15:41:32,95.02,25.82,74.3,4.4,mb,us
2000-04-22,17:49:02,97.37,50.46,33.0,4.0,mb,us
2000-04-22,21:38:11,66.94,39.86,33.0,4.6,mb,us
2000-04-23,11:40:14,71.32,37.55,180.6,3.3,mb,us
2000-04-24,15:11:24,60.84,35.27,33.0,4.3,mb,us
2000-04-24,16:01:48,60.93,35.28,33.0,4.0,mb,us
2000-04-24,17:17:58,66.35,38.65,33.0,4.1,mb,us
2000-04-24,22:53:28,66.7,38.72,33.0,3.4,mb,us
2000-04-26,03:21:24,107.68,84.38,10.0,5.4,mwc,hrv
2000-04-26,04:01:59,105.94,84.35,10.0,4.2,mb,us
2000-04-26,04:20:10,106.37,84.44,10.0,4.6,mb,us
2000-04-26,16:20:34,70.23,36.56,194.5,3.3,mb,us
2000-04-27,06:53:07,105.81,29.39,33.0,3.8,mb,us
2000-04-28,00:17:18,78.31,31.6,33.0,4.6,mb,us
2000-04-28,12:54:21,70.48,36.46,208.7,4.5,mb,us
2000-04-29,04:01:07,74.02,39.59,66.0,3.8,mb,us
2000-04-29,05:45:49,70.52,36.52,215.3,3.4,mb,us
2000-04-30,05:44:37,76.66,39.39,67.8,4.5,mb,us
2000-04-30,10:30:21,72.27,37.52,191.6,3.1,mb,us
2000-04-30,22:32:01,70.92,36.64,214.2,3.0,mb,us
2000-05-01,18:33:13,71.34,36.6,206.0,4.0,mb,us
2000-05-01,18:41:42,73.05,38.18,140.5,5.6,mwc,hrv
2000-05-03,01:19:31,96.33,28.61,33.0,3.7,mb,us
2000-05-03,09:01:16,50.8,29.66,33.0,5.1,mwc,hrv
2000-05-03,09:06:08,50.8,29.56,33.0,4.8,mb,us
2000-05-03,10:19:00,76.7,39.37,62.7,4.7,mb,us
2000-05-03,10:26:59,50.78,29.5,33.0,4.4,mb,us
2000-05-03,13:26:11,67.28,36.41,33.0,4.5,mb,us
2000-05-03,13:52:55,67.04,36.61,33.0,4.3,mb,us
2000-05-03,15:42:21,94.81,23.96,33.0,4.4,mb,us
2000-05-03,20:38:22,84.68,47.99,33.0,3.8,mb,us
2000-05-03,22:17:18,54.8,28.8,33.0,4.3,mb,us
2000-05-04,01:44:37,91.54,27.89,33.0,3.7,mb,us
2000-05-04,02:01:00,79.99,29.97,33.0,3.5,mb,us
2000-05-05,14:30:57,69.88,37.02,51.1,4.2,mb,us
2000-05-05,17:27:56,52.96,29.48,33.0,3.6,mb,us
2000-05-05,20:23:51,70.29,38.6,22.2,3.6,mb,us
2000-05-05,22:48:20,81.57,29.4,81.3,4.4,mb,us
2000-05-06,03:08:40,79.49,41.6,60.7,4.4,mb,us
2000-05-06,03:33:34,70.12,38.74,60.6,3.4,mb,us
2000-05-07,12:11:54,68.23,37.56,33.0,3.4,mb,us
2000-05-07,15:22:52,70.99,39.01,62.6,4.4,mb,us
2000-05-07,19:30:42,110.2,55.75,10.0,4.0,mb,us
2000-05-07,21:53:30,101.12,25.52,33.0,3.8,mb,us
2000-05-08,03:03:16,60.98,35.26,33.0,4.3,mb,us
2000-05-09,03:43:21,73.9,17.2,33.0,3.9,mb,us
2000-05-10,08:33:02,70.05,36.07,128.2,4.4,mb,us
2000-05-11,12:14:00,77.08,39.3,33.0,4.0,mb,us
2000-05-11,15:52:55,96.95,26.0,47.8,4.4,mb,us
2000-05-11,16:51:54,94.41,25.38,58.7,4.3,mb,us
2000-05-12,01:16:27,69.89,29.04,33.0,4.4,mb,us
2000-05-12,23:10:30,70.66,35.98,107.7,6.3,mwc,hrv
2000-05-13,01:34:42,70.69,35.99,109.2,4.0,mb,us
2000-05-13,04:21:43,70.54,35.97,88.1,4.4,mb,us
2000-05-13,09:11:46,70.17,37.33,61.0,4.4,mb,us
2000-05-13,19:03:12,70.76,36.02,104.4,4.6,mb,us
2000-05-13,22:06:08,70.67,36.0,102.3,4.4,mb,us
2000-05-14,17:18:24,91.68,28.14,33.0,4.7,mb,us
2000-05-14,19:32:06,89.71,38.09,33.0,3.8,mb,us
2000-05-15,05:46:24,72.06,37.46,134.6,4.3,mb,us
2000-05-16,00:00:10,51.76,29.46,33.0,3.9,mb,us
2000-05-16,03:28:01,70.76,36.52,225.5,4.4,mb,us
2000-05-16,19:10:04,66.92,40.12,33.0,4.3,mb,us
2000-05-17,12:08:33,105.23,49.28,10.0,4.5,mb,us
2000-05-17,18:40:28,105.22,49.34,33.0,4.2,mb,us
2000-05-18,09:05:38,71.5,36.66,108.7,4.3,mb,us
2000-05-18,09:28:44,52.21,29.55,33.0,3.7,mb,us
2000-05-18,16:05:36,71.35,36.37,105.0,4.2,mb,us
2000-05-18,21:47:54,50.77,13.29,10.0,4.8,mb,us
2000-05-19,09:41:06,78.56,33.41,33.0,3.6,mb,us
2000-05-19,11:07:11,89.98,38.02,33.0,3.7,mb,us
2000-05-20,03:01:43,72.05,36.63,129.3,3.9,mb,us
2000-05-21,04:39:10,72.17,37.27,187.1,4.3,mb,us
2000-05-21,08:27:38,55.4,27.16,33.0,3.7,mb,us
2000-05-21,22:12:44,59.33,32.52,33.0,4.2,mb,us
2000-05-21,23:17:02,70.66,35.92,98.0,4.4,mb,us
2000-05-21,23:30:15,70.6,35.92,100.0,4.2,mb,us
2000-05-23,13:55:43,59.95,32.45,33.0,3.9,mb,us
2000-05-23,18:29:18,87.33,30.85,33.0,3.9,mb,us
2000-05-24,11:31:51,57.06,13.7,10.0,4.5,mb,us
2000-05-24,13:02:49,57.1,13.75,10.0,4.3,mb,us
2000-05-24,13:03:05,57.14,13.83,10.0,4.7,mb,us
2000-05-24,16:55:03,57.7,12.8,10.0,4.6,mb,us
2000-05-25,15:53:46,100.08,36.28,10.0,4.1,mb,us
2000-05-25,22:42:04,72.31,37.34,170.8,4.0,mb,us
2000-05-26,01:21:12,71.38,36.61,237.7,4.3,mb,us
2000-05-26,21:10:35,82.91,43.38,33.0,3.4,mb,us
2000-05-26,21:56:05,71.23,36.6,238.0,3.6,mb,us
2000-05-28,01:09:36,73.24,37.94,156.2,3.8,mb,us
2000-05-28,01:12:10,71.35,35.87,33.0,3.7,mb,us
2000-05-28,11:21:33,85.6,34.73,33.0,4.0,mb,us
2000-05-28,14:52:01,74.71,33.74,59.2,4.0,mb,us
2000-05-29,02:14:02,87.11,30.94,33.0,4.1,mb,us
2000-05-29,03:06:11,86.98,30.76,33.0,4.4,mb,us
2000-05-30,03:13:42,70.44,36.49,211.9,4.5,mb,us
2000-05-30,19:42:33,71.54,36.52,106.5,4.9,mwc,hrv
2000-05-31,07:18:49,71.0,36.47,210.2,4.0,mb,us
2000-05-31,12:43:09,65.17,42.12,33.0,4.3,mb,us
2000-05-31,16:28:08,104.94,51.69,10.0,5.0,mwc,hrv
2000-05-31,17:37:09,94.62,22.27,108.6,4.3,mb,us
2000-06-01,02:37:25,74.38,39.48,33.0,4.4,mb,us
2000-06-01,04:09:51,75.75,41.07,41.6,4.0,mb,us
2000-06-01,20:41:00,98.25,34.01,33.0,4.9,mb,us
2000-06-02,04:49:37,71.64,36.2,167.8,4.4,mb,us
2000-06-03,02:39:09,87.19,31.18,33.0,4.5,mb,us
2000-06-03,06:17:47,109.38,54.88,10.0,4.2,mb,us
2000-06-03,16:37:47,72.39,37.34,216.0,4.4,mb,us
2000-06-04,07:32:27,56.5,36.38,33.0,4.4,mb,us
2000-06-04,11:47:16,70.14,36.37,250.0,3.6,mb,us
2000-06-04,17:52:16,65.38,28.72,33.0,6.0,mb,us
2000-06-05,08:34:31,97.22,30.57,33.0,4.6,mb,us
2000-06-05,11:43:19,56.9,27.45,33.0,3.9,mb,us
2000-06-05,14:05:43,56.1,28.29,33.0,4.3,mb,us
2000-06-05,17:36:53,71.76,36.06,188.7,4.7,mb,us
2000-06-06,10:59:10,103.79,37.01,10.0,5.6,mwc,hrv
2000-06-06,22:24:48,73.54,37.97,51.7,3.5,mb,us
2000-06-07,03:58:49,75.09,35.48,33.0,4.1,mb,us
2000-06-07,21:15:39,66.37,38.51,33.0,4.4,mb,us
2000-06-07,21:46:56,97.24,26.86,33.0,6.3,mwc,hrv
2000-06-08,09:44:36,96.9,26.51,33.0,4.0,mb,us
2000-06-08,12:21:10,97.02,26.59,33.0,5.1,mwc,hrv
2000-06-09,03:26:02,72.41,37.4,206.6,4.6,mb,us
2000-06-09,04:36:54,66.48,38.49,33.0,4.4,mb,us
2000-06-09,10:57:54,69.8,36.26,163.9,3.8,mb,us
2000-06-09,13:29:16,73.29,38.0,164.1,4.6,mb,us
2000-06-11,22:56:14,70.1,36.45,217.8,4.4,mb,us
2000-06-12,00:26:40,70.96,36.56,219.5,4.4,mb,us
2000-06-14,11:03:19,59.77,36.49,10.0,4.1,mb,us
2000-06-14,16:03:41,51.62,40.27,51.5,4.9,mb,us
2000-06-14,21:12:03,97.11,26.84,33.0,4.2,mb,us
2000-06-16,20:14:41,72.49,41.05,57.2,4.1,mb,us
2000-06-16,21:23:13,57.99,9.6,10.0,5.3,mwc,hrv
2000-06-17,00:01:29,78.59,37.49,46.1,4.0,mb,us
2000-06-17,02:47:09,79.21,32.86,33.0,4.4,mb,us
2000-06-17,05:49:27,71.24,36.55,232.6,4.0,mb,us
2000-06-17,16:34:13,78.44,32.02,33.0,4.8,mb,us
2000-06-18,08:05:24,78.49,32.17,93.4,3.7,mb,us
2000-06-18,20:45:20,56.26,14.5,10.0,5.2,mb,us
2000-06-18,20:55:43,56.4,14.43,10.0,3.7,mb,us
2000-06-18,21:38:13,56.21,14.64,10.0,4.0,mb,us
2000-06-19,08:22:07,76.49,18.01,33.0,4.4,mb,us
2000-06-19,22:41:49,77.45,35.25,42.1,5.4,mwc,hrv
2000-06-20,09:22:27,77.53,35.31,33.0,4.5,mb,us
2000-06-20,15:28:09,77.4,35.3,33.0,4.4,mb,us
2000-06-21,00:48:16,70.69,36.66,92.6,4.7,mb,us
2000-06-21,16:11:19,79.2,30.58,33.0,3.5,mb,us
2000-06-21,21:03:09,70.56,36.2,136.6,4.1,mb,us
2000-06-22,05:42:07,91.8,85.18,10.0,4.1,mb,us
2000-06-23,02:41:08,77.42,35.52,33.0,4.0,mb,us
2000-06-23,06:15:12,51.65,30.16,33.0,5.2,mwc,hrv
2000-06-23,19:47:33,60.2,32.84,33.0,3.7,mb,us
2000-06-23,23:15:52,71.48,36.59,114.3,3.9,mb,us
2000-06-24,00:55:44,50.92,31.83,53.6,4.5,mb,us
2000-06-24,03:55:59,77.52,35.46,33.0,3.8,mb,us
2000-06-24,12:37:12,51.53,13.65,10.0,5.3,mwc,hrv
2000-06-24,13:36:36,77.49,35.32,58.3,4.4,mb,us
2000-06-25,00:04:28,77.53,35.28,69.2,3.9,mb,us
2000-06-25,18:38:30,69.77,36.44,200.0,3.7,mb,us
2000-06-25,19:27:30,69.18,31.52,33.0,4.2,mb,us
2000-06-28,00:49:55,106.94,84.2,10.0,4.4,mb,us
2000-06-28,08:16:18,94.06,24.87,33.0,4.1,mb,us
2000-06-28,22:43:34,82.73,47.77,33.0,4.6,mb,us
2000-06-29,02:50:18,102.47,38.16,33.0,4.0,ml,bji
2000-06-29,09:45:13,97.25,26.82,52.0,4.1,mb,us
2000-06-29,14:45:16,70.77,36.22,143.1,4.5,mb,us
2000-07-01,02:55:33,67.75,30.15,42.2,4.2,mb,us
2000-07-01,11:02:52,79.49,41.84,33.0,4.1,mb,us
2000-07-01,20:34:00,73.68,40.92,33.0,4.3,mb,us
2000-07-02,04:27:57,94.69,24.51,82.5,5.2,mwc,hrv
2000-07-02,06:19:53,73.5,40.84,81.7,3.9,mb,us
2000-07-03,05:08:16,54.73,35.83,33.0,4.1,mb,us
2000-07-03,07:09:54,84.71,31.47,33.0,4.5,mb,us
2000-07-03,21:58:29,70.95,36.16,33.0,4.2,mb,us
2000-07-03,23:55:05,73.28,40.8,33.0,3.9,mb,us
2000-07-04,00:04:17,70.92,36.15,119.8,4.3,mb,us
2000-07-04,00:39:16,74.58,38.75,33.0,3.9,mb,us
2000-07-04,08:10:06,78.44,32.1,33.0,4.1,mb,us
2000-07-04,22:37:27,69.16,36.5,33.0,3.9,mb,us
2000-07-05,00:58:32,71.97,37.1,226.0,3.4,mb,us
2000-07-05,05:39:34,76.29,39.94,33.0,4.4,mb,us
2000-07-05,05:56:34,79.85,34.17,33.0,4.6,mb,us
2000-07-05,16:04:37,72.9,37.42,139.1,4.1,mb,us
2000-07-05,18:47:13,79.77,34.2,33.0,4.0,mb,us
2000-07-05,18:50:20,79.76,33.97,33.0,4.7,mb,us
2000-07-05,19:57:12,71.03,36.28,152.6,4.3,mb,us
2000-07-05,21:59:50,79.72,34.21,33.0,4.5,mb,us
2000-07-06,08:34:29,51.72,30.12,33.0,4.7,mb,us
2000-07-06,11:38:58,70.46,36.3,231.7,4.4,mb,us
2000-07-07,06:40:25,51.52,13.43,33.0,4.2,mb,us
2000-07-07,16:14:16,79.78,34.1,33.0,4.7,mb,us
2000-07-07,19:27:08,70.97,36.38,228.1,3.2,mb,us
2000-07-09,01:24:06,71.79,36.35,149.2,3.7,mb,us
2000-07-09,12:51:22,71.22,36.36,263.4,3.3,mb,us
2000-07-09,21:03:15,80.0,34.22,33.0,4.0,mb,us
2000-07-10,04:25:16,92.2,32.8,33.0,5.4,mwc,hrv
2000-07-11,14:59:36,70.54,36.11,33.0,3.8,mb,us
2000-07-12,22:24:00,83.51,31.51,33.0,4.8,mb,us
2000-07-14,02:48:54,83.96,43.59,33.0,4.5,mb,us
2000-07-14,07:41:14,70.54,36.97,128.0,4.2,mb,us
2000-07-14,08:22:48,73.31,41.21,33.0,4.5,mb,us
2000-07-14,10:04:46,52.71,29.4,33.0,3.9,mb,us
2000-07-14,20:26:09,79.9,33.81,33.0,3.6,mb,us
2000-07-14,21:06:07,82.31,43.56,24.4,4.7,mb,us
2000-07-15,07:53:51,57.25,28.41,33.0,3.9,mb,us
2000-07-17,05:26:09,73.03,34.77,33.0,5.0,mb,us
2000-07-17,06:52:12,92.3,27.07,33.0,4.3,mb,us
2000-07-17,12:22:30,70.12,37.28,33.0,4.1,mb,us
2000-07-17,22:53:47,70.92,36.28,141.4,6.3,mwc,hrv
2000-07-18,04:31:41,70.01,35.98,33.0,3.5,mb,us
2000-07-18,09:34:49,72.0,37.2,200.3,3.9,mb,us
2000-07-18,21:14:04,56.29,27.99,33.0,4.1,mb,us
2000-07-19,12:08:55,77.37,37.69,33.0,4.5,mb,us
2000-07-20,03:51:44,84.73,42.23,33.0,4.4,mb,us
2000-07-20,05:54:04,95.14,25.65,92.6,4.3,mb,us
2000-07-20,06:48:58,73.55,35.64,72.0,4.5,mb,us
2000-07-22,01:04:36,83.53,42.32,33.0,3.8,mb,us
2000-07-22,19:20:53,75.46,38.54,33.0,3.9,mb,us
2000-07-22,23:26:55,74.31,38.25,154.5,4.0,mb,us
2000-07-23,15:16:33,71.76,36.96,130.5,4.2,mb,us
2000-07-23,21:49:56,92.82,32.87,33.0,3.6,mb,us
2000-07-23,23:30:02,52.1,29.36,33.0,4.4,mb,us
2000-07-24,03:48:20,71.15,36.38,227.2,3.9,mb,us
2000-07-24,19:04:04,71.2,36.2,98.8,4.5,mb,us
2000-07-25,18:15:28,50.81,13.38,10.0,4.6,mb,us
2000-07-26,22:43:38,57.0,28.1,33.0,4.3,mb,us
2000-07-27,08:44:58,69.2,35.66,33.0,4.0,mb,us
2000-07-27,23:41:39,52.52,29.07,33.0,3.6,mb,us
2000-07-28,05:22:24,71.01,36.53,225.4,5.4,mwb,us
2000-07-28,09:32:15,100.25,27.02,33.0,4.1,mb,us
2000-07-28,14:00:57,72.13,39.15,33.0,4.3,mb,us
2000-07-28,22:26:14,95.16,19.79,33.0,4.4,mb,us
2000-07-29,00:09:34,52.22,29.02,33.0,3.3,mb,us
2000-07-29,18:26:59,57.18,28.44,70.6,3.8,mb,us
2000-07-31,12:28:12,77.67,35.42,33.0,3.8,mb,us
2000-07-31,17:02:40,71.94,37.05,174.4,4.3,mb,us
2000-08-01,19:41:39,101.28,27.2,33.0,3.8,mb,us
2000-08-02,17:09:41,71.64,36.41,113.2,4.2,mb,us
2000-08-02,17:58:29,93.54,22.14,33.0,4.3,mb,us
2000-08-02,21:33:23,86.37,43.7,33.0,3.9,mb,us
2000-08-02,22:44:06,79.59,41.76,33.0,4.3,mb,us
2000-08-05,15:01:44,94.43,31.86,33.0,4.2,mb,us
2000-08-08,01:15:09,76.97,42.1,33.0,5.0,mwc,hrv
2000-08-09,04:01:05,50.79,29.57,33.0,4.1,mb,us
2000-08-09,05:03:54,71.03,34.52,33.0,4.6,mb,us
2000-08-09,05:06:54,70.95,34.77,33.0,4.7,mb,us
2000-08-09,11:34:31,57.55,38.24,33.0,4.2,mb,us
2000-08-09,21:02:38,79.42,33.95,33.0,3.5,mb,us
2000-08-10,00:28:37,71.03,36.55,209.5,4.4,mb,us
2000-08-10,08:43:18,75.73,35.62,33.0,4.2,mb,us
2000-08-10,11:26:50,70.1,29.65,33.0,4.8,mb,us
2000-08-10,11:28:14,70.67,35.94,33.0,4.4,mb,us
2000-08-11,09:37:55,70.29,38.8,33.0,4.4,mb,us
2000-08-11,12:00:55,71.14,36.52,230.6,3.8,mb,us
2000-08-12,05:51:31,59.37,32.66,33.0,3.4,mb,us
2000-08-12,18:53:53,105.38,24.88,33.0,4.2,mb,us
2000-08-13,13:28:23,71.12,21.46,14.3,4.7,mb,us
2000-08-13,14:59:34,94.74,24.67,65.8,4.3,mb,us
2000-08-15,20:17:07,56.21,14.6,33.0,4.3,mb,us
2000-08-15,21:05:04,77.74,40.04,33.0,5.0,mb,us
2000-08-16,12:53:02,54.36,36.72,33.0,4.9,mwc,hrv
2000-08-16,23:06:29,92.42,26.54,33.0,4.4,mb,us
2000-08-16,23:31:04,70.33,36.23,124.8,4.2,mb,us
2000-08-17,01:10:02,73.48,38.17,123.5,4.4,mb,us
2000-08-17,07:32:51,70.99,36.3,211.3,4.5,mb,us
2000-08-17,16:39:49,61.78,20.76,10.0,4.0,mb,us
2000-08-17,19:34:47,51.66,40.89,70.0,4.5,mb,us
2000-08-18,07:04:02,70.54,35.83,33.0,3.8,mb,us
2000-08-18,20:11:35,70.08,35.89,124.5,4.2,mb,us
2000-08-19,13:57:47,51.72,29.45,33.0,4.1,mb,us
2000-08-20,22:20:20,57.22,28.09,33.0,4.5,mb,us
2000-08-21,13:25:45,102.19,25.83,33.0,4.9,mb,us
2000-08-21,14:52:51,102.44,25.62,33.0,3.8,mb,us
2000-08-22,00:14:31,66.65,30.6,33.0,4.2,mb,us
2000-08-22,16:55:14,57.38,38.12,10.0,5.9,mwb,us
2000-08-22,17:02:41,57.29,38.34,33.0,4.6,mb,us
2000-08-23,00:47:29,77.39,39.92,33.0,4.5,mb,us
2000-08-23,12:08:39,102.26,26.02,33.0,3.9,mb,us
2000-08-23,16:31:54,95.15,19.78,86.6,4.4,mb,us
2000-08-23,17:43:38,88.43,35.8,33.0,3.9,mb,us
2000-08-23,20:48:57,102.42,26.04,33.0,3.8,mb,us
2000-08-23,22:03:08,94.58,20.75,33.0,3.8,mb,us
2000-08-25,19:13:22,71.42,36.58,195.1,3.9,mb,us
2000-08-27,16:25:02,51.19,13.92,10.0,4.5,mb,us
2000-08-27,20:44:55,57.17,28.06,33.0,4.1,mb,us
2000-08-28,11:32:04,70.77,36.53,214.7,4.7,mb,us
2000-08-29,02:17:47,70.24,36.33,205.0,4.2,mb,us
2000-08-29,14:51:33,94.45,24.33,33.0,3.9,mb,us
2000-08-30,03:33:31,93.68,32.39,33.0,3.8,mb,us
2000-08-30,10:06:51,70.75,35.95,115.3,4.3,mb,us
2000-08-30,17:45:10,77.8,37.09,33.0,4.5,mb,us
2000-08-31,02:08:46,78.41,32.0,36.5,4.7,mb,us
2000-08-31,08:17:26,58.06,9.21,10.0,5.0,mb,us
2000-09-01,03:48:23,94.23,22.38,65.7,3.8,mb,us
2000-09-01,05:04:49,57.33,38.36,33.0,4.5,mb,us
2000-09-01,18:42:43,103.26,37.62,33.3,4.8,mb,us
2000-09-03,08:26:36,56.19,27.96,33.0,4.4,mb,us
2000-09-05,00:32:43,73.85,17.37,10.0,5.2,mwc,hrv
2000-09-06,07:19:14,86.34,28.56,105.4,3.7,mb,us
2000-09-06,12:19:06,69.82,35.19,81.1,3.8,mb,us
2000-09-06,21:33:21,57.38,38.27,10.0,4.3,mb,us
2000-09-07,15:50:56,61.63,20.54,10.0,3.8,mb,us
2000-09-07,22:14:10,71.09,36.43,207.1,3.9,mb,us
2000-09-08,03:36:56,70.34,36.09,139.9,4.7,mb,us
2000-09-08,11:04:40,75.67,39.47,51.5,3.7,mb,us
2000-09-09,20:48:17,76.8,39.69,48.7,4.4,mb,us
2000-09-10,09:40:27,70.65,36.48,200.0,4.5,mb,us
2000-09-10,18:58:04,78.08,35.97,97.2,4.2,mb,us
2000-09-10,23:32:38,92.73,28.4,33.0,4.2,mb,us
2000-09-12,00:27:59,99.34,35.39,10.0,6.1,mwc,hrv
2000-09-12,01:19:18,99.38,35.36,10.0,5.0,ms,us
2000-09-12,01:37:56,99.31,35.36,10.0,4.2,mb,us
2000-09-12,01:55:06,99.3,35.33,10.0,5.1,ms,us
2000-09-12,02:08:49,99.33,35.45,10.0,4.7,mb,us
2000-09-12,03:23:44,99.34,35.23,10.0,4.1,mb,us
2000-09-12,03:32:33,99.53,35.45,10.0,4.3,mb,us
2000-09-12,06:43:10,99.37,35.36,10.0,4.7,mb,us
2000-09-13,03:55:11,51.74,27.76,33.0,4.7,mb,us
2000-09-13,04:17:04,51.75,27.82,33.0,4.7,mb,us
2000-09-13,06:04:23,51.86,27.77,33.0,3.8,mb,us
2000-09-13,06:31:52,51.72,27.76,33.0,4.4,mb,us
2000-09-13,07:32:46,51.9,27.87,33.0,3.9,mb,us
2000-09-13,08:54:14,99.61,35.38,10.0,4.1,mb,us
2000-09-13,09:04:23,51.75,27.7,33.0,4.7,mb,us
2000-09-13,09:59:24,51.73,27.79,33.0,4.1,mb,us
2000-09-13,12:42:43,51.76,27.7,33.0,4.1,mb,us
2000-09-13,13:09:47,51.68,27.82,33.0,5.0,mwc,hrv
2000-09-13,15:11:20,95.12,34.14,33.0,5.0,mwc,hrv
2000-09-13,17:56:00,95.12,34.08,33.0,4.1,mb,us
2000-09-14,01:10:13,51.74,27.72,33.0,3.9,mb,us
2000-09-14,04:43:03,51.75,27.86,33.0,3.9,mb,us
2000-09-14,10:11:51,51.79,27.83,33.0,4.3,mb,us
2000-09-14,10:48:15,51.67,27.85,33.0,3.7,mb,us
2000-09-14,21:36:22,51.79,27.66,33.0,3.6,mb,us
2000-09-15,04:49:59,51.81,27.74,33.0,3.8,mb,us
2000-09-15,08:21:59,72.57,37.61,183.8,4.2,mb,us
2000-09-16,21:58:39,74.02,35.67,86.2,4.5,mb,us
2000-09-17,19:46:40,91.5,26.28,33.0,4.0,mb,us
2000-09-17,20:57:46,99.55,35.62,33.0,4.1,mb,us
2000-09-18,02:12:54,77.56,39.2,33.0,3.9,mb,us
2000-09-19,08:24:05,70.47,36.46,205.9,4.7,mb,us
2000-09-19,10:21:52,99.53,35.51,10.0,4.4,mb,us
2000-09-19,15:19:13,57.48,38.3,33.0,5.2,mwc,hrv
2000-09-19,19:30:59,74.35,38.1,180.5,4.0,mb,us
2000-09-19,22:06:51,71.51,36.9,137.5,4.2,mb,us
2000-09-20,03:56:31,52.72,27.66,33.0,4.2,mb,us
2000-09-20,19:21:18,99.55,35.42,33.0,5.1,mwc,hrv
2000-09-20,19:30:18,99.56,35.34,33.0,4.7,mb,us
2000-09-22,16:14:54,100.61,31.29,33.0,4.7,mb,us
2000-09-24,15:26:46,87.8,35.15,33.0,4.6,mb,us
2000-09-26,01:13:42,71.69,36.85,122.7,4.3,mb,us
2000-09-26,07:22:44,78.13,31.0,33.0,4.5,mb,us
2000-09-26,19:39:28,75.61,33.38,33.0,4.6,mb,us
2000-09-27,04:45:09,73.46,37.84,33.0,4.2,mb,us
2000-09-27,14:06:34,70.42,36.35,200.0,4.3,mb,us
2000-09-27,16:03:00,51.21,29.6,33.0,4.1,mb,us
2000-10-01,01:20:45,69.73,36.51,33.0,4.4,mb,us
2000-10-01,06:26:50,57.26,13.71,10.0,4.6,mb,us
2000-10-01,14:48:31,77.14,39.35,33.0,3.7,mb,us
2000-10-01,18:23:00,51.6,27.83,33.0,3.5,mb,us
2000-10-02,05:42:41,72.33,37.47,210.0,4.4,mb,us
2000-10-03,03:07:28,84.92,41.99,33.0,5.2,mb,us
2000-10-06,12:05:41,97.81,24.38,33.0,5.4,mwc,hrv
2000-10-07,05:23:26,72.27,37.66,96.8,4.5,mb,us
2000-10-07,15:30:43,73.78,39.9,90.8,3.9,mb,us
2000-10-07,15:34:55,66.03,27.59,33.0,4.6,mb,us
2000-10-08,06:14:57,88.12,30.19,33.0,4.7,mb,us
2000-10-08,14:51:48,70.46,36.32,33.0,3.9,mb,us
2000-10-09,01:21:11,81.48,29.33,33.0,4.1,mb,us
2000-10-09,07:03:38,98.09,30.43,33.0,4.8,mb,us
2000-10-10,06:11:33,82.73,23.08,33.0,4.5,mb,us
2000-10-10,23:32:02,69.59,29.82,33.0,4.7,mb,us
2000-10-11,09:16:09,97.75,38.42,33.0,4.1,ml,bji
2000-10-11,09:42:09,94.86,23.87,116.5,5.6,mwc,hrv
2000-10-12,00:08:01,78.17,32.57,33.0,4.7,mb,us
2000-10-13,02:38:47,76.23,32.63,33.0,4.1,mb,us
2000-10-13,23:52:31,77.59,35.26,33.0,4.7,mb,us
2000-10-14,13:51:38,71.1,36.22,93.1,4.9,mb,us
2000-10-14,17:47:55,70.35,36.08,33.0,4.2,mb,us
2000-10-14,19:57:51,87.46,50.04,33.0,4.8,mb,us
2000-10-15,15:32:31,96.75,26.89,107.7,4.2,mb,us
2000-10-16,01:11:28,70.71,36.34,200.0,4.2,mb,us
2000-10-16,22:33:10,80.3,23.28,33.0,4.7,mb,us
2000-10-17,22:33:57,91.95,44.91,33.0,4.3,mb,us
2000-10-19,01:49:40,73.53,31.73,47.7,4.9,mb,us
2000-10-19,20:52:12,110.2,55.76,10.0,3.8,mb,us
2000-10-20,09:12:39,99.59,35.45,33.0,4.5,mb,us
2000-10-22,19:00:20,70.32,36.43,210.4,4.3,mb,us
2000-10-23,06:54:50,59.85,31.58,33.0,5.3,mwc,hrv
2000-10-23,23:03:21,83.63,45.96,18.9,3.8,mb,us
2000-10-24,04:06:39,50.78,13.38,10.0,4.3,mb,us
2000-10-24,05:39:15,50.72,13.15,10.0,4.1,mb,us
2000-10-24,20:47:48,52.08,40.51,86.7,4.0,mb,us
2000-10-25,00:30:30,50.76,13.35,10.0,4.7,mb,us
2000-10-25,13:22:18,95.89,28.78,33.0,4.4,mb,us
2000-10-26,13:56:39,71.99,37.34,150.5,4.1,mb,us
2000-10-26,15:22:35,81.88,29.21,33.0,4.8,mb,us
2000-10-27,00:08:54,94.98,54.71,33.0,5.5,mwc,hrv
2000-10-27,03:53:06,92.14,32.69,33.0,4.7,mb,us
2000-10-28,04:38:05,70.97,36.04,81.3,4.6,mb,us
2000-10-28,06:03:14,69.46,30.1,33.0,4.6,mb,us
2000-10-28,20:03:18,92.23,32.67,33.0,5.1,mb,us
2000-10-28,20:20:58,92.05,32.64,33.0,4.9,mb,us
2000-10-30,22:39:06,69.58,37.54,33.0,5.1,mwc,hrv
2000-10-30,23:17:18,92.26,32.68,33.0,4.7,mb,us
2000-10-30,23:23:10,92.24,32.74,33.0,5.2,mb,us
2000-10-30,23:44:01,92.4,32.67,33.0,4.6,mb,us
2000-10-31,01:20:29,92.2,32.75,33.0,4.9,mb,us
2000-10-31,02:45:46,92.21,32.6,33.0,4.2,mb,us
2000-10-31,05:21:03,92.2,32.7,33.0,4.9,mb,us
2000-10-31,11:27:31,69.42,37.44,33.0,4.1,mb,us
2000-10-31,13:59:33,69.5,37.45,33.0,4.8,mb,us
2000-11-01,17:28:14,71.29,36.13,33.0,4.8,mb,us
2000-11-02,03:39:35,59.87,31.65,33.0,4.9,mb,us
2000-11-02,20:00:07,75.48,38.32,151.5,4.4,mb,us
2000-11-02,23:49:37,75.66,39.81,69.0,4.0,mb,us
2000-11-03,19:14:09,75.18,39.51,69.6,4.0,mb,us
2000-11-03,22:13:21,69.51,36.15,33.0,4.5,mb,us
2000-11-04,23:17:59,78.53,35.57,55.5,4.4,mb,us
2000-11-06,13:49:19,70.85,36.57,300.0,3.7,mb,us
2000-11-07,18:44:26,56.93,28.2,33.0,4.0,mb,us
2000-11-07,19:23:22,88.53,38.31,33.0,4.2,mb,us
2000-11-08,22:46:56,90.71,33.88,33.0,4.7,mb,us
2000-11-09,05:02:01,88.53,38.18,10.0,4.5,mb,us
2000-11-09,08:37:51,92.47,22.47,14.0,4.7,mb,us
2000-11-09,13:39:30,78.18,37.69,66.0,4.6,mb,us
2000-11-09,17:31:50,91.43,25.38,37.5,4.2,mb,us
2000-11-11,15:37:28,52.86,27.52,33.0,4.5,mb,us
2000-11-11,18:16:03,57.63,28.32,33.0,4.5,mb,us
2000-11-11,21:27:46,52.69,27.52,33.0,3.8,mb,us
2000-11-13,08:56:49,92.91,21.69,33.0,5.5,mwc,hrv
2000-11-13,20:22:12,92.25,32.68,33.0,4.6,mb,us
2000-11-14,12:40:30,59.56,31.47,33.0,3.8,mb,us
2000-11-15,06:18:49,94.85,24.63,33.0,4.0,mb,us
2000-11-17,02:42:02,70.64,36.21,74.8,4.4,mb,us
2000-11-18,17:30:08,71.95,37.44,149.7,3.5,mb,us
2000-11-19,15:44:15,90.85,33.92,33.0,4.4,mb,us
2000-11-21,13:23:50,103.09,50.5,10.0,4.2,mb,us
2000-11-22,08:40:31,77.95,31.18,33.0,3.7,md,ndi
2000-11-22,19:30:03,82.52,34.53,33.0,4.3,mb,us
2000-11-23,02:44:45,70.08,36.31,200.0,4.3,mb,us
2000-11-23,19:45:43,52.75,27.62,33.0,3.9,mb,us
2000-11-24,09:18:20,57.64,28.15,82.5,4.4,mb,us
2000-11-25,00:04:15,67.11,39.15,33.0,4.4,mb,us
2000-11-25,03:25:37,56.65,10.12,10.0,4.5,mb,us
2000-11-25,06:35:38,57.62,28.19,51.7,3.8,mb,us
2000-11-26,02:01:50,90.55,35.87,33.0,5.4,mwc,hrv
2000-11-27,00:10:30,71.51,36.7,191.3,4.1,mb,us
2000-11-29,00:01:41,57.07,9.85,10.0,4.3,mb,us
2000-11-30,12:40:45,69.82,37.32,33.0,3.9,mb,us
2000-12-02,19:33:21,98.37,29.8,33.0,4.6,mb,us
2000-12-03,03:35:52,71.21,36.43,232.7,4.1,mb,us
2000-12-03,08:26:31,71.29,36.39,262.1,3.8,mb,us
2000-12-04,00:48:19,99.4,35.41,10.0,4.7,mb,us
2000-12-05,09:53:51,94.68,24.0,33.0,4.8,mb,us
2000-12-05,13:20:22,73.28,38.37,126.5,4.5,mb,us
2000-12-05,14:21:24,70.54,37.94,100.0,3.6,mb,us
2000-12-05,18:12:44,70.74,38.18,33.0,4.1,mb,us
2000-12-05,22:00:54,99.56,35.53,10.0,4.2,mb,us
2000-12-06,17:11:06,54.8,39.57,30.0,7.0,mwc,hrv
2000-12-06,17:45:25,54.56,39.74,33.0,4.4,mb,us
2000-12-06,18:12:28,54.98,39.24,33.0,4.7,mb,us
2000-12-06,18:48:53,54.85,39.4,33.0,4.4,mb,us
2000-12-06,19:00:41,54.78,39.43,33.0,4.4,mb,us
2000-12-07,04:51:57,54.75,39.35,33.0,4.0,mb,us
2000-12-07,12:13:55,71.44,36.71,186.5,4.2,mb,us
2000-12-08,13:23:07,73.51,17.04,33.0,4.2,mb,us
2000-12-08,20:01:57,81.72,44.28,33.0,3.9,mb,us
2000-12-10,05:23:39,55.8,38.77,10.0,3.8,mb,us
2000-12-10,12:16:42,69.54,37.31,33.0,3.9,mb,us
2000-12-10,12:55:21,81.37,44.22,33.0,5.2,mb,us
2000-12-10,14:41:10,71.93,37.47,132.3,4.1,mb,us
2000-12-10,16:23:57,71.44,36.5,125.0,3.9,mb,us
2000-12-10,17:20:15,54.65,39.72,13.8,4.5,mb,us
2000-12-11,04:15:26,73.01,37.0,74.8,4.0,mb,us
2000-12-11,07:36:28,99.18,25.78,33.0,4.6,mb,us
2000-12-12,06:49:26,70.2,37.29,33.0,4.7,mb,us
2000-12-12,06:52:36,70.06,37.42,33.0,4.6,mb,us
2000-12-12,07:53:44,70.08,37.28,33.0,3.9,mb,us
2000-12-13,04:44:23,86.12,47.97,40.3,4.9,mb,us
2000-12-14,08:54:23,92.84,32.26,33.0,4.1,mb,us
2000-12-14,09:00:38,94.6,23.42,75.5,3.9,mb,us
2000-12-15,00:21:15,71.25,36.68,272.2,3.7,mb,us
2000-12-15,15:23:37,69.88,36.92,38.6,4.6,mb,us
2000-12-16,08:18:24,73.49,38.98,33.0,3.7,mb,us
2000-12-18,08:48:16,71.47,36.24,33.0,4.0,mb,us
2000-12-18,11:20:24,54.07,39.59,33.0,3.9,mb,us
2000-12-18,15:55:06,73.73,39.51,73.5,4.4,mb,us
2000-12-19,00:59:50,77.54,44.38,33.0,3.6,mb,us
2000-12-19,11:52:59,69.78,37.5,33.0,4.1,mb,us
2000-12-19,13:56:38,71.57,38.61,33.0,3.6,mb,us
2000-12-20,13:22:23,71.02,36.84,84.5,5.0,mb,us
2000-12-20,15:49:52,71.19,36.53,177.2,3.6,mb,us
2000-12-21,10:39:48,55.79,26.62,33.0,4.7,mb,us
2000-12-22,17:52:08,71.63,36.26,148.5,4.2,mb,us
2000-12-22,17:54:18,94.43,23.22,121.6,3.7,mb,us
2000-12-23,19:58:50,57.97,37.29,33.0,4.3,mb,us
2000-12-24,11:21:58,69.76,23.97,10.0,4.6,mb,us
2000-12-24,12:33:54,71.5,36.68,185.0,3.0,mb,us
2000-12-24,21:09:28,71.3,39.24,33.0,3.6,mb,us
2000-12-25,10:13:55,51.57,40.33,33.0,3.9,mb,us
2000-12-25,20:33:42,55.46,27.26,33.0,4.3,mb,us
2000-12-26,05:37:35,76.89,32.54,33.0,3.9,mb,us
2000-12-26,06:41:19,56.19,28.45,33.0,4.2,mb,us
2000-12-26,10:22:13,92.77,48.6,10.0,4.5,mb,us
2000-12-26,17:43:20,104.05,37.19,33.0,4.2,mb,us
2000-12-27,05:22:37,70.54,35.98,91.0,4.2,mb,us
2000-12-27,09:11:11,69.58,38.46,33.0,3.3,mb,us
2000-12-27,16:41:04,75.27,39.15,74.5,3.9,mb,us
2000-12-27,16:44:40,71.3,36.56,223.9,4.0,mb,us
2000-12-28,05:16:16,111.4,39.16,33.0,3.6,ml,bji
2000-12-28,10:30:59,96.67,30.67,33.0,4.0,mb,us
2000-12-28,21:27:05,51.35,28.16,71.4,4.4,mb,us
2000-12-29,02:13:50,54.42,40.41,33.0,3.8,mb,us
2000-12-29,04:08:22,53.89,39.36,33.0,4.2,mb,us
2000-12-29,12:35:45,69.61,37.65,62.8,4.3,mb,us
2000-12-29,17:56:45,68.66,29.61,33.0,3.9,mb,us
2000-12-30,00:42:51,69.46,37.61,33.0,3.7,mb,us
2000-12-30,15:07:08,54.81,39.67,10.0,4.9,mb,us
2000-12-30,17:49:28,49.54,13.31,33.0,4.4,mb,us
2000-12-30,22:51:44,71.13,36.37,123.4,4.6,mb,us
2001-01-01,05:14:06,52.95,27.43,33.0,4.6,mb,us
2001-01-02,16:22:37,69.07,36.17,33.0,5.3,mwc,hrv
2001-01-03,11:05:40,52.91,39.32,33.0,4.6,mb,us
2001-01-04,04:03:04,98.45,21.17,64.4,4.4,mb,us
2001-01-07,14:21:30,89.93,49.76,33.0,4.4,mb,us
2001-01-08,09:01:57,75.68,33.52,58.6,4.2,mb,us
2001-01-09,07:20:33,71.38,36.68,200.0,3.2,mb,us
2001-01-10,23:40:02,71.23,36.52,107.3,4.0,mb,us
2001-01-14,04:20:17,71.43,36.72,193.6,4.0,mb,us
2001-01-14,09:55:46,94.78,22.23,131.7,3.6,mb,us
2001-01-14,17:22:39,108.31,53.36,10.0,4.0,mb,us
2001-01-15,16:12:52,54.65,39.34,33.0,4.4,mb,us
2001-01-15,21:14:52,75.32,39.35,73.7,3.6,mb,us
2001-01-16,10:37:42,71.64,36.93,124.4,4.2,mb,us
2001-01-17,01:49:01,80.29,44.16,10.0,4.8,mb,us
2001-01-17,09:22:03,79.72,34.21,33.0,3.6,mb,us
2001-01-18,08:41:43,66.33,38.6,33.0,5.3,mwc,hrv
2001-01-20,16:07:17,56.08,14.0,10.0,4.7,mb,us
2001-01-21,00:31:19,70.09,33.42,33.0,3.5,mb,us
2001-01-21,01:25:38,71.16,36.45,151.4,3.8,mb,us
2001-01-21,05:19:51,98.29,45.87,33.0,4.1,mb,us
2001-01-23,12:01:53,71.36,36.59,229.3,4.1,mb,us
2001-01-24,03:37:37,71.9,36.12,100.0,3.8,mb,us
2001-01-24,23:57:19,92.49,27.44,20.9,4.3,mb,us
2001-01-25,00:39:20,75.77,33.84,33.0,4.4,mb,us
2001-01-25,19:24:39,74.18,38.43,130.7,3.6,mb,us
2001-01-26,03:16:40,70.23,23.42,16.0,7.7,mwc,hrv
2001-01-26,03:33:29,69.84,23.24,10.0,5.3,mb,us
2001-01-26,03:58:59,69.97,23.26,10.0,4.9,mb,us
2001-01-26,04:23:42,69.96,23.27,10.0,5.2,mb,us
2001-01-26,04:48:14,70.35,23.25,10.0,5.1,mb,us
2001-01-26,04:52:59,70.47,23.71,10.0,4.6,mb,us
2001-01-26,05:59:07,70.39,23.36,10.0,4.8,mb,us
2001-01-26,06:04:51,70.22,23.48,10.0,4.9,mb,us
2001-01-26,06:48:50,69.6,23.7,10.0,4.4,mb,us
2001-01-26,07:32:29,69.98,23.32,10.0,5.5,ms,us
2001-01-26,07:48:55,70.61,23.35,10.0,4.7,mb,us
2001-01-26,08:03:16,70.15,23.48,10.0,4.6,mb,us
2001-01-26,08:42:25,71.17,23.22,10.0,4.7,mb,us
2001-01-26,09:08:22,70.19,23.25,10.0,4.8,mb,us
2001-01-26,12:55:06,70.69,23.56,10.0,4.3,mb,us
2001-01-26,13:30:22,70.07,23.56,10.0,4.4,mb,us
2001-01-26,15:10:58,70.18,23.24,10.0,4.8,mb,us
2001-01-26,18:19:44,70.41,23.54,10.0,4.7,mb,us
2001-01-26,19:10:55,70.08,23.86,10.0,4.2,mb,us
2001-01-27,00:22:38,69.84,37.22,10.0,4.0,mb,us
2001-01-27,03:33:36,70.59,23.34,10.0,4.1,mb,us
2001-01-27,03:50:02,70.23,23.47,10.0,4.7,mb,us
2001-01-27,04:36:08,70.0,23.66,10.0,4.8,mb,us
2001-01-27,10:51:42,77.52,36.04,113.4,4.8,mb,us
2001-01-27,11:24:21,70.45,23.27,10.0,4.6,mb,us
2001-01-28,01:02:11,70.52,23.51,10.0,5.8,mwc,hrv
2001-01-28,03:18:05,70.19,23.81,10.0,4.2,mb,us
2001-01-28,03:26:11,70.02,23.34,10.0,4.3,mb,us
2001-01-28,10:43:36,70.04,23.19,10.0,3.7,mb,us
2001-01-28,11:10:44,70.39,23.25,10.0,5.4,mwc,hrv
2001-01-28,11:55:57,94.34,23.02,80.9,3.2,mb,us
2001-01-28,17:15:23,69.91,23.18,10.0,4.7,mb,us
2001-01-28,18:03:43,70.39,23.45,10.0,4.0,mb,us
2001-01-28,19:32:00,69.84,23.8,10.0,4.0,mb,us
2001-01-28,19:42:18,70.0,23.4,10.0,4.3,mb,us
2001-01-28,23:31:08,70.01,23.51,10.0,3.7,mb,us
2001-01-29,01:39:04,69.97,23.46,10.0,4.8,mb,us
2001-01-29,09:38:44,70.46,23.5,10.0,4.8,mb,us
2001-01-29,19:14:54,70.42,23.35,10.0,4.0,mb,us
2001-01-29,19:17:53,70.0,23.38,10.0,4.2,mb,us
2001-01-29,23:54:58,70.28,23.44,10.0,4.8,mb,us
2001-01-30,03:16:42,70.1,23.34,10.0,4.1,mb,us
2001-01-30,14:50:45,76.38,32.88,33.0,3.4,mb,us
2001-01-30,18:19:56,70.27,23.28,10.0,4.7,mb,us
2001-01-31,01:56:07,70.04,23.44,10.0,4.4,mb,us
2001-01-31,03:34:57,70.4,23.38,10.0,4.4,mb,us
2001-01-31,04:41:08,70.01,23.39,10.0,4.0,mb,us
2001-01-31,07:32:33,70.26,23.52,10.0,4.4,mb,us
2001-01-31,09:42:22,70.42,23.37,10.0,4.9,mb,us
2001-01-31,23:36:11,70.07,23.2,10.0,4.4,mb,us
2001-02-01,05:56:55,70.14,36.09,113.7,4.3,mb,us
2001-02-01,10:53:12,71.67,37.47,121.8,4.4,mb,us
2001-02-01,21:06:58,70.36,23.16,10.0,4.1,mb,us
2001-02-01,22:20:48,70.2,23.2,10.0,4.2,mb,us
2001-02-01,22:29:35,70.18,23.48,10.0,4.6,mb,us
2001-02-03,03:04:33,70.44,23.66,10.0,5.3,mb,us
2001-02-03,09:19:38,70.0,23.4,10.0,3.9,mb,us
2001-02-03,10:06:37,70.09,23.2,10.0,4.5,mb,us
2001-02-03,16:08:09,87.32,43.31,10.0,3.7,mb,us
2001-02-03,20:10:19,104.57,44.43,10.0,4.4,mb,us
2001-02-04,02:07:56,89.91,41.76,33.0,3.8,mb,us
2001-02-04,04:47:24,70.13,23.52,10.0,4.5,mb,us
2001-02-04,04:50:34,70.09,23.25,10.0,4.1,mb,us
2001-02-04,10:14:08,75.81,33.2,18.2,4.7,mb,us
2001-02-04,15:34:06,70.11,23.46,10.0,4.4,mb,us
2001-02-04,15:38:17,70.98,36.3,96.4,3.9,mb,us
2001-02-04,17:23:14,70.31,23.35,10.0,4.4,mb,us
2001-02-05,02:59:36,70.05,23.52,10.0,4.7,mb,us
2001-02-07,05:04:38,86.79,38.22,33.0,4.8,mb,us
2001-02-08,03:25:54,70.29,23.36,10.0,4.4,mb,us
2001-02-08,09:33:09,70.46,23.34,10.0,4.3,mb,us
2001-02-08,16:08:20,70.05,38.03,75.5,4.2,mb,us
2001-02-08,16:54:41,70.42,23.65,10.0,5.1,ms,us
2001-02-09,03:00:57,73.8,34.58,45.4,3.7,mb,us
2001-02-09,07:23:27,69.37,38.7,60.9,4.6,mb,us
2001-02-09,10:07:39,70.02,23.64,10.0,4.7,mb,us
2001-02-09,10:34:49,70.96,38.96,62.7,4.4,mb,us
2001-02-09,12:37:02,70.37,23.36,10.0,4.8,mb,us
2001-02-09,13:11:59,85.92,34.99,33.0,3.6,mb,us
2001-02-09,13:24:52,79.63,34.05,33.0,4.2,mb,us
2001-02-09,18:05:51,71.5,36.23,113.9,4.3,mb,us
2001-02-09,18:18:33,71.36,36.68,201.6,3.6,mb,us
2001-02-10,01:27:52,73.0,39.05,33.0,3.5,mb,us
2001-02-10,03:47:06,71.61,36.96,121.8,4.5,mb,us
2001-02-10,05:37:32,70.43,23.57,10.0,3.8,mb,us
2001-02-10,06:33:45,71.16,36.73,185.3,3.3,mb,us
2001-02-10,17:58:28,88.12,35.05,33.0,3.5,mb,us
2001-02-11,01:20:54,92.14,24.74,38.7,4.2,mb,us
2001-02-11,02:33:18,70.51,23.22,10.0,4.6,mb,us
2001-02-11,10:48:32,70.18,23.27,10.0,3.9,mb,us
2001-02-11,15:29:39,70.31,23.27,10.0,4.5,mb,us
2001-02-11,20:34:14,54.23,39.73,33.0,3.7,mb,us
2001-02-11,23:39:41,70.3,23.34,10.0,3.8,mb,us
2001-02-12,10:21:26,70.82,36.45,217.6,4.6,mb,us
2001-02-13,03:42:40,56.34,28.32,33.0,4.6,mb,us
2001-02-13,09:11:59,71.04,36.57,233.0,4.2,mb,us
2001-02-14,07:27:33,101.12,29.54,33.0,5.0,mb,us
2001-02-15,05:38:31,70.29,23.25,10.0,4.8,mb,us
2001-02-15,07:22:48,70.23,23.23,10.0,4.0,mb,us
2001-02-15,10:04:36,70.29,23.27,10.0,4.7,mb,us
2001-02-15,21:17:43,69.92,35.99,144.2,4.0,mb,us
2001-02-17,08:27:25,70.45,23.36,10.0,4.8,mb,us
2001-02-17,14:26:15,71.25,36.43,120.6,3.6,mb,us
2001-02-18,07:43:14,71.07,36.56,216.4,3.4,mb,us
2001-02-18,16:46:20,69.7,24.07,10.0,4.5,mb,us
2001-02-18,19:36:49,71.08,36.7,217.5,3.8,mb,us
2001-02-19,02:11:09,70.11,23.52,10.0,4.6,mb,us
2001-02-19,08:24:20,70.07,23.57,10.0,5.4,mwc,hrv
2001-02-19,09:21:59,70.1,23.52,10.0,4.2,mb,us
2001-02-19,15:05:58,70.58,23.47,10.0,4.1,mb,us
2001-02-19,15:51:36,102.72,21.4,10.0,4.9,ms,us
2001-02-19,19:02:52,102.88,21.29,10.0,4.0,mb,us
2001-02-19,20:31:25,70.87,36.36,234.4,3.8,mb,us
2001-02-20,08:42:10,78.24,30.98,33.0,3.8,mb,us
2001-02-20,17:33:36,75.89,33.29,57.4,4.6,mb,us
2001-02-21,10:48:06,85.11,32.55,33.0,4.6,mb,us
2001-02-21,11:28:56,99.52,35.51,33.0,3.7,mb,us
2001-02-21,12:15:17,74.94,42.79,10.0,3.9,mb,us
2001-02-22,00:20:18,70.84,36.39,203.9,3.8,mb,us
2001-02-22,02:13:00,70.29,23.33,10.0,4.7,mb,us
2001-02-22,03:19:58,51.94,29.37,33.0,4.9,mb,us
2001-02-22,07:54:40,67.28,31.88,33.0,4.5,mb,us
2001-02-23,00:09:24,101.13,29.51,33.0,5.6,mwc,hrv
2001-02-23,02:11:56,101.15,29.43,33.0,4.7,mb,us
2001-02-23,22:54:33,78.07,31.0,21.2,4.5,mb,us
2001-02-24,18:55:21,81.18,42.02,33.0,4.0,mb,us
2001-02-24,20:05:26,87.66,35.38,10.0,4.8,mb,us
2001-02-25,02:22:00,70.88,36.42,202.5,6.2,mwb,us
2001-02-25,02:54:03,70.97,36.48,193.2,4.4,mb,us
2001-02-25,15:56:15,101.06,25.67,10.0,3.8,mb,us
2001-02-25,18:41:50,72.59,38.46,33.0,3.7,mb,us
2001-02-25,18:45:14,72.82,38.42,33.0,4.4,mb,us
2001-02-26,08:42:47,54.56,39.74,33.0,4.3,mb,us
2001-02-26,14:43:37,71.08,36.51,240.4,4.5,mb,us
2001-02-27,01:46:05,90.62,26.49,20.2,4.9,mb,us
2001-02-27,15:14:59,80.97,35.79,33.0,4.3,mb,us
2001-02-28,02:41:48,76.04,28.63,33.0,3.8,mb,us
2001-02-28,08:27:05,84.96,48.04,33.0,3.8,mb,us
2001-02-28,14:33:39,70.28,23.28,27.6,4.3,mb,us
2001-02-28,21:50:47,71.5,36.51,99.5,4.5,mb,us
2001-03-01,00:53:16,70.28,23.24,10.0,4.5,mb,us
2001-03-01,01:15:07,73.88,39.75,18.7,4.6,mb,us
2001-03-01,03:12:18,94.09,46.06,33.0,5.1,mwc,hrv
2001-03-01,15:51:17,70.46,23.28,10.0,4.3,mb,us
2001-03-02,19:56:13,54.96,39.09,33.0,4.1,mb,us
2001-03-02,21:56:48,70.23,23.39,10.0,4.4,mb,us
2001-03-03,22:55:59,93.7,23.9,55.3,5.2,mwc,hrv
2001-03-04,07:54:23,70.48,23.02,10.0,4.8,mb,us
2001-03-04,11:45:59,53.35,35.07,33.0,3.2,mb,us
2001-03-04,16:12:05,50.38,13.24,33.0,4.3,mb,us
2001-03-04,20:18:51,102.93,21.36,10.0,4.5,mb,us
2001-03-05,15:50:07,86.9,34.37,33.0,5.9,mwc,hrv
2001-03-05,16:14:13,86.59,34.15,33.0,3.7,mb,us
2001-03-06,02:02:52,70.61,36.06,122.6,4.3,mb,us
2001-03-06,04:24:37,71.59,36.4,133.8,4.4,mb,us
2001-03-06,11:41:26,100.77,27.87,33.0,3.9,mb,us
2001-03-06,21:12:17,93.4,44.72,33.0,4.1,ml,bji
2001-03-07,11:51:27,102.74,27.81,33.0,4.5,mb,us
2001-03-08,02:56:18,70.17,23.48,10.0,4.4,mb,us
2001-03-08,03:04:24,70.66,36.07,119.1,4.3,mb,us
2001-03-08,14:53:20,99.54,35.39,33.0,4.3,mb,us
2001-03-08,20:50:33,70.86,36.48,181.9,4.7,mb,us
2001-03-09,01:07:09,69.44,32.4,33.0,5.3,mwc,hrv
2001-03-09,01:16:54,57.52,37.04,10.0,3.7,mb,us
2001-03-09,08:58:46,87.3,35.2,33.0,4.3,mb,us
2001-03-09,12:40:54,70.07,23.62,10.0,4.2,mb,us
2001-03-10,00:20:17,91.83,27.88,33.0,4.7,mb,us
2001-03-10,13:03:26,73.79,38.1,114.5,4.3,mb,us
2001-03-11,12:38:29,69.85,23.6,10.0,4.0,mb,us
2001-03-11,18:04:10,75.59,39.75,33.0,4.6,mb,us
2001-03-11,19:10:31,71.4,36.23,100.0,3.1,mb,us
2001-03-11,20:20:01,70.91,36.47,202.8,3.9,mb,us
2001-03-12,08:57:53,99.95,22.28,33.0,4.5,mb,us
2001-03-12,11:34:18,79.02,30.41,33.0,4.5,mb,us
2001-03-13,03:18:38,86.12,42.39,24.8,4.7,mb,us
2001-03-13,11:42:42,101.46,25.11,33.0,3.7,mb,us
2001-03-13,12:05:44,70.13,23.5,10.0,3.7,mb,us
2001-03-14,10:42:08,70.33,23.38,28.8,4.5,mb,us
2001-03-14,21:56:24,78.96,35.53,33.0,3.6,mb,us
2001-03-14,23:49:05,69.85,22.59,10.0,4.0,mb,us
2001-03-15,05:32:59,71.11,36.4,33.0,3.9,mb,us
2001-03-16,04:38:19,94.88,30.34,33.0,4.9,mb,us
2001-03-17,13:50:54,98.95,36.73,33.0,3.8,ml,bji
2001-03-17,18:35:41,72.74,40.01,33.0,3.6,mb,us
2001-03-17,19:37:46,72.08,37.61,159.1,3.8,mb,us
2001-03-19,00:35:53,71.09,36.43,215.2,4.2,mb,us
2001-03-19,20:06:48,70.1,23.39,10.0,4.9,ms,us
2001-03-21,01:29:53,91.42,49.96,33.0,3.7,mb,us
2001-03-21,04:57:56,71.12,36.24,96.3,4.0,mb,us
2001-03-22,04:04:03,70.47,35.83,33.0,3.6,mb,us
2001-03-22,19:12:16,71.06,36.23,108.3,4.7,mb,us
2001-03-22,23:17:33,53.53,14.75,10.0,3.9,mb,us
2001-03-23,19:28:57,68.22,38.56,33.0,4.9,mb,us
2001-03-23,20:31:14,53.81,27.08,33.0,4.6,mb,us
2001-03-23,22:16:08,89.16,32.47,63.0,4.1,mb,us
2001-03-23,23:23:03,84.64,43.05,33.0,4.9,mb,us
2001-03-24,14:39:12,76.13,33.44,33.0,3.4,mb,us
2001-03-25,03:11:30,73.1,39.36,26.7,3.6,mb,us
2001-03-25,06:34:41,101.1,25.49,33.0,3.7,mb,us
2001-03-25,07:14:10,53.47,14.38,10.0,5.1,mb,us
2001-03-25,07:56:09,85.56,31.45,33.0,3.9,mb,us
2001-03-25,07:58:05,71.89,36.8,150.0,3.7,mb,us
2001-03-25,08:05:34,53.43,14.3,10.0,5.1,mwc,hrv
2001-03-25,08:24:27,53.41,14.43,10.0,4.8,mb,us
2001-03-25,17:06:22,53.51,14.45,10.0,4.8,mb,us
2001-03-26,13:00:35,85.53,31.38,33.0,4.3,mb,us
2001-03-27,04:25:23,71.69,37.27,113.1,4.1,mb,us
2001-03-28,05:20:43,89.24,32.27,33.0,4.2,mb,us
2001-03-28,12:33:56,71.31,36.25,108.5,4.5,mb,us
2001-03-28,16:34:23,51.22,29.84,33.0,5.3,mwc,hrv
2001-03-29,12:49:11,83.19,41.62,33.0,4.5,mb,us
2001-03-29,14:20:06,52.28,28.9,33.0,3.8,mb,us
2001-03-29,16:19:04,66.76,29.79,33.0,4.2,mb,us
2001-03-29,21:55:09,70.81,36.39,164.4,3.5,mb,us
2001-03-29,22:16:16,70.51,36.52,232.2,4.3,mb,us
2001-03-29,22:35:41,84.59,85.78,10.0,4.8,mb,us
2001-03-30,06:08:14,94.99,22.08,151.5,3.6,mb,us
2001-03-30,16:07:28,101.46,37.46,16.4,4.1,mb,us
2001-03-31,04:45:15,99.62,35.69,33.0,3.8,mb,us
2001-04-01,08:36:48,74.44,36.39,33.0,4.2,mb,us
2001-04-01,08:56:51,70.5,23.47,17.9,4.6,mb,us
2001-04-01,09:11:42,69.17,36.13,33.0,4.2,mb,us
2001-04-02,04:23:31,70.3,36.38,190.1,3.1,mb,us
2001-04-02,18:29:43,70.91,36.43,184.4,3.7,mb,us
2001-04-02,19:09:19,70.52,33.83,33.0,3.9,mb,us
2001-04-02,20:09:17,70.91,36.51,33.0,3.8,mb,us
2001-04-02,20:45:51,103.16,22.12,33.0,4.4,mb,us
2001-04-03,12:02:31,68.47,38.59,33.0,3.7,mb,us
2001-04-03,23:08:36,86.13,27.8,33.0,4.6,mb,us
2001-04-04,11:13:26,66.23,36.55,14.9,5.0,mb,us
2001-04-04,14:08:59,68.22,36.93,33.0,4.0,mb,us
2001-04-04,23:07:02,67.87,37.0,33.0,3.7,mb,us
2001-04-05,11:03:54,95.1,24.85,120.4,3.8,mb,us
2001-04-05,15:41:21,80.77,85.26,10.0,4.1,mb,us
2001-04-05,18:12:14,102.1,25.86,33.0,4.5,mb,us
2001-04-06,03:32:08,92.69,26.38,42.7,4.4,mb,us
2001-04-06,17:53:12,66.6,29.46,33.0,4.0,mb,us
2001-04-07,10:19:24,102.45,25.69,33.0,3.9,mb,us
2001-04-07,11:57:10,94.38,31.78,33.0,4.0,mb,us
2001-04-08,01:51:39,102.48,25.68,33.0,3.6,mb,us
2001-04-08,18:34:37,70.25,36.37,200.0,4.0,mb,us
2001-04-08,18:35:49,88.09,27.34,33.0,3.8,mb,us
2001-04-08,23:05:10,70.26,36.98,33.0,4.8,mb,us
2001-04-09,01:13:04,70.2,36.91,33.0,4.3,mb,us
2001-04-09,08:27:29,71.61,36.65,233.6,4.5,mb,us
2001-04-09,15:19:50,71.11,36.55,218.1,4.1,mb,us
2001-04-10,00:13:26,73.27,41.44,33.0,3.8,mb,us
2001-04-10,03:13:11,98.81,24.82,33.0,4.6,mb,us
2001-04-10,22:08:16,95.04,24.63,113.4,5.3,mwc,hrv
2001-04-11,09:23:40,80.42,34.8,33.0,4.5,mb,us
2001-04-12,00:40:33,68.75,29.52,33.0,4.4,mb,us
2001-04-12,10:47:00,99.06,24.77,10.0,5.6,mwc,hrv
2001-04-12,17:24:28,70.75,23.77,10.0,4.1,mb,us
2001-04-12,22:08:52,88.11,29.94,33.0,4.6,mb,us
2001-04-12,23:08:52,54.92,28.22,33.0,4.4,mb,us
2001-04-13,01:04:27,54.87,28.28,33.0,5.1,mwc,hrv
2001-04-13,02:08:39,54.83,28.27,33.0,4.4,mb,us
2001-04-13,03:26:51,54.96,28.27,33.0,4.1,mb,us
2001-04-13,03:58:13,54.64,28.25,33.0,3.9,mb,us
2001-04-13,04:57:16,54.86,28.23,33.0,4.6,mb,us
2001-04-13,06:01:50,54.7,28.18,33.0,3.8,mb,us
2001-04-13,06:13:14,55.35,28.0,33.0,4.2,mb,us
2001-04-13,11:30:40,60.94,27.58,33.0,4.5,mb,us
2001-04-13,15:18:44,94.16,17.84,33.0,4.5,mb,us
2001-04-13,23:56:48,54.77,28.26,33.0,3.5,mb,us
2001-04-14,00:59:25,98.94,24.77,10.0,4.3,mb,us
2001-04-14,03:23:55,60.38,33.09,33.0,4.2,mb,us
2001-04-14,05:59:44,91.89,22.85,33.0,4.1,mb,us
2001-04-14,07:05:59,68.57,37.09,33.0,4.1,mb,us
2001-04-14,21:39:55,54.9,28.29,33.0,4.3,mb,us
2001-04-15,02:12:00,99.42,23.99,33.0,4.4,mb,us
2001-04-15,08:36:34,81.32,29.25,33.0,4.3,mb,us
2001-04-15,13:37:16,69.9,35.58,95.0,4.8,mb,us
2001-04-16,00:31:27,89.15,22.58,10.0,4.3,mb,us
2001-04-16,08:58:19,70.97,36.48,195.3,4.4,mb,us
2001-04-16,14:25:59,70.1,23.46,10.0,4.1,mb,us
2001-04-16,19:18:00,72.92,37.63,100.0,3.2,mb,us
2001-04-17,05:08:20,66.77,36.9,33.0,5.1,mb,us
2001-04-17,06:10:50,68.52,37.12,33.0,4.0,mb,us
2001-04-17,11:17:20,70.7,36.63,282.2,4.7,mb,us
2001-04-17,11:29:53,70.52,23.04,10.0,4.2,mb,us
2001-04-18,01:35:36,54.82,28.13,33.0,4.4,mb,us
2001-04-18,10:20:44,95.3,18.69,97.5,4.2,mb,us
2001-04-18,19:29:00,71.37,36.22,117.8,4.6,mb,us
2001-04-18,20:47:43,91.6,24.03,10.0,3.9,mb,us
2001-04-19,00:38:54,98.89,24.72,33.0,4.8,mb,us
2001-04-19,04:55:50,102.48,31.64,33.0,4.3,mb,us
2001-04-19,15:58:51,82.75,41.91,37.8,4.1,mb,us
2001-04-19,22:07:30,71.3,36.22,142.3,3.8,mb,us
2001-04-19,23:23:37,102.48,52.16,10.0,3.9,mb,us
2001-04-19,23:32:40,72.64,37.61,179.3,3.7,mb,us
2001-04-20,08:08:18,53.92,27.71,65.2,3.9,mb,us
2001-04-20,09:12:39,74.69,39.51,46.8,3.3,mb,us
2001-04-20,10:11:26,72.0,37.13,152.9,4.3,mb,us
2001-04-20,18:35:03,90.6,25.88,33.0,4.5,mb,us
2001-04-21,07:01:37,56.29,32.11,33.0,4.0,mb,us
2001-04-21,07:21:16,76.35,36.26,134.3,3.6,mb,us
2001-04-21,12:27:19,57.54,13.0,10.0,4.4,mb,us
2001-04-21,21:37:19,54.41,28.41,33.0,3.7,mb,us
2001-04-22,04:14:43,51.27,29.28,33.0,3.8,mb,us
2001-04-22,20:30:24,71.52,36.66,200.0,3.8,mb,us
2001-04-23,16:35:36,50.47,13.27,10.0,5.3,mwc,hrv
2001-04-23,21:10:11,70.36,37.46,33.0,4.4,mb,us
2001-04-24,06:05:45,70.16,23.38,10.0,4.1,mb,us
2001-04-24,20:13:10,51.96,29.46,33.0,4.6,mb,us
2001-04-25,15:17:11,72.09,39.52,33.0,4.2,mb,us
2001-04-25,18:28:53,76.8,32.71,33.0,3.9,mb,us
2001-04-26,09:00:23,70.55,23.52,10.0,4.2,mb,us
2001-04-26,21:01:32,94.78,24.75,23.4,4.8,mb,us
2001-04-26,23:46:25,73.03,37.87,160.4,3.9,mb,us
2001-04-27,06:40:04,100.69,31.05,84.0,4.2,mb,us
2001-04-27,12:28:34,91.49,26.09,33.0,4.1,mb,us
2001-04-27,12:29:27,70.47,38.98,63.5,3.8,mb,us
2001-04-27,15:15:08,70.22,37.34,59.9,4.3,mb,us
2001-04-27,15:22:09,70.01,37.71,66.7,3.7,mb,us
2001-04-28,01:01:12,99.0,24.75,33.0,3.5,ml,bji
2001-04-28,03:06:26,76.84,28.59,10.0,3.7,mb,us
2001-04-28,10:37:57,87.16,28.87,33.0,5.2,mb,us
2001-04-28,11:14:09,85.74,42.55,33.0,3.6,mb,us
2001-04-28,14:06:40,68.87,37.6,58.5,3.7,mb,us
2001-04-29,05:07:01,70.84,38.78,33.0,3.6,mb,us
2001-04-29,10:39:05,87.22,28.91,33.0,4.7,mb,us
2001-04-29,13:53:33,71.75,36.83,167.7,3.6,mb,us
2001-04-30,00:33:06,71.33,36.66,197.1,3.5,mb,us
2001-04-30,21:17:24,92.64,45.54,33.0,4.1,mb,us
2001-04-30,22:49:34,102.27,23.04,33.0,4.5,mb,us
2001-05-02,18:43:02,69.87,37.58,33.0,3.7,mb,us
2001-05-02,20:23:29,87.59,50.23,33.0,3.6,mb,us
2001-05-02,23:19:07,73.01,38.7,33.0,3.6,mb,us
2001-05-03,15:26:36,61.23,10.12,10.0,4.8,mb,us
2001-05-03,16:03:00,90.47,27.63,33.0,4.1,mb,us
2001-05-04,06:26:42,74.21,34.44,33.0,4.3,mb,us
2001-05-04,20:53:14,68.58,30.02,33.0,4.1,mb,us
2001-05-05,16:18:38,77.68,35.2,38.2,4.3,mb,us
2001-05-05,22:12:20,69.6,33.46,33.0,4.3,mb,us
2001-05-06,07:42:32,70.09,23.41,10.0,4.7,mb,us
2001-05-06,11:26:47,72.53,39.36,65.1,3.9,mb,us
2001-05-06,17:39:28,51.39,29.2,33.0,4.5,mb,us
2001-05-06,22:52:12,72.32,37.34,206.6,4.4,mb,us
2001-05-06,22:58:51,70.05,23.46,10.0,4.7,mb,us
2001-05-07,16:44:05,70.22,23.12,10.0,3.7,mb,us
2001-05-07,22:08:35,71.15,36.52,200.4,4.0,mb,us
2001-05-08,00:34:11,81.76,44.56,33.0,4.4,mb,us
2001-05-08,06:09:42,69.74,36.24,187.8,4.2,mb,us
2001-05-08,21:13:13,87.9,35.33,33.0,3.9,mb,us
2001-05-08,23:54:14,69.97,35.93,33.0,4.1,mb,us
2001-05-09,03:03:48,86.22,35.1,33.0,4.0,mb,us
2001-05-09,23:48:15,58.21,27.92,33.0,4.2,mb,us
2001-05-11,09:45:58,56.22,37.18,33.0,4.5,mb,us
2001-05-11,10:24:57,69.57,36.24,33.0,3.9,mb,us
2001-05-11,15:00:13,71.07,36.49,223.2,4.1,mb,us
2001-05-11,22:52:47,71.63,36.21,93.3,3.9,mb,us
2001-05-13,04:05:40,70.21,23.38,10.0,4.4,mb,us
2001-05-13,04:33:55,71.3,36.37,150.0,3.6,mb,us
2001-05-13,15:55:44,94.98,23.71,131.5,4.0,mb,us
2001-05-14,01:16:47,71.73,39.34,33.0,4.5,mb,us
2001-05-14,04:35:54,94.57,19.8,70.1,4.0,mb,us
2001-05-15,20:15:23,72.48,39.39,33.0,4.4,mb,us
2001-05-16,07:24:29,52.56,36.34,25.6,4.0,mb,us
2001-05-16,11:00:17,69.74,30.13,17.5,5.1,mwc,hrv
2001-05-16,13:10:43,69.84,30.18,14.2,4.9,mb,us
2001-05-16,16:17:45,94.18,23.19,33.0,4.7,mb,us
2001-05-18,19:26:16,92.94,26.46,33.0,4.0,mb,us
2001-05-18,20:41:55,53.79,26.74,33.0,4.0,mb,us
2001-05-19,11:57:35,68.2,36.85,33.0,3.9,mb,us
2001-05-20,13:27:08,59.76,36.62,33.0,4.3,mb,us
2001-05-21,01:24:01,70.11,36.48,220.3,4.3,mb,us
2001-05-21,15:35:13,106.51,36.82,33.0,4.3,mb,us
2001-05-21,22:16:38,71.58,36.98,104.3,4.3,mb,us
2001-05-22,09:15:18,71.42,36.62,188.6,5.3,mwc,hrv
2001-05-22,15:02:37,76.59,42.16,33.0,4.3,mb,us
2001-05-23,14:31:13,51.23,29.99,33.0,4.7,mb,us
2001-05-23,21:10:44,101.0,27.69,33.0,5.5,mwc,hrv
2001-05-23,21:20:54,100.88,27.7,33.0,4.2,mb,us
2001-05-24,00:21:15,67.73,30.34,33.0,4.7,mb,us
2001-05-24,02:23:40,103.1,24.98,10.0,4.5,mb,us
2001-05-24,15:04:02,71.34,36.25,127.4,3.2,mb,us
2001-05-24,16:07:44,69.88,35.94,137.0,3.6,mb,us
2001-05-24,21:56:29,53.39,26.72,33.0,4.5,mb,us
2001-05-24,23:56:23,77.2,39.95,38.7,4.3,mb,us
2001-05-25,11:25:30,72.08,37.44,138.0,4.0,mb,us
2001-05-25,16:24:38,74.11,38.12,185.8,4.0,mb,us
2001-05-26,06:51:16,70.67,36.48,170.4,4.0,mb,us
2001-05-26,11:58:13,74.14,38.1,182.3,4.5,mb,us
2001-05-26,14:15:24,71.77,38.71,33.0,4.2,mb,us
2001-05-26,14:51:46,95.13,25.41,84.5,4.7,mb,us
2001-05-26,23:14:38,63.73,31.74,33.0,4.6,mb,us
2001-05-27,11:26:14,55.93,14.59,10.0,4.2,mb,us
2001-05-28,15:30:10,102.06,51.67,10.0,3.4,mb,us
2001-05-28,21:09:46,85.72,29.72,33.0,3.5,mb,us
2001-05-29,22:53:06,73.56,38.53,119.7,4.5,mb,us
2001-05-31,20:23:43,57.49,10.03,10.0,4.8,mb,us
2001-06-01,06:23:34,92.34,32.87,44.6,4.3,mb,us
2001-06-01,14:00:44,69.39,35.17,62.1,5.0,mwc,hrv
2001-06-02,15:57:43,54.75,38.76,33.0,4.6,mb,us
2001-06-03,19:47:50,69.57,37.08,33.0,3.7,mb,us
2001-06-04,11:56:29,98.62,31.19,33.0,4.4,mb,us
2001-06-04,14:48:45,69.74,36.9,33.0,4.3,mb,us
2001-06-04,21:02:16,102.54,21.89,10.0,3.9,mb,us
2001-06-05,07:20:37,72.68,39.44,33.0,4.1,mb,us
2001-06-05,14:56:46,108.32,40.66,33.0,4.4,mb,us
2001-06-07,04:49:00,70.88,36.55,192.9,4.4,mb,us
2001-06-07,18:03:32,99.04,24.78,33.0,4.6,mb,us
2001-06-08,23:08:32,75.19,38.56,43.4,3.8,mb,us
2001-06-09,04:45:33,52.19,29.45,33.0,4.6,mb,us
2001-06-10,01:52:08,53.89,39.87,34.1,5.4,mwc,hrv
2001-06-11,07:54:28,71.86,39.19,73.3,3.5,mb,us
2001-06-12,12:41:02,83.95,22.22,33.0,4.8,mb,us
2001-06-12,13:14:49,82.22,32.84,33.0,4.1,mb,us
2001-06-12,23:26:04,88.01,32.72,33.0,4.3,mb,us
2001-06-13,07:55:33,94.92,23.47,51.6,4.6,mb,us
2001-06-13,11:07:03,85.75,31.44,54.3,4.1,mb,us
2001-06-13,11:09:52,85.76,31.38,72.4,4.5,mb,us
2001-06-14,01:00:54,98.66,25.84,108.1,4.7,mb,us
2001-06-14,16:51:55,80.22,34.88,45.0,3.6,mb,us
2001-06-15,06:47:38,70.14,37.48,33.0,4.7,mb,us
2001-06-15,16:19:08,51.68,13.9,10.0,6.0,mwc,hrv
2001-06-16,04:03:10,97.46,32.41,33.0,3.6,mb,us
2001-06-16,07:44:09,70.94,36.6,89.8,4.6,mb,us
2001-06-17,01:49:45,78.31,32.48,57.7,4.6,mb,us
2001-06-17,16:02:27,70.09,23.61,10.0,4.2,mb,us
2001-06-17,19:06:37,70.39,35.94,85.0,4.6,mb,us
2001-06-17,23:37:19,71.67,36.94,121.2,4.1,mb,us
2001-06-18,05:46:54,55.65,28.2,33.0,4.4,mb,us
2001-06-18,14:05:11,71.18,36.86,97.3,4.1,mb,us
2001-06-19,02:41:44,72.99,39.75,61.3,4.7,mb,us
2001-06-19,04:35:44,70.13,36.29,33.0,3.7,mb,us
2001-06-19,14:11:47,69.69,38.04,33.0,4.1,mb,us
2001-06-20,04:37:36,71.42,36.71,197.8,3.9,mb,us
2001-06-20,07:07:05,73.85,39.59,68.8,4.1,mb,us
2001-06-20,09:06:08,71.11,36.62,228.8,3.4,mb,us
2001-06-20,09:41:12,73.79,34.9,33.0,4.8,mb,us
2001-06-20,12:27:57,99.82,35.52,33.0,4.7,mb,us
2001-06-20,14:44:24,92.63,26.36,60.5,4.3,mb,us
2001-06-20,16:43:05,102.22,37.53,33.0,4.4,mb,us
2001-06-20,20:02:16,70.98,36.58,218.2,4.3,mb,us
2001-06-21,14:19:20,69.55,22.93,10.0,4.4,mb,us
2001-06-21,20:04:17,70.9,36.02,113.4,3.9,mb,us
2001-06-22,10:57:07,80.93,35.98,33.0,4.4,mb,us
2001-06-22,22:08:14,82.16,32.81,33.0,3.9,mb,us
2001-06-23,02:48:36,105.59,29.39,41.5,4.8,mb,us
2001-06-23,07:49:50,71.22,36.78,33.0,3.7,mb,us
2001-06-24,04:05:58,70.73,38.9,150.0,3.5,mb,us
2001-06-24,08:35:43,101.0,27.76,31.8,4.4,mb,us
2001-06-24,17:40:57,70.6,36.76,186.8,3.6,mb,us
2001-06-25,22:04:11,71.99,37.24,164.1,4.1,mb,us
2001-06-27,03:51:19,71.18,36.76,200.0,3.2,mb,us
2001-06-27,22:48:31,113.75,40.27,33.0,4.2,ml,bji
2001-06-29,12:14:00,93.68,23.26,52.4,4.7,mb,us
2001-06-30,00:21:09,95.44,24.84,160.6,4.6,mb,us
2001-06-30,00:22:44,55.59,26.78,33.0,4.4,mb,us
2001-06-30,11:48:35,69.77,30.98,35.2,5.2,mwc,hrv
2001-06-30,20:19:48,70.06,23.36,10.0,4.5,mb,us
2001-07-01,00:13:38,71.36,36.78,120.6,3.9,mb,us
2001-07-01,16:11:31,51.72,40.46,52.8,4.7,mb,us
2001-07-02,15:24:51,86.54,30.55,33.0,4.5,mb,us
2001-07-02,17:07:23,98.28,43.92,33.0,4.0,mb,us
2001-07-02,22:52:27,73.11,38.31,124.3,4.5,mb,us
2001-07-03,11:41:09,71.96,39.3,74.7,4.2,mb,us
2001-07-04,02:15:14,70.13,23.28,10.0,4.1,mb,us
2001-07-04,05:36:26,71.82,37.25,143.4,4.1,mb,us
2001-07-04,07:28:01,87.37,44.13,33.0,4.2,mb,us
2001-07-05,07:10:50,110.47,55.88,10.0,3.8,mb,us
2001-07-05,11:53:25,72.32,41.39,58.9,4.4,mb,us
2001-07-06,15:14:01,80.77,41.75,46.3,4.1,mb,us
2001-07-06,15:53:35,71.05,36.61,223.2,4.3,mb,us
2001-07-07,01:51:18,94.91,49.35,33.0,4.1,mb,us
2001-07-07,14:45:07,102.31,37.77,33.0,4.2,mb,us
2001-07-07,21:25:29,71.5,36.72,185.2,4.2,mb,us
2001-07-08,02:00:44,84.61,43.12,33.0,3.7,mb,us
2001-07-08,07:48:38,71.43,36.67,184.1,4.2,mb,us
2001-07-08,09:59:08,69.94,37.16,33.0,3.9,mb,us
2001-07-09,23:51:34,101.42,24.88,33.0,5.2,mwc,hrv
2001-07-10,21:41:10,97.99,39.02,33.0,5.0,mb,us
2001-07-11,16:00:33,114.46,56.12,10.0,3.7,mb,us
2001-07-11,17:49:21,78.26,41.03,55.2,3.9,mb,us
2001-07-11,22:37:31,70.42,23.51,10.0,3.7,mb,us
2001-07-11,23:52:41,71.9,37.11,204.2,4.0,mb,us
2001-07-12,02:50:18,71.39,36.96,115.2,4.0,mb,us
2001-07-14,00:07:16,73.11,31.28,58.5,4.4,mb,us
2001-07-14,17:58:47,102.79,24.56,33.0,4.1,ml,bji
2001-07-14,18:36:08,102.66,24.46,33.0,4.6,mb,us
2001-07-14,21:07:43,55.63,14.69,10.0,4.5,mb,us
2001-07-14,21:42:21,55.64,14.7,10.0,5.2,mwc,hrv
2001-07-14,21:47:42,55.56,14.71,10.0,4.7,mb,us
2001-07-15,00:04:27,70.37,23.7,10.0,4.2,mb,us
2001-07-15,02:52:32,55.57,14.56,10.0,4.8,mb,us
2001-07-15,05:02:13,70.52,36.42,33.0,4.0,mb,us
2001-07-15,06:31:24,68.15,29.86,15.7,4.4,mb,us
2001-07-15,17:37:16,71.14,36.61,231.9,3.8,mb,us
2001-07-15,19:28:29,101.07,27.7,33.0,3.7,mb,us
2001-07-16,14:33:05,77.89,43.48,33.0,3.8,mb,us
2001-07-16,16:07:18,73.12,33.01,50.5,5.1,mwc,hrv
2001-07-16,16:12:47,85.18,27.96,33.0,5.0,mb,us
2001-07-16,19:57:23,70.12,36.33,150.4,4.3,mb,us
2001-07-16,23:01:41,84.0,28.13,33.0,4.1,mb,us
2001-07-17,00:21:04,76.74,40.0,63.9,4.4,mb,us
2001-07-17,02:45:02,92.69,20.73,33.0,3.8,mb,us
2001-07-17,02:56:17,71.28,36.3,134.1,3.8,mb,us
2001-07-17,11:32:55,99.49,35.59,33.0,4.5,mb,us
2001-07-18,12:21:16,71.22,36.59,227.9,3.9,mb,us
2001-07-18,22:43:59,73.7,38.34,141.5,4.8,mb,us
2001-07-19,14:04:13,71.1,36.3,116.5,4.1,mb,us
2001-07-20,05:22:00,71.51,36.44,117.9,4.5,mb,us
2001-07-21,00:18:00,71.42,36.56,131.2,4.3,mb,us
2001-07-22,03:56:41,69.46,32.09,33.0,4.1,mb,us
2001-07-22,11:05:53,74.23,38.29,167.0,4.3,mb,us
2001-07-24,07:30:03,56.62,14.35,10.0,4.8,mb,us
2001-07-24,11:40:24,72.07,37.31,178.0,5.1,mwc,hrv
2001-07-24,21:59:24,98.33,49.62,33.0,4.4,mb,us
2001-07-25,01:07:25,111.48,36.31,23.6,4.4,mb,us
2001-07-25,16:02:52,95.6,33.16,33.0,5.5,mwc,hrv
2001-07-25,18:25:17,101.1,27.64,57.1,4.4,mb,us
2001-07-25,19:01:56,79.96,29.88,33.0,3.8,mb,us
2001-07-25,21:47:45,70.26,36.53,200.0,3.8,mb,us
2001-07-26,11:36:59,70.21,23.72,10.0,4.2,mb,us
2001-07-26,18:27:21,101.18,27.79,33.0,4.3,mb,us
2001-07-26,19:27:20,103.65,28.8,33.0,3.7,mb,us
2001-07-27,15:01:46,70.71,36.28,184.6,4.0,mb,us
2001-07-29,16:48:53,95.32,30.01,33.0,4.4,mb,us
2001-07-30,20:27:46,71.52,36.21,95.3,4.7,mb,us
2001-07-31,04:36:45,88.03,34.33,33.0,4.1,mb,us
2001-08-01,03:03:22,96.66,24.93,33.0,4.3,mb,us
2001-08-01,06:20:06,70.4,23.6,10.0,4.0,mb,us
2001-08-02,15:58:18,83.55,32.17,40.3,4.1,mb,us
2001-08-03,04:24:21,70.03,23.53,10.0,4.4,mb,us
2001-08-04,11:24:35,70.26,23.31,10.0,4.3,mb,us
2001-08-04,14:07:47,61.51,24.98,33.0,4.5,mb,us
2001-08-04,15:25:29,95.12,21.36,150.8,4.4,mb,us
2001-08-04,16:03:41,72.8,30.96,33.0,4.4,mb,us
2001-08-05,18:12:18,103.44,30.35,33.0,4.5,mb,us
2001-08-05,20:02:46,70.24,36.47,225.1,4.3,mb,us
2001-08-06,06:23:29,87.43,27.66,33.0,4.4,mb,us
2001-08-06,10:52:00,52.26,28.89,33.0,4.6,mb,us
2001-08-07,21:21:57,96.35,26.43,111.7,4.5,mb,us
2001-08-08,01:10:33,50.85,13.31,10.0,4.6,mb,us
2001-08-08,23:47:14,70.64,23.21,10.0,4.0,mb,us
2001-08-09,05:34:40,71.19,40.64,19.4,4.6,mb,us
2001-08-09,05:56:23,79.17,30.49,39.3,4.3,mb,us
2001-08-10,03:15:31,88.15,43.71,30.4,4.4,mb,us
2001-08-10,07:26:35,100.99,27.66,33.0,4.4,mb,us
2001-08-10,07:31:15,100.72,27.63,33.0,4.6,mb,us
2001-08-10,08:16:25,100.82,27.62,33.0,4.3,mb,us
2001-08-10,14:25:12,67.09,29.73,33.0,4.3,mb,us
2001-08-11,06:28:41,71.07,36.2,33.0,4.2,mb,us
2001-08-11,19:10:30,64.69,25.35,20.3,3.8,mb,us
2001-08-12,01:58:00,94.99,24.43,121.4,5.1,mwc,hrv
2001-08-12,02:30:55,75.7,37.57,87.7,4.3,mb,us
2001-08-12,11:03:29,57.69,27.62,33.0,4.6,mb,us
2001-08-12,13:17:42,92.11,24.39,33.0,4.6,mb,us
2001-08-13,21:46:33,83.98,41.87,33.0,4.1,mb,us
2001-08-14,21:19:29,65.27,29.94,33.0,4.8,mb,us
2001-08-14,23:42:54,69.5,37.39,33.0,4.0,mb,us
2001-08-15,00:45:43,70.22,36.46,149.9,4.6,mb,us
2001-08-15,14:14:34,52.88,28.42,33.0,4.0,mb,us
2001-08-16,13:31:59,65.39,23.72,33.0,4.5,mb,us
2001-08-17,03:43:56,98.54,21.29,33.0,4.3,mb,us
2001-08-18,15:24:28,74.48,38.08,195.6,4.4,mb,us
2001-08-21,16:41:42,94.55,23.63,110.6,4.1,mb,us
2001-08-21,20:17:18,95.24,21.64,33.0,4.0,mb,us
2001-08-22,12:40:52,72.08,37.04,197.0,4.2,mb,us
2001-08-22,15:58:02,70.2,47.16,33.0,5.3,mwc,hrv
2001-08-24,09:58:52,104.31,25.11,33.0,3.9,ml,bji
2001-08-24,12:33:03,70.54,22.98,10.0,4.4,mb,us
2001-08-24,18:17:30,81.53,44.73,33.0,3.8,mb,us
2001-08-25,05:52:01,69.36,38.48,42.0,4.3,mb,us
2001-08-25,06:13:11,98.3,20.76,33.0,4.7,mb,us
2001-08-25,06:36:21,98.43,20.75,33.0,4.4,mb,us
2001-08-25,19:54:59,71.25,36.54,160.7,4.1,mb,us
2001-08-25,23:29:22,57.45,30.43,33.0,4.4,mb,us
2001-08-26,14:11:08,51.79,14.19,10.0,5.7,mwc,hrv
2001-08-26,17:06:23,70.76,36.42,200.0,4.1,mb,us
2001-08-26,17:53:16,71.09,36.64,220.1,4.4,mb,us
2001-08-27,03:43:46,71.11,36.66,228.4,4.2,mb,us
2001-08-27,14:29:23,70.44,36.58,212.5,4.4,mb,us
2001-08-28,00:32:50,74.02,40.44,33.0,4.3,mb,us
2001-08-28,11:34:33,70.95,36.53,198.4,4.5,mb,us
2001-08-28,19:16:20,71.63,36.87,113.8,4.6,mb,us
2001-08-28,19:40:28,72.8,38.06,130.9,5.2,mb,us
2001-08-29,13:57:56,73.99,38.32,150.6,4.1,mb,us
2001-08-29,19:26:40,92.2,27.08,50.1,4.3,mb,us
2001-08-30,03:26:13,71.08,36.37,132.1,4.1,mb,us
2001-08-30,09:02:49,71.5,36.95,77.9,4.3,mb,us
2001-08-31,06:26:31,75.96,38.32,132.6,4.7,mb,us
2001-08-31,06:30:15,95.94,26.64,51.2,4.5,mb,us
2001-08-31,09:58:18,69.64,37.04,33.0,4.5,mb,us
2001-09-01,06:00:19,71.49,36.12,127.2,4.6,mb,us
2001-09-01,09:25:53,71.6,36.99,92.9,4.3,mb,us
2001-09-02,12:04:25,85.82,34.8,33.0,4.1,mb,us
2001-09-02,15:46:20,51.69,14.07,10.0,5.0,mb,us
2001-09-02,16:58:01,72.15,38.8,33.0,5.5,mwc,hrv
2001-09-02,16:58:33,72.17,38.76,33.0,4.3,mb,us
2001-09-02,20:25:19,73.1,40.89,50.6,4.6,mb,us
2001-09-03,00:05:39,51.77,14.12,10.0,4.3,mb,us
2001-09-03,13:49:02,57.25,38.89,33.0,4.0,mb,us
2001-09-04,01:57:18,71.66,36.45,150.0,4.2,mb,us
2001-09-04,04:05:59,100.49,23.64,33.0,4.5,mb,us
2001-09-04,06:47:19,94.42,37.55,33.0,3.9,mb,us
2001-09-04,07:13:27,71.82,37.19,100.0,4.4,mb,us
2001-09-04,16:27:07,72.69,39.96,33.0,4.3,mb,us
2001-09-05,08:18:21,73.19,40.39,33.0,4.0,mb,us
2001-09-05,22:04:30,70.64,36.01,100.0,3.6,mb,us
2001-09-06,00:41:44,71.19,36.45,221.8,4.3,mb,us
2001-09-06,12:13:33,100.66,26.32,10.0,4.0,mb,us
2001-09-06,15:14:13,57.63,26.69,33.0,4.2,mb,us
2001-09-06,18:48:58,57.3,28.21,33.0,3.6,mb,us
2001-09-08,15:49:48,71.04,36.54,214.3,4.1,mb,us
2001-09-09,01:05:17,71.01,36.4,214.2,3.8,mb,us
2001-09-09,07:01:58,71.54,36.47,130.4,4.1,mb,us
2001-09-10,08:16:34,96.86,28.88,33.0,4.4,mb,us
2001-09-11,02:08:15,93.22,26.32,33.0,4.0,mb,us
2001-09-11,03:37:50,104.04,25.82,33.0,4.1,ml,bji
2001-09-11,20:21:35,104.15,25.77,33.0,4.1,mb,us
2001-09-13,00:19:40,70.6,36.12,114.3,4.7,mb,us
2001-09-13,06:20:35,80.49,29.76,36.0,4.4,mb,us
2001-09-13,10:18:58,77.22,28.85,10.0,4.1,mb,us
2001-09-13,12:00:31,75.56,41.08,25.5,4.5,mb,us
2001-09-14,15:18:37,70.99,36.17,75.2,4.7,mb,us
2001-09-14,15:38:20,71.14,36.44,61.9,4.7,mb,us
2001-09-14,16:29:04,71.42,36.03,182.2,3.8,mb,us
2001-09-14,18:30:50,70.42,36.52,211.3,3.9,mb,us
2001-09-14,19:04:13,89.7,85.53,10.0,4.6,mb,us
2001-09-14,23:32:52,93.1,85.33,10.0,4.5,mb,us
2001-09-16,11:12:58,74.37,39.61,53.1,4.9,mb,us
2001-09-16,15:56:34,91.6,21.59,33.0,3.5,mb,us
2001-09-16,19:47:28,71.59,36.44,125.1,3.7,mb,us
2001-09-17,04:30:39,74.4,39.72,70.9,3.9,mb,us
2001-09-17,17:55:21,74.43,39.62,53.5,4.1,mb,us
2001-09-18,09:19:09,75.32,39.82,71.2,4.8,mb,us
2001-09-18,20:54:43,94.35,17.89,33.0,4.2,mb,us
2001-09-19,23:00:48,62.02,4.72,10.0,3.6,mb,us
2001-09-20,02:31:43,70.63,36.62,162.4,4.1,mb,us
2001-09-20,05:10:45,102.06,34.43,10.0,4.4,mb,us
2001-09-20,13:34:30,70.28,23.57,10.0,4.7,mb,us
2001-09-20,20:23:38,71.87,37.35,150.0,3.6,mb,us
2001-09-20,23:17:53,79.34,41.64,39.2,4.4,mb,us
2001-09-20,23:36:18,63.25,40.32,10.0,4.3,mb,us
2001-09-21,00:28:19,101.59,39.01,33.0,4.3,mb,us
2001-09-21,02:40:38,70.08,23.47,10.0,4.5,mb,us
2001-09-22,18:40:49,57.0,25.38,10.0,3.7,mb,us
2001-09-22,22:34:53,101.52,32.0,33.0,4.1,ml,bji
2001-09-23,02:48:31,71.65,37.18,125.9,4.1,mb,us
2001-09-23,14:47:56,94.74,24.38,33.0,4.1,mb,us
2001-09-24,05:31:26,71.53,36.87,119.9,3.5,mb,us
2001-09-24,18:05:50,102.51,34.34,33.0,4.4,mb,us
2001-09-24,22:03:23,51.69,30.15,33.0,4.2,mb,us
2001-09-25,14:56:44,80.21,11.96,10.0,5.2,mwc,hrv
2001-09-25,15:30:13,75.89,37.45,128.0,3.6,mb,us
2001-09-26,15:30:43,70.88,36.33,147.4,3.6,mb,us
2001-09-26,18:04:38,50.97,30.02,33.0,4.5,mb,us
2001-09-27,22:31:37,104.59,28.26,10.0,4.2,mb,us
2001-09-27,22:40:11,87.59,26.82,33.0,4.3,mb,us
2001-09-28,04:37:56,75.74,33.26,33.0,4.9,mwc,hrv
2001-09-29,17:44:05,95.23,21.3,33.0,4.5,mb,us
2001-09-30,00:53:39,70.85,36.21,110.3,4.0,mb,us
2001-09-30,11:30:16,71.13,36.63,254.6,4.3,mb,us
2001-10-02,00:39:23,70.97,35.52,94.4,4.7,mb,us
2001-10-03,00:48:03,69.97,23.21,10.0,3.9,mb,us
2001-10-03,21:24:22,76.32,33.31,33.0,3.7,mb,us
2001-10-04,16:53:38,71.42,36.68,282.2,3.6,mb,us
2001-10-05,02:37:36,71.52,36.42,110.8,4.5,mb,us
2001-10-05,03:05:49,57.02,13.32,10.0,4.4,mb,us
2001-10-05,09:21:01,105.47,45.25,33.0,4.5,mb,us
2001-10-07,10:01:30,94.67,20.67,86.0,4.3,mb,us
2001-10-07,13:56:12,93.36,23.58,43.0,4.8,mb,us
2001-10-07,13:57:42,71.57,36.6,117.1,3.9,mb,us
2001-10-08,01:17:17,60.28,33.01,33.0,4.9,mb,us
2001-10-08,06:16:08,60.21,32.66,33.0,4.3,mb,us
2001-10-09,18:14:25,60.2,32.82,33.0,3.9,mb,us
2001-10-10,01:49:57,106.72,52.49,10.0,5.2,ms,us
2001-10-10,14:36:56,69.63,40.19,21.7,4.6,mb,us
2001-10-10,17:45:12,99.34,24.75,33.0,4.7,mb,us
2001-10-12,13:51:44,70.17,36.46,234.0,3.9,mb,us
2001-10-12,23:56:30,95.56,32.97,18.9,4.6,mb,us
2001-10-13,18:27:55,73.89,38.4,141.0,3.8,mb,us
2001-10-13,20:54:49,92.38,18.9,10.0,5.2,mwc,hrv
2001-10-14,10:36:34,71.08,36.6,183.6,4.2,mb,us
2001-10-14,13:50:59,103.58,28.83,33.0,3.7,ml,bji
2001-10-14,21:14:41,76.06,32.56,33.0,4.8,mb,us
2001-10-17,17:37:24,71.44,36.54,127.2,4.2,mb,us
2001-10-18,17:55:13,72.1,37.24,206.5,4.1,mb,us
2001-10-19,07:04:34,93.66,21.07,39.6,5.0,mb,us
2001-10-19,11:51:32,59.53,7.75,10.0,4.4,mb,us
2001-10-19,14:56:48,79.34,42.18,33.0,4.7,mb,us
2001-10-20,14:40:22,92.4,18.85,33.0,4.4,mb,us
2001-10-20,20:05:09,74.98,39.54,62.4,4.3,mb,us
2001-10-20,21:42:00,76.32,33.66,78.6,4.1,mb,us
2001-10-21,13:24:09,71.84,37.19,118.8,4.6,mb,us
2001-10-21,13:36:28,103.21,36.42,33.0,4.7,mb,us
2001-10-21,14:29:46,70.89,36.56,200.0,3.5,mb,us
2001-10-25,17:05:49,94.69,22.78,125.8,4.3,mb,us
2001-10-25,19:18:05,77.66,40.72,33.0,4.4,mb,us
2001-10-26,05:57:57,55.93,31.91,33.0,4.5,mb,us
2001-10-26,08:22:55,92.98,26.27,10.0,4.5,mb,us
2001-10-26,23:27:09,70.11,36.01,111.1,4.5,mb,us
2001-10-27,03:54:47,71.46,36.46,152.1,3.6,mb,us
2001-10-27,05:35:40,100.65,26.32,10.0,5.6,mwc,hrv
2001-10-27,06:06:18,100.91,26.27,10.0,4.4,mb,us
2001-10-27,18:26:22,92.43,19.07,10.0,4.5,mb,us
2001-10-27,19:30:28,70.47,36.09,96.1,4.8,mb,us
2001-10-31,00:23:23,63.54,40.55,33.0,4.2,mb,us
2001-10-31,09:17:47,70.09,23.77,10.0,4.8,mb,us
2001-10-31,17:07:35,69.49,36.4,33.0,4.8,mb,us
2001-11-01,15:59:25,78.43,40.41,33.0,4.3,mb,us
2001-11-01,19:54:37,57.46,28.24,33.0,4.6,mb,us
2001-11-02,14:55:40,68.7,29.26,33.0,4.7,mb,us
2001-11-02,22:05:30,54.62,27.12,33.0,5.2,mb,us
2001-11-02,22:35:17,69.82,36.48,33.0,4.9,mb,us
2001-11-04,16:38:10,54.58,27.14,33.0,4.9,mb,us
2001-11-05,08:29:48,97.75,50.44,33.0,4.3,mb,us
2001-11-06,10:50:51,71.64,36.6,121.4,4.0,mb,us
2001-11-06,14:09:25,91.92,27.27,33.0,5.2,mb,us
2001-11-06,16:09:20,79.69,34.06,33.0,4.8,mb,us
2001-11-07,04:58:06,85.45,30.11,33.0,4.1,mb,us
2001-11-07,05:13:43,70.56,35.69,33.0,3.9,mb,us
2001-11-07,22:28:55,93.77,85.23,10.0,4.6,mb,us
2001-11-10,10:56:21,70.6,36.52,88.2,4.6,mb,us
2001-11-10,12:58:13,69.33,37.29,33.0,3.7,mb,us
2001-11-12,22:22:21,71.16,36.43,126.1,4.1,mb,us
2001-11-13,03:10:40,74.17,36.01,60.4,4.7,mb,us
2001-11-13,03:14:49,71.3,36.27,113.4,4.5,mb,us
2001-11-13,12:08:23,70.25,36.48,222.5,3.5,mb,us
2001-11-13,16:35:53,70.58,36.45,206.6,4.5,mb,us
2001-11-13,19:29:56,70.77,36.53,100.0,3.9,mb,us
2001-11-14,08:34:22,71.63,40.96,33.0,4.3,mb,us
2001-11-14,09:26:10,90.54,35.95,10.0,7.8,mwc,hrv
2001-11-14,09:37:47,90.49,35.93,10.0,4.8,mb,us
2001-11-14,09:45:15,93.38,35.73,10.0,5.6,mb,us
2001-11-14,09:55:58,94.44,35.57,10.0,4.5,mb,us
2001-11-14,10:29:19,90.64,35.86,10.0,4.5,mb,us
2001-11-14,10:41:18,90.9,36.02,10.0,4.3,mb,us
2001-11-14,10:42:22,90.12,35.78,10.0,4.1,mb,us
2001-11-14,10:58:12,93.88,35.65,10.0,5.4,mb,us
2001-11-14,10:58:32,94.02,35.75,10.0,5.1,mb,us
2001-11-14,11:04:39,89.96,35.75,10.0,4.6,mb,us
2001-11-14,11:40:23,93.98,35.61,10.0,5.2,mb,us
2001-11-14,11:53:14,94.03,35.74,10.0,3.8,mb,us
2001-11-14,12:53:31,94.29,35.61,10.0,4.4,mb,us
2001-11-14,15:15:18,93.72,35.8,10.0,3.7,mb,us
2001-11-14,16:06:48,94.49,35.48,10.0,4.9,mb,us
2001-11-14,17:11:43,92.98,35.73,10.0,4.5,mb,us
2001-11-14,21:21:54,90.93,35.95,10.0,4.6,mb,us
2001-11-14,21:23:33,93.96,35.65,10.0,5.0,mb,us
2001-11-14,23:05:28,94.49,35.6,10.0,5.3,mb,us
2001-11-14,23:49:13,94.59,35.67,10.0,4.7,mb,us
2001-11-15,00:04:12,93.53,35.95,10.0,3.5,mb,us
2001-11-15,14:59:56,101.17,29.47,66.1,4.6,mb,us
2001-11-15,15:35:44,69.15,36.69,33.0,4.5,mb,us
2001-11-15,16:19:46,90.27,36.06,10.0,4.9,mb,us
2001-11-15,21:42:43,94.54,35.62,10.0,4.7,mb,us
2001-11-16,07:54:11,94.0,35.66,10.0,4.9,mb,us
2001-11-16,12:35:18,70.85,36.64,198.8,3.8,mb,us
2001-11-16,18:07:13,94.32,35.72,10.0,4.1,mb,us
2001-11-17,06:33:43,51.63,38.99,33.0,4.4,mb,us
2001-11-18,01:28:55,74.13,42.66,10.0,4.4,mb,us
2001-11-18,11:51:25,71.02,36.44,149.9,4.2,mb,us
2001-11-18,13:46:47,54.77,26.83,33.0,3.8,mb,us
2001-11-18,21:45:40,93.75,35.69,10.0,4.8,mb,us
2001-11-18,21:59:53,93.69,35.73,10.0,5.6,mwc,hrv
2001-11-18,22:02:26,93.69,35.71,10.0,5.4,mb,us
2001-11-18,23:24:51,93.88,35.76,10.0,4.8,mb,us
2001-11-19,01:45:31,94.05,35.81,10.0,3.7,mb,us
2001-11-19,02:22:17,93.87,35.83,10.0,4.6,mb,us
2001-11-19,03:55:53,93.97,35.83,10.0,4.7,mb,us
2001-11-19,15:14:23,77.62,35.48,33.0,3.8,mb,us
2001-11-19,17:45:23,93.67,35.76,10.0,5.4,mwc,hrv
2001-11-19,23:57:12,104.69,40.04,33.0,4.8,ml,bji
2001-11-20,01:13:57,93.8,35.87,10.0,3.6,mb,us
2001-11-20,08:44:19,93.65,35.86,10.0,4.0,mb,us
2001-11-21,01:21:34,92.52,35.82,10.0,4.8,mb,us
2001-11-21,05:11:02,91.68,35.9,10.0,4.3,mb,us
2001-11-22,02:59:17,72.83,40.91,62.2,4.5,mb,us
2001-11-22,08:34:08,93.64,35.72,10.0,4.9,mb,us
2001-11-22,17:00:03,57.52,27.81,33.0,4.4,mb,us
2001-11-22,19:44:21,86.16,43.97,33.0,4.4,mb,us
2001-11-23,03:43:08,103.3,34.16,33.0,4.6,mb,us
2001-11-23,05:27:09,75.0,39.55,67.6,4.1,mb,us
2001-11-23,11:07:39,92.2,18.68,10.0,4.4,mb,us
2001-11-23,11:32:11,92.2,18.75,10.0,4.7,mb,us
2001-11-23,17:19:48,57.44,28.35,33.0,4.1,mb,us
2001-11-23,18:55:58,87.41,31.29,33.0,4.1,mb,us
2001-11-23,20:43:04,71.51,36.39,106.5,6.1,mwc,hrv
2001-11-23,20:57:15,87.48,49.03,43.3,4.8,mb,us
2001-11-23,22:04:35,51.86,28.76,33.0,4.4,mb,us
2001-11-24,02:42:40,70.41,23.62,10.0,4.6,mb,us
2001-11-24,05:14:15,92.21,18.74,10.0,4.3,mb,us
2001-11-24,14:44:48,70.44,36.57,216.5,3.6,mb,us
2001-11-25,08:47:25,93.73,35.73,10.0,4.7,mb,us
2001-11-25,21:30:54,57.27,28.32,40.2,5.0,mwc,hrv
2001-11-26,20:08:03,71.07,36.67,251.8,4.1,mb,us
2001-11-27,07:31:52,81.75,29.61,33.0,5.5,mwc,hrv
2001-11-27,08:46:19,81.63,29.39,33.0,4.8,mb,us
2001-11-27,08:53:54,81.74,29.55,33.0,5.4,mwc,hrv
2001-11-27,13:47:04,95.28,28.35,33.0,3.7,mb,us
2001-11-27,17:56:55,81.74,29.51,33.0,5.1,mb,us
2001-11-28,04:42:22,103.06,22.46,33.0,4.3,mb,us
2001-11-28,10:05:34,81.6,29.34,33.0,4.2,mb,us
2001-11-29,04:28:54,67.66,30.22,33.0,4.4,mb,us
2001-11-29,20:37:06,68.53,29.8,33.0,4.5,mb,us
2001-11-30,02:11:13,71.26,36.34,127.9,4.7,mb,us
2001-11-30,05:19:58,92.07,35.96,10.0,4.2,mb,us
2001-11-30,10:43:13,91.12,36.07,10.0,5.2,mwc,hrv
2001-11-30,21:46:05,81.64,29.33,33.0,4.7,mb,us
2001-12-01,12:25:19,93.93,35.58,10.0,5.1,mwc,hrv
2001-12-01,15:22:19,75.31,39.88,72.0,4.1,mb,us
2001-12-01,18:22:36,70.98,35.93,73.7,4.1,mb,us
2001-12-01,22:03:22,70.08,23.2,10.0,4.1,mb,us
2001-12-02,11:00:37,86.4,31.43,33.0,4.4,mb,us
2001-12-02,22:41:14,88.17,27.15,33.0,5.1,mb,us
2001-12-03,06:38:26,86.29,31.42,33.0,4.0,mb,us
2001-12-03,19:38:48,54.66,26.83,33.0,4.2,mb,us
2001-12-04,16:43:21,73.33,38.05,142.8,3.8,mb,us
2001-12-05,11:57:34,71.04,36.13,200.0,3.7,mb,us
2001-12-05,14:13:32,96.61,43.28,19.8,4.7,ms,us
2001-12-05,15:35:27,70.73,36.39,208.6,4.7,mb,us
2001-12-08,04:12:47,92.77,35.73,10.0,5.3,mwc,hrv
2001-12-09,08:47:55,72.8,38.02,60.5,4.7,mb,us
2001-12-09,12:09:31,73.18,37.14,68.9,4.0,mb,us
2001-12-09,16:02:03,70.9,36.52,187.5,3.7,mb,us
2001-12-11,05:22:51,51.51,30.47,33.0,4.3,mb,us
2001-12-11,07:31:41,94.31,44.86,33.0,4.2,mb,us
2001-12-13,02:05:07,95.6,33.15,48.5,4.6,mb,us
2001-12-13,02:11:09,73.72,41.04,44.8,4.3,mb,us
2001-12-13,11:21:15,70.28,36.18,139.4,4.3,mb,us
2001-12-14,14:33:33,76.93,36.8,107.6,3.7,mb,us
2001-12-14,19:51:17,91.32,35.79,10.0,4.0,mb,us
2001-12-15,01:45:09,69.71,35.83,95.4,4.0,mb,us
2001-12-15,12:53:06,75.66,38.27,144.3,4.0,mb,us
2001-12-15,14:18:38,56.37,28.1,33.0,4.6,mb,us
2001-12-15,17:12:04,75.69,39.96,73.2,4.1,mb,us
2001-12-15,23:41:21,52.61,28.25,33.0,4.6,mb,us
2001-12-16,05:33:26,71.26,36.64,196.5,3.4,mb,us
2001-12-17,13:22:56,94.5,35.69,10.0,3.5,mb,us
2001-12-18,02:22:00,81.78,29.61,33.0,4.9,mb,us
2001-12-18,02:25:45,100.44,38.64,10.0,3.6,mb,us
2001-12-18,07:02:34,57.14,13.6,10.0,3.7,mb,us
2001-12-18,08:55:10,93.59,21.0,33.0,4.3,mb,us
2001-12-19,01:07:02,75.76,39.96,68.1,4.1,mb,us
2001-12-19,07:54:08,90.38,23.63,10.0,4.5,mb,us
2001-12-19,11:49:18,94.46,35.72,10.0,3.9,mb,us
2001-12-19,13:39:32,73.22,38.07,55.4,4.7,mb,us
2001-12-20,02:53:35,54.14,14.54,10.0,5.0,mb,us
2001-12-21,07:23:09,93.5,35.85,10.0,3.5,mb,us
2001-12-21,09:26:03,87.96,32.38,50.8,4.8,mb,us
2001-12-21,17:33:21,70.05,23.76,10.0,4.6,mb,us
2001-12-21,20:07:22,71.58,36.56,105.2,4.3,mb,us
2001-12-21,23:05:51,86.53,43.74,10.0,4.5,mb,us
2001-12-22,03:39:52,71.46,36.51,105.3,4.4,mb,us
2001-12-22,04:50:50,53.67,40.09,33.0,3.9,mb,us
2001-12-22,10:38:09,98.36,36.49,10.0,3.7,ml,bji
2001-12-22,12:06:59,73.03,34.59,33.0,4.2,mb,us
2001-12-22,22:42:02,104.71,28.94,58.7,4.5,mb,us
2001-12-24,05:49:41,94.76,25.3,100.0,4.4,mb,us
2001-12-24,14:12:41,71.71,36.61,121.1,4.1,mb,us
2001-12-25,03:44:06,71.25,36.45,129.8,3.8,mb,us
2001-12-25,05:44:48,77.01,35.25,33.0,4.6,mb,us
2001-12-27,02:43:26,71.36,36.49,239.5,3.3,mb,us
2001-12-27,16:52:21,72.04,37.16,150.0,3.7,mb,us
2001-12-27,18:28:06,76.89,35.31,33.0,4.2,mb,us
2001-12-29,02:27:14,70.28,31.42,53.6,4.5,mb,us
2001-12-30,00:28:35,73.72,38.15,168.6,3.7,mb,us
2001-12-30,10:15:15,70.82,36.55,192.1,4.5,mb,us
2001-12-30,13:56:43,76.86,35.22,33.0,4.7,mb,us
2001-12-30,14:01:17,76.9,35.37,33.0,4.5,mb,us
2001-12-30,16:11:11,71.78,39.22,72.7,4.1,mb,us
2001-12-30,16:13:15,94.56,35.68,10.0,4.2,mb,us
2001-12-30,18:34:33,76.88,35.34,33.0,4.2,mb,us
2001-12-30,18:40:00,71.65,37.26,118.4,4.3,mb,us
2001-12-30,20:15:31,71.27,36.76,113.6,3.8,mb,us
2001-12-31,22:21:09,71.24,36.37,134.1,4.5,mb,us
2002-01-03,01:05:30,69.56,36.53,52.7,4.5,mb,us
2002-01-03,07:05:28,70.69,36.09,129.3,6.2,mwb,us
2002-01-03,16:48:53,99.82,25.63,33.0,4.4,mb,us
2002-01-03,18:40:26,99.95,25.57,47.4,4.3,mb,us
2002-01-04,09:06:18,57.24,28.4,33.0,4.0,mb,us
2002-01-04,20:30:18,95.28,32.8,33.0,4.6,mb,us
2002-01-04,22:11:34,70.29,36.25,138.6,4.4,mb,us
2002-01-05,04:51:36,70.48,34.7,73.8,4.8,mb,us
2002-01-06,07:59:42,71.05,36.73,216.5,3.9,mb,us
2002-01-06,17:00:47,100.02,25.69,33.0,4.2,mb,us
2002-01-06,18:53:08,81.44,52.37,33.0,4.3,mb,us
2002-01-07,13:04:14,74.78,33.78,33.0,4.1,mb,us
2002-01-07,20:33:38,71.15,36.59,236.3,4.0,mb,us
2002-01-09,06:45:58,69.9,38.67,33.0,5.3,mwc,hrv
2002-01-09,14:02:28,56.06,24.84,10.0,4.3,mb,us
2002-01-09,18:48:39,94.98,35.57,10.0,4.3,mb,us
2002-01-09,19:41:44,99.68,34.92,10.0,3.7,mb,us
2002-01-09,23:52:42,70.2,23.56,10.0,4.8,mb,us
2002-01-11,01:25:28,71.67,37.16,99.9,4.4,mb,us
2002-01-11,12:12:52,70.81,38.95,58.2,4.7,mb,us
2002-01-12,10:01:06,91.89,27.34,59.5,3.9,mb,us
2002-01-13,05:27:16,89.04,43.36,33.0,4.3,mb,us
2002-01-13,12:09:08,71.35,36.65,184.1,4.6,mb,us
2002-01-13,13:40:19,71.18,36.44,227.9,4.5,mb,us
2002-01-15,14:11:16,70.82,36.5,213.0,4.4,mb,us
2002-01-16,01:53:00,71.24,36.67,186.8,4.3,mb,us
2002-01-17,06:48:47,99.34,29.92,35.0,4.6,mb,us
2002-01-17,14:42:57,96.41,26.28,96.0,4.5,mb,us
2002-01-18,06:10:11,91.76,35.86,10.0,4.5,mb,us
2002-01-18,13:44:45,69.76,23.15,10.0,4.2,mb,us
2002-01-18,18:26:16,60.86,27.41,33.0,4.1,mb,us
2002-01-19,04:39:00,70.85,36.58,224.9,4.2,mb,us
2002-01-19,12:18:30,102.14,37.74,33.0,4.7,mb,us
2002-01-19,22:14:21,101.49,21.32,33.0,4.4,mb,us
2002-01-20,09:29:01,68.35,37.57,33.0,4.1,mb,us
2002-01-21,19:41:39,71.36,36.56,129.0,4.1,mb,us
2002-01-22,12:21:22,60.0,35.03,33.0,4.4,mb,us
2002-01-23,03:02:54,52.24,40.38,53.4,4.4,mb,us
2002-01-24,06:13:05,54.63,28.2,40.4,4.6,mb,us
2002-01-24,15:34:53,70.09,37.1,61.6,4.2,mb,us
2002-01-24,18:20:04,69.96,37.12,33.0,4.5,mb,us
2002-01-25,08:13:24,54.09,39.84,33.0,4.7,mb,us
2002-01-25,10:38:32,73.39,39.5,49.4,4.2,mb,us
2002-01-25,11:42:55,71.43,36.65,167.0,4.2,mb,us
2002-01-26,04:57:08,111.5,55.31,10.0,4.7,mb,us
2002-01-26,05:06:01,111.46,55.13,10.0,4.7,mb,us
2002-01-27,19:13:16,87.88,29.88,33.0,3.7,mb,us
2002-01-27,22:22:22,74.52,31.24,43.5,4.2,mb,us
2002-01-27,22:33:44,75.91,33.12,40.0,5.3,mwc,hrv
2002-01-29,17:49:05,70.33,36.49,214.5,4.8,mb,us
2002-01-30,17:55:08,80.68,35.16,49.9,3.9,mb,us
2002-01-30,18:39:03,60.84,27.44,63.9,4.7,mb,us
2002-01-31,02:11:01,87.9,29.9,39.6,4.3,mb,us
2002-01-31,13:10:29,71.91,37.48,127.0,4.5,mb,us
2002-02-01,15:03:39,71.41,35.84,33.0,4.1,mb,us
2002-02-02,16:59:43,72.5,37.69,199.3,3.7,mb,us
2002-02-02,19:34:59,99.1,21.95,33.0,4.6,mb,us
2002-02-02,21:24:43,80.69,34.2,33.0,3.6,mb,us
2002-02-03,04:38:36,93.73,18.42,33.0,4.3,mb,us
2002-02-03,19:09:21,73.74,31.35,33.0,3.7,mb,us
2002-02-03,20:14:38,51.15,29.77,33.0,3.8,mb,us
2002-02-03,20:59:28,69.92,38.77,43.8,4.9,mb,us
2002-02-04,03:10:15,70.79,36.34,137.4,4.2,mb,us
2002-02-04,13:46:01,69.9,39.14,33.0,4.5,mb,us
2002-02-05,05:36:46,70.94,36.49,198.4,4.4,mb,us
2002-02-06,07:53:30,88.06,31.31,33.0,4.2,mb,us
2002-02-06,23:37:25,85.84,43.98,33.0,4.7,mb,us
2002-02-07,03:29:50,71.06,36.39,146.3,3.9,mb,us
2002-02-07,18:43:49,92.15,37.93,17.9,5.0,mb,us
2002-02-07,22:21:06,84.62,44.0,40.7,4.8,mb,us
2002-02-08,04:03:14,70.93,36.56,200.0,3.4,mb,us
2002-02-09,18:10:53,71.34,36.58,117.7,3.9,mb,us
2002-02-10,10:07:09,86.42,42.63,33.0,4.1,mb,us
2002-02-11,17:13:55,69.81,38.72,33.0,4.4,mb,us
2002-02-12,23:42:56,72.39,37.59,200.0,3.7,mb,us
2002-02-13,08:11:13,73.44,38.49,129.3,4.4,mb,us
2002-02-13,15:12:58,72.16,39.49,61.6,4.4,mb,us
2002-02-14,00:48:21,71.15,36.17,178.1,4.0,mb,us
2002-02-14,23:44:51,70.98,36.56,219.2,4.1,mb,us
2002-02-15,09:21:04,72.75,38.06,128.2,4.5,mb,us
2002-02-15,11:54:25,78.75,41.4,77.7,3.7,mb,us
2002-02-17,08:55:45,70.43,42.91,14.1,4.6,mb,us
2002-02-17,09:39:06,70.5,42.98,10.0,4.5,mb,us
2002-02-17,13:03:53,51.76,28.09,33.0,5.4,mwc,hrv
2002-02-17,15:15:12,51.77,28.0,33.0,3.8,mb,us
2002-02-17,15:18:37,71.89,37.32,136.0,4.0,mb,us
2002-02-17,16:49:27,51.63,28.24,33.0,4.2,mb,us
2002-02-17,21:18:22,51.66,28.2,33.0,4.3,mb,us
2002-02-17,22:58:21,92.58,35.94,10.0,4.3,mb,us
2002-02-18,22:33:56,72.68,35.25,33.0,4.7,mb,us
2002-02-19,07:23:33,70.73,36.74,200.0,3.8,mb,us
2002-02-19,22:50:03,52.14,14.34,10.0,4.4,mb,us
2002-02-20,01:38:30,70.9,36.58,215.4,3.8,mb,us
2002-02-21,09:37:47,70.92,36.22,114.2,3.9,mb,us
2002-02-22,02:59:13,72.21,31.83,33.0,4.5,mb,us
2002-02-22,17:27:33,71.48,36.43,115.8,4.0,mb,us
2002-02-23,17:09:36,54.75,26.85,33.0,4.6,mb,us
2002-02-23,17:27:30,54.74,26.86,33.0,4.0,mb,us
2002-02-23,21:33:38,93.26,48.3,33.0,3.9,mb,us
2002-02-24,07:38:20,89.48,33.33,33.0,3.9,mb,us
2002-02-24,07:38:46,89.52,33.37,33.0,4.1,mb,us
2002-02-24,22:28:53,80.22,43.36,33.0,4.4,mb,us
2002-02-25,12:52:44,73.06,41.24,33.0,4.6,mb,us
2002-02-25,14:22:37,54.76,39.31,33.0,4.0,mb,us
2002-02-25,15:53:42,68.85,35.5,33.0,4.4,mb,us
2002-02-26,06:38:36,66.56,29.66,33.0,4.4,mb,us
2002-02-26,14:05:04,71.62,36.88,115.4,4.2,mb,us
2002-02-27,03:38:13,103.73,36.96,33.0,3.7,ml,bji
2002-02-27,15:49:14,53.05,27.28,33.0,4.5,mb,us
2002-02-28,00:30:49,52.28,27.49,33.0,4.3,mb,us
2002-02-28,05:33:22,58.19,11.89,10.0,4.6,mb,us
2002-02-28,06:39:58,69.72,36.73,61.0,4.2,mb,us
2002-02-28,06:49:27,70.15,36.42,227.8,4.2,mb,us
2002-02-28,17:36:39,70.1,32.7,33.0,4.0,mb,us
2002-02-28,22:22:41,50.97,13.25,10.0,4.2,mb,us
2002-03-01,07:28:18,70.29,36.46,219.4,4.1,mb,us
2002-03-02,08:16:17,70.04,32.7,33.0,4.6,mb,us
2002-03-03,00:23:10,102.22,28.7,33.0,4.5,mb,us
2002-03-03,02:47:20,111.76,56.02,10.0,4.1,mb,us
2002-03-03,12:08:08,70.44,36.43,209.0,6.3,mb,us
2002-03-03,12:08:20,70.48,36.5,225.6,7.4,mwc,hrv
2002-03-03,13:05:45,70.48,36.47,212.7,4.2,mb,us
2002-03-03,13:15:32,70.53,36.48,219.4,3.9,mb,us
2002-03-03,13:25:32,70.57,36.42,215.9,3.8,mb,us
2002-03-03,13:49:04,70.58,36.5,217.6,3.8,mb,us
2002-03-03,16:32:31,70.52,36.48,200.0,3.5,mb,us
2002-03-03,19:13:49,70.39,36.5,209.8,3.8,mb,us
2002-03-03,21:03:44,69.33,30.2,37.1,4.4,mb,us
2002-03-03,21:39:02,70.38,36.5,209.7,3.8,mb,us
2002-03-04,05:26:56,53.77,26.58,33.0,4.5,mb,us
2002-03-04,18:52:37,90.57,35.91,10.0,4.3,mb,us
2002-03-05,14:15:45,71.53,37.14,116.8,4.5,mb,us
2002-03-05,14:38:50,70.31,36.42,200.0,3.8,mb,us
2002-03-05,15:38:18,70.49,36.57,216.5,3.8,mb,us
2002-03-05,19:09:04,70.77,36.55,225.2,3.9,mb,us
2002-03-06,10:15:03,71.03,36.36,169.9,4.3,mb,us
2002-03-06,10:28:21,69.38,30.04,33.0,4.4,mb,us
2002-03-06,19:56:53,71.5,36.26,116.2,4.5,mb,us
2002-03-07,15:50:19,84.42,29.62,70.0,4.6,mb,us
2002-03-07,17:00:29,68.4,37.65,33.0,4.2,mb,us
2002-03-08,08:14:23,70.88,36.57,217.2,3.5,mb,us
2002-03-09,15:43:23,51.67,28.1,33.0,4.6,mb,us
2002-03-09,16:01:22,54.62,27.74,33.0,3.9,mb,us
2002-03-09,18:43:02,79.97,29.96,33.0,4.6,mb,us
2002-03-09,20:59:43,70.95,36.58,228.7,4.0,mb,us
2002-03-10,04:55:15,58.1,25.05,33.0,4.5,mb,us
2002-03-10,17:53:44,93.18,32.84,33.0,4.5,mb,us
2002-03-10,19:43:34,54.37,27.7,33.0,4.4,mb,us
2002-03-10,22:10:09,71.67,37.26,116.4,4.0,mb,us
2002-03-11,17:21:25,70.37,36.51,219.1,4.0,mb,us
2002-03-11,20:06:37,56.14,25.24,10.0,5.0,mwc,hrv
2002-03-11,23:26:50,85.9,42.39,33.0,4.6,mb,us
2002-03-12,07:33:00,92.23,25.18,33.0,4.1,mb,us
2002-03-12,09:40:22,70.9,30.58,33.0,4.6,mb,us
2002-03-12,18:57:42,84.26,42.04,33.0,4.7,mb,us
2002-03-13,05:12:28,70.37,36.46,211.4,3.8,mb,us
2002-03-13,12:54:01,70.32,36.84,33.0,3.8,mb,us
2002-03-13,23:30:49,70.28,36.47,206.9,3.7,mb,us
2002-03-14,10:46:29,70.86,36.53,200.1,3.7,mb,us
2002-03-14,18:39:56,76.45,34.23,39.7,4.2,mb,us
2002-03-14,18:44:05,76.3,34.24,39.6,3.9,mb,us
2002-03-15,02:02:13,76.22,34.35,47.1,3.9,mb,us
2002-03-15,22:46:40,57.37,27.8,33.0,3.8,mb,us
2002-03-16,20:05:18,66.32,29.86,33.0,3.7,mb,us
2002-03-17,12:39:17,80.72,34.22,33.0,4.5,mb,us
2002-03-18,01:19:24,49.74,13.56,10.0,3.9,mb,us
2002-03-18,04:29:17,76.21,32.95,57.7,4.3,mb,us
2002-03-18,07:03:18,70.34,36.34,232.4,3.5,mb,us
2002-03-18,20:47:03,49.52,13.32,10.0,3.8,mb,us
2002-03-18,23:53:25,52.72,28.87,33.0,3.7,mb,us
2002-03-20,12:38:02,70.4,36.33,230.7,4.0,mb,us
2002-03-21,04:34:58,84.86,34.36,10.0,3.5,mb,us
2002-03-21,04:46:11,55.5,27.54,33.0,3.6,mb,us
2002-03-21,05:02:08,85.69,34.79,10.0,4.5,mb,us
2002-03-21,13:03:22,88.05,29.77,53.4,4.2,mb,us
2002-03-21,19:59:19,56.41,27.7,33.0,3.8,mb,us
2002-03-21,21:58:12,70.41,36.48,215.9,4.3,mb,us
2002-03-22,02:02:15,70.23,37.42,47.8,4.9,mwc,hrv
2002-03-22,09:37:58,70.51,36.56,221.6,3.6,mb,us
2002-03-22,13:49:44,83.72,44.1,36.8,4.6,mb,us
2002-03-23,04:56:26,87.93,29.86,33.0,4.7,mb,us
2002-03-25,14:56:34,69.32,36.06,8.0,6.1,mwc,hrv
2002-03-25,15:10:42,69.25,36.25,10.0,4.6,mb,us
2002-03-25,15:20:03,69.19,36.08,10.0,4.7,mb,us
2002-03-25,15:40:35,69.2,35.87,10.0,4.3,mb,us
2002-03-25,15:46:00,69.24,35.95,10.0,5.1,mb,us
2002-03-25,15:53:58,69.05,35.95,10.0,4.0,mb,us
2002-03-25,15:55:26,69.08,36.04,10.0,4.0,mb,us
2002-03-25,16:21:37,69.38,35.91,10.0,3.8,mb,us
2002-03-25,16:38:54,69.12,35.88,10.0,3.7,mb,us
2002-03-25,17:11:46,68.85,36.19,10.0,3.9,mb,us
2002-03-25,17:37:42,68.96,36.16,10.0,3.7,mb,us
2002-03-25,17:49:39,69.16,35.98,10.0,4.9,mb,us
2002-03-25,18:04:00,69.07,35.99,10.0,3.0,mb,us
2002-03-25,18:17:54,69.2,36.01,10.0,3.9,mb,us
2002-03-25,18:56:07,69.17,35.91,10.0,4.0,mb,us
2002-03-25,21:27:43,56.63,14.34,10.0,4.5,mb,us
2002-03-25,21:45:05,69.2,35.95,10.0,5.1,mwc,hrv
2002-03-26,00:55:20,69.2,36.09,10.0,4.8,mb,us
2002-03-26,04:32:32,78.69,42.86,10.0,4.0,mb,us
2002-03-26,06:10:05,69.32,35.69,10.0,3.7,mb,us
2002-03-26,06:54:12,69.11,35.91,10.0,4.3,mb,us
2002-03-26,08:00:06,69.06,35.9,10.0,4.0,mb,us
2002-03-26,08:10:29,69.87,35.28,10.0,3.7,mb,us
2002-03-26,10:52:10,51.42,29.23,33.0,3.7,mb,us
2002-03-26,16:54:19,69.26,35.98,10.0,4.8,mb,us
2002-03-27,05:57:38,69.06,36.01,10.0,4.5,mb,us
2002-03-27,08:52:52,69.34,36.02,10.0,5.6,mwc,hrv
2002-03-27,09:08:25,69.15,36.0,10.0,4.0,mb,us
2002-03-27,09:41:03,69.29,36.01,10.0,4.7,mb,us
2002-03-27,11:53:14,69.14,36.09,10.0,4.6,mb,us
2002-03-27,13:19:41,69.08,36.05,10.0,4.7,mb,us
2002-03-27,16:49:04,93.04,26.51,43.7,4.5,mb,us
2002-03-27,19:00:58,69.1,35.95,10.0,3.8,mb,us
2002-03-27,20:04:46,63.59,40.53,15.7,4.4,mb,us
2002-03-27,20:19:29,69.07,35.91,10.0,3.7,mb,us
2002-03-27,21:42:33,69.05,36.11,10.0,3.8,mb,us
2002-03-27,22:29:35,69.98,23.58,10.0,4.2,mb,us
2002-03-27,23:24:24,68.86,35.89,10.0,3.7,mb,us
2002-03-28,00:20:04,68.9,36.08,10.0,4.0,mb,us
2002-03-28,03:01:21,88.1,29.9,33.0,4.3,mb,us
2002-03-28,15:18:24,69.24,35.92,10.0,4.0,mb,us
2002-03-29,01:58:57,71.07,36.34,143.2,4.4,mb,us
2002-03-29,04:49:25,68.93,36.24,10.0,4.2,mb,us
2002-03-29,16:12:40,69.64,39.33,33.0,3.9,mb,us
2002-03-30,06:17:47,70.34,23.48,10.0,4.5,mb,us
2002-03-30,06:25:09,69.1,35.97,10.0,4.1,mb,us
2002-03-30,19:34:25,69.14,36.01,10.0,3.8,mb,us
2002-03-30,21:14:19,71.08,36.57,228.5,3.3,mb,us
2002-03-31,12:40:28,87.98,29.87,33.0,4.4,mb,us
2002-03-31,13:05:33,68.99,36.08,10.0,3.8,mb,us
2002-03-31,17:10:14,70.36,36.5,211.0,3.7,mb,us
2002-03-31,21:23:04,69.19,36.12,10.0,4.6,mb,us
2002-03-31,21:42:38,68.96,36.14,10.0,3.7,mb,us
2002-03-31,22:17:53,68.91,36.23,10.0,3.7,mb,us
2002-04-01,09:38:07,69.21,35.98,10.0,4.2,mb,us
2002-04-01,18:32:35,54.99,31.99,33.0,4.3,mb,us
2002-04-01,18:52:46,69.26,35.88,10.0,3.4,mb,us
2002-04-02,19:34:15,86.87,29.04,33.0,4.2,mb,us
2002-04-02,19:57:21,87.01,29.29,33.0,4.6,mb,us
2002-04-03,02:23:47,70.93,36.53,207.7,4.5,mb,us
2002-04-03,22:12:39,66.25,24.85,33.0,3.8,mb,us
2002-04-04,15:44:32,55.24,27.06,16.1,4.8,mb,us
2002-04-04,20:32:14,52.73,28.12,33.0,4.1,mb,us
2002-04-05,07:15:31,55.31,27.05,33.0,4.2,mb,us
2002-04-05,18:40:19,55.97,32.06,33.0,5.2,mwc,hrv
2002-04-05,20:31:18,71.51,36.33,108.2,4.5,mb,us
2002-04-06,04:40:25,76.26,34.37,44.5,4.4,mb,us
2002-04-06,06:08:46,70.98,36.24,114.5,4.3,mb,us
2002-04-06,10:45:07,70.87,36.46,208.7,3.5,mb,us
2002-04-06,10:54:11,69.24,36.26,33.0,4.7,mb,us
2002-04-06,19:10:49,51.84,28.11,33.0,4.5,mb,us
2002-04-06,23:28:55,69.2,36.29,33.0,3.6,mb,us
2002-04-07,20:53:38,72.14,35.64,60.1,4.2,mb,us
2002-04-08,16:34:07,55.23,27.11,59.3,4.8,mb,us
2002-04-08,16:52:42,55.06,27.18,33.0,3.9,mb,us
2002-04-08,18:30:58,52.03,36.42,46.3,4.8,mb,us
2002-04-09,02:09:42,87.91,29.83,33.0,4.0,mb,us
2002-04-10,06:30:20,102.47,27.64,33.0,4.5,mb,us
2002-04-11,06:05:49,56.68,27.7,33.0,4.8,mb,us
2002-04-11,06:17:53,56.68,27.61,33.0,4.4,mb,us
2002-04-11,16:06:43,71.71,36.7,140.8,4.7,mb,us
2002-04-11,17:16:55,76.55,35.59,33.0,4.1,mb,us
2002-04-11,20:19:42,74.0,39.53,43.8,4.6,mb,us
2002-04-12,04:00:24,69.42,35.96,10.0,5.9,mwc,hrv
2002-04-12,04:14:44,69.14,35.96,10.0,4.4,mb,us
2002-04-12,04:15:37,69.29,35.84,10.0,4.6,mb,us
2002-04-12,05:04:49,102.64,22.36,10.0,4.5,mb,us
2002-04-12,05:28:10,69.15,36.0,10.0,4.1,mb,us
2002-04-12,05:51:09,69.17,35.93,10.0,4.3,mb,us
2002-04-12,06:04:05,69.12,35.98,10.0,4.1,mb,us
2002-04-12,10:39:02,69.19,35.9,10.0,4.2,mb,us
2002-04-12,15:32:30,69.2,35.9,10.0,3.8,mb,us
2002-04-12,16:26:02,69.26,35.88,10.0,5.1,mwc,hrv
2002-04-12,16:43:35,69.32,35.87,10.0,3.6,mb,us
2002-04-12,16:44:31,69.03,35.91,10.0,3.9,mb,us
2002-04-12,19:39:35,69.18,35.92,10.0,4.6,mb,us
2002-04-13,02:57:32,71.36,36.74,230.0,4.1,mb,us
2002-04-13,06:58:23,51.18,29.02,33.0,4.6,mb,us
2002-04-13,23:14:52,71.17,36.66,178.3,4.1,mb,us
2002-04-14,02:04:21,73.4,38.53,117.5,5.5,mwc,hrv
2002-04-14,14:49:12,72.12,37.48,158.0,4.0,mb,us
2002-04-15,03:06:35,53.87,26.65,33.0,4.2,mb,us
2002-04-16,03:49:08,52.75,40.4,56.9,3.8,mb,us
2002-04-16,09:15:52,69.28,35.85,10.0,4.1,mb,us
2002-04-16,15:30:39,69.79,36.34,10.0,3.9,mb,us
2002-04-16,23:13:58,69.34,35.99,10.0,4.2,mb,us
2002-04-16,23:46:09,71.35,36.26,100.0,4.0,mb,us
2002-04-17,06:33:49,70.74,38.64,33.0,3.7,mb,us
2002-04-17,08:47:23,56.75,27.66,33.0,5.3,mwc,hrv
2002-04-17,10:51:33,71.0,36.59,250.3,4.3,mb,us
2002-04-17,12:50:55,69.44,36.04,33.0,4.0,mb,us
2002-04-17,12:51:40,56.75,27.62,33.0,3.8,mb,us
2002-04-17,20:17:51,94.89,24.65,33.0,4.3,mb,us
2002-04-18,12:04:41,69.16,35.89,10.0,3.8,mb,us
2002-04-18,15:39:17,69.35,35.94,10.0,4.0,mb,us
2002-04-18,22:12:59,74.33,35.36,33.0,4.7,mb,us
2002-04-19,03:41:46,69.11,35.83,10.0,3.6,mb,us
2002-04-19,16:21:38,68.34,32.23,33.0,4.4,mb,us
2002-04-20,09:35:15,56.63,27.48,33.0,4.7,mb,us
2002-04-21,10:41:57,71.87,37.25,140.3,4.0,mb,us
2002-04-21,11:43:43,69.53,36.09,115.6,3.8,mb,us
2002-04-22,21:24:32,75.69,38.11,132.7,3.7,mb,us
2002-04-23,08:28:00,71.26,36.28,100.0,3.7,mb,us
2002-04-23,20:45:47,71.79,37.14,122.6,3.8,mb,us
2002-04-24,01:36:22,72.48,37.54,79.5,4.3,mb,us
2002-04-24,11:42:37,69.12,35.99,10.0,4.1,mb,us
2002-04-24,15:49:39,73.28,40.78,20.2,4.0,mb,us
2002-04-24,17:08:48,70.02,23.39,10.0,4.0,mb,us
2002-04-24,21:45:25,72.74,36.78,33.0,3.9,mb,us
2002-04-24,23:21:50,59.72,7.24,10.0,4.4,mb,us
2002-04-25,01:46:03,72.62,37.36,68.7,4.9,mb,us
2002-04-25,06:01:05,52.08,28.6,33.0,4.1,mb,us
2002-04-25,17:30:14,81.29,35.43,59.9,4.0,mb,us
2002-04-26,18:55:12,71.8,37.36,115.5,4.3,mb,us
2002-04-27,09:07:02,96.96,30.34,33.0,4.0,mb,us
2002-04-27,21:24:22,57.31,31.04,33.0,3.9,mb,us
2002-04-28,12:59:48,52.24,14.7,10.0,4.4,mb,us
2002-04-28,21:36:05,72.01,37.25,200.0,3.4,mb,us
2002-04-30,04:56:14,105.65,29.46,33.0,4.8,mb,us
2002-04-30,17:38:33,56.29,27.94,33.0,4.3,mb,us
2002-04-30,23:02:01,71.12,36.28,200.0,3.9,mb,us
2002-05-02,14:29:46,75.81,27.7,33.0,4.1,mb,us
2002-05-03,08:04:29,69.89,36.32,137.9,4.4,mb,us
2002-05-03,13:37:39,71.34,36.78,107.9,4.3,mb,us
2002-05-03,13:55:45,86.39,30.88,33.0,4.1,mb,us
2002-05-04,06:07:46,68.97,28.96,33.0,4.8,mb,us
2002-05-04,06:27:18,68.9,28.93,33.0,4.2,mb,us
2002-05-04,22:18:13,74.34,37.57,33.0,4.2,mb,us
2002-05-05,01:40:54,69.0,29.04,33.0,3.9,mb,us
2002-05-05,04:54:28,91.65,22.07,33.0,4.1,mb,us
2002-05-05,04:54:42,91.85,22.59,33.0,4.5,mb,us
2002-05-05,16:11:14,71.53,36.51,100.0,3.9,mb,us
2002-05-05,19:30:14,89.76,35.8,33.0,3.8,mb,us
2002-05-07,09:39:33,93.86,21.61,53.9,4.5,mb,us
2002-05-08,01:07:02,53.68,27.34,17.9,4.5,mb,us
2002-05-08,06:31:03,71.46,36.63,98.3,3.9,mb,us
2002-05-08,17:57:01,86.58,28.66,115.6,4.0,mb,us
2002-05-09,01:09:21,87.84,29.83,33.6,4.6,mb,us
2002-05-09,08:12:17,70.92,36.08,100.0,4.0,mb,us
2002-05-09,19:33:09,50.87,30.24,33.0,4.5,mb,us
2002-05-10,15:35:05,74.5,42.21,10.0,4.4,mb,us
2002-05-11,11:17:49,82.82,34.52,33.0,4.3,mb,us
2002-05-12,09:51:37,70.46,36.63,200.0,3.9,mb,us
2002-05-12,22:57:16,113.19,40.25,33.0,3.5,mb,us
2002-05-13,01:52:10,103.24,25.41,33.0,4.6,mb,us
2002-05-13,08:24:44,54.29,14.6,10.0,4.4,mb,us
2002-05-13,08:32:47,54.25,14.66,10.0,5.2,mwc,hrv
2002-05-13,11:34:17,54.25,14.66,10.0,4.7,mb,us
2002-05-13,11:54:30,54.5,14.69,10.0,4.7,mb,us
2002-05-13,17:14:21,54.4,14.68,10.0,3.9,mb,us
2002-05-13,17:41:47,54.37,14.27,10.0,4.2,mb,us
2002-05-13,18:41:40,71.06,35.97,33.0,3.6,mb,us
2002-05-13,20:49:21,53.72,34.99,33.0,4.0,mb,us
2002-05-13,23:06:41,67.98,30.23,33.0,4.4,mb,us
2002-05-14,00:31:05,67.92,30.29,33.0,3.9,mb,us
2002-05-14,08:07:44,82.42,42.53,33.0,4.4,mb,us
2002-05-14,08:08:50,54.28,14.75,10.0,4.7,mb,us
2002-05-14,08:09:17,54.31,14.8,10.0,5.1,mwc,hrv
2002-05-14,22:59:48,89.47,35.52,33.0,4.8,mb,us
2002-05-15,15:33:20,71.02,36.23,120.2,3.7,mb,us
2002-05-15,21:18:52,71.05,36.63,238.5,3.5,mb,us
2002-05-16,11:00:12,51.71,29.67,33.0,4.8,mb,us
2002-05-16,20:19:16,74.26,39.57,33.0,4.0,mb,us
2002-05-17,15:52:21,51.96,29.59,33.0,4.8,mb,us
2002-05-18,19:34:53,72.49,40.61,33.0,3.4,mb,us
2002-05-19,08:40:11,73.45,36.37,33.0,4.2,mb,us
2002-05-20,11:16:12,71.38,36.51,33.0,3.8,mb,us
2002-05-21,02:31:21,54.33,14.57,10.0,4.4,mb,us
2002-05-21,05:48:57,71.34,37.04,108.5,4.2,mb,us
2002-05-21,09:41:56,54.21,14.66,10.0,5.0,mb,us
2002-05-21,10:48:37,51.56,36.35,33.0,4.4,mb,us
2002-05-22,02:25:34,56.63,27.41,33.0,4.0,mb,us
2002-05-22,09:04:26,51.99,29.43,33.0,3.7,mb,us
2002-05-22,09:12:15,74.48,39.77,33.0,4.7,mb,us
2002-05-22,09:12:45,95.34,36.99,10.0,5.0,mb,us
2002-05-22,10:30:48,95.32,36.92,10.0,4.3,mb,us
2002-05-22,12:56:57,70.46,36.62,247.1,3.9,mb,us
2002-05-22,13:12:56,71.08,36.46,200.0,4.0,mb,us
2002-05-22,19:17:04,71.4,36.49,163.5,3.6,mb,us
2002-05-22,19:28:15,81.93,29.44,33.0,4.3,mb,us
2002-05-23,05:03:55,76.43,34.32,33.0,4.4,mb,us
2002-05-23,09:20:18,69.64,36.05,100.0,4.3,mb,us
2002-05-23,14:26:44,102.69,27.62,33.0,4.3,mb,us
2002-05-23,14:56:52,81.21,35.41,33.0,3.7,mb,us
2002-05-23,15:24:41,76.74,34.36,33.0,4.3,mb,us
2002-05-23,19:40:51,72.06,37.44,33.0,3.7,mb,us
2002-05-24,17:46:46,69.12,36.15,33.0,4.5,mb,us
2002-05-25,13:11:39,81.82,36.36,33.0,3.7,mb,us
2002-05-26,01:38:40,70.65,36.5,200.0,3.5,mb,us
2002-05-26,02:14:06,68.56,38.86,33.0,4.0,mb,us
2002-05-26,06:09:28,96.13,23.94,33.0,4.5,mb,us
2002-05-26,09:50:14,51.97,29.58,33.0,4.2,mb,us
2002-05-26,23:02:58,71.17,35.22,33.0,4.2,mb,us
2002-05-27,00:05:15,71.15,34.13,33.0,4.0,mb,us
2002-05-27,01:16:29,56.71,27.79,33.0,4.2,mb,us
2002-05-27,01:36:11,85.42,31.5,33.0,4.3,mb,us
2002-05-27,21:24:24,103.34,23.79,10.0,4.5,mb,us
2002-05-28,04:00:14,95.87,33.74,33.0,4.5,mb,us
2002-05-28,11:02:27,70.64,36.53,209.3,4.1,mb,us
2002-05-28,11:24:36,84.67,43.68,33.0,4.9,mb,us
2002-05-28,19:05:32,56.74,27.72,50.3,4.7,mb,us
2002-05-28,22:32:00,73.46,39.33,33.0,4.1,mb,us
2002-05-29,04:40:59,73.38,39.29,33.0,3.4,mb,us
2002-05-29,12:24:14,95.31,36.99,10.0,4.5,mb,us
2002-05-29,17:54:16,95.28,37.02,10.0,4.7,mb,us
2002-05-30,14:12:33,69.13,36.04,33.0,3.8,mb,us
2002-05-30,18:14:20,73.64,39.46,51.4,4.8,mb,us
2002-05-30,21:11:39,90.65,33.49,49.7,4.8,mb,us
2002-05-30,22:25:20,72.61,37.25,63.4,4.4,mb,us
2002-05-31,03:53:04,104.22,30.29,33.0,4.6,mb,us
2002-05-31,10:47:46,78.69,43.25,53.0,3.7,mb,us
2002-05-31,23:26:19,70.42,36.57,218.1,3.7,mb,us
2002-06-01,09:26:38,71.65,36.46,129.5,4.2,mb,us
2002-06-01,16:12:37,51.23,29.57,33.0,5.0,mwc,hrv
2002-06-01,20:26:14,74.0,38.17,187.3,3.6,mb,us
2002-06-02,02:58:01,92.89,35.82,33.0,4.5,ms,us
2002-06-02,03:51:46,70.47,38.4,33.0,3.9,mb,us
2002-06-02,05:16:07,70.97,36.4,200.0,3.4,mb,us
2002-06-02,06:12:14,83.52,28.14,33.0,3.8,mb,us
2002-06-02,18:30:05,70.8,36.37,72.9,3.9,mb,us
2002-06-02,20:08:23,57.67,27.92,29.7,4.7,mb,us
2002-06-02,20:17:26,57.73,27.9,33.0,4.4,mb,us
2002-06-03,13:35:28,51.92,29.37,33.0,4.5,mb,us
2002-06-03,20:17:30,63.44,25.45,33.0,4.6,mb,us
2002-06-04,09:33:18,69.12,35.96,10.0,4.2,mb,us
2002-06-04,14:36:06,81.44,30.6,33.0,5.6,mwc,hrv
2002-06-04,14:47:16,81.45,30.47,33.0,4.6,mb,us
2002-06-04,15:27:07,81.24,30.32,33.0,4.0,mb,us
2002-06-04,17:27:07,81.4,30.42,33.0,4.4,mb,us
2002-06-04,18:32:17,76.44,34.3,33.0,4.3,mb,us
2002-06-04,19:51:19,69.05,36.02,10.0,4.1,mb,us
2002-06-05,05:35:43,81.26,30.39,33.0,4.4,mb,us
2002-06-06,00:32:47,70.64,36.33,178.5,4.2,mb,us
2002-06-06,01:35:52,81.25,30.46,33.0,4.7,mb,us
2002-06-06,01:56:15,81.42,30.62,33.0,3.7,mb,us
2002-06-06,09:29:42,51.43,29.34,33.0,4.5,mb,us
2002-06-07,14:18:45,54.05,30.36,33.0,4.0,mb,us
2002-06-07,18:30:21,95.3,24.85,148.2,4.0,mb,us
2002-06-07,23:21:15,66.21,38.32,33.0,3.7,mb,us
2002-06-08,01:44:17,106.54,39.11,33.0,3.7,mb,us
2002-06-08,02:37:20,70.74,36.44,179.3,4.0,mb,us
2002-06-09,12:34:43,81.4,33.33,33.0,4.2,mb,us
2002-06-09,16:17:13,81.46,30.5,33.0,4.0,mb,us
2002-06-09,22:18:56,71.31,36.39,85.7,4.9,mb,us
2002-06-10,23:26:41,72.12,35.86,100.0,4.0,mb,us
2002-06-11,22:50:15,72.78,37.98,148.4,4.3,mb,us
2002-06-12,17:51:01,81.36,30.27,33.0,3.8,mb,us
2002-06-15,20:24:53,69.75,30.11,33.0,4.3,mb,us
2002-06-16,20:35:44,87.85,29.84,12.8,4.3,mb,us
2002-06-16,22:30:20,50.78,29.95,33.0,4.5,mb,us
2002-06-17,02:55:29,94.38,34.14,10.0,4.8,mb,us
2002-06-17,09:30:45,71.47,36.75,200.0,3.7,mb,us
2002-06-17,14:14:18,78.27,39.93,33.0,4.1,mb,us
2002-06-18,00:13:44,72.67,37.37,80.3,4.6,mb,us
2002-06-18,21:07:03,54.16,27.66,33.0,4.6,mb,us
2002-06-18,22:51:59,54.08,27.63,33.0,4.2,mb,us
2002-06-19,01:00:01,54.11,27.64,33.0,4.2,mb,us
2002-06-19,02:23:20,54.04,27.84,33.0,4.3,mb,us
2002-06-19,14:10:33,68.51,32.35,33.0,4.2,mb,us
2002-06-19,15:48:26,54.03,27.34,33.0,4.6,mb,us
2002-06-20,05:40:43,88.93,25.84,39.8,4.5,mb,us
2002-06-21,10:07:27,80.99,41.75,60.5,4.1,mb,us
2002-06-21,14:15:55,80.77,34.27,33.0,4.7,mb,us
2002-06-23,02:43:24,51.22,29.21,33.0,4.4,mb,us
2002-06-23,06:34:18,54.2,27.54,33.0,4.0,mb,us
2002-06-24,20:42:02,71.58,36.07,100.0,3.8,mb,us
2002-06-25,02:04:45,81.04,41.76,33.0,4.5,mb,us
2002-06-25,03:22:39,70.35,36.49,200.0,3.3,mb,us
2002-06-27,02:34:49,82.9,34.59,33.0,3.9,mb,us
2002-06-27,11:37:17,93.19,35.67,33.0,4.6,mb,us
2002-06-28,10:18:55,66.48,28.38,33.0,4.6,mb,us
2002-06-28,13:04:31,54.02,27.3,33.0,3.7,mb,us
2002-06-28,14:51:59,54.77,27.5,33.0,3.7,mb,us
2002-06-28,19:27:30,54.12,36.26,33.0,4.4,mb,us
2002-06-28,23:27:02,69.39,35.96,33.0,3.7,mb,us
2002-06-28,23:33:19,70.22,36.45,224.7,3.9,mb,us
2002-06-29,06:54:43,94.5,34.13,33.0,5.6,mwc,hrv
2002-06-29,16:11:28,70.81,36.46,198.5,4.7,mb,us
2002-06-29,20:48:56,70.46,36.6,218.7,3.7,mb,us
2002-06-29,21:33:41,94.41,34.12,33.0,4.3,mb,us
2002-06-30,01:25:05,83.54,42.24,35.3,4.7,mb,us
2002-06-30,03:09:57,72.55,38.06,127.6,4.2,mb,us
2002-06-30,04:08:01,58.2,8.74,10.0,5.4,mwc,hrv
2002-06-30,04:17:09,58.16,8.69,10.0,5.0,mb,us
2002-06-30,04:48:57,83.5,42.09,33.0,4.1,mb,us
2002-07-01,07:36:02,71.46,36.68,200.0,3.6,mb,us
2002-07-01,08:20:52,53.8,27.31,33.0,4.4,mb,us
2002-07-01,23:04:03,53.83,14.09,10.0,4.6,mb,us
2002-07-01,23:18:42,71.92,37.52,200.0,3.2,mb,us
2002-07-02,17:10:40,84.51,26.9,33.0,3.9,mb,us
2002-07-04,01:03:37,94.66,22.91,113.7,4.6,mb,us
2002-07-04,19:54:25,69.74,37.65,56.8,4.3,mb,us
2002-07-04,23:58:34,71.02,36.36,181.6,3.8,mb,us
2002-07-05,03:20:09,102.86,37.61,33.0,4.1,mb,us
2002-07-05,19:31:39,69.81,37.66,33.0,3.8,mb,us
2002-07-05,22:58:16,96.28,32.49,33.0,4.1,mb,us
2002-07-06,15:01:37,73.15,38.45,116.6,4.4,mb,us
2002-07-07,02:47:11,94.67,22.46,132.1,3.9,mb,us
2002-07-07,10:12:32,71.17,41.11,44.5,4.4,mb,us
2002-07-09,03:08:05,88.0,29.89,33.0,4.7,mb,us
2002-07-09,04:59:55,99.3,31.64,33.0,4.5,mb,us
2002-07-09,23:16:37,99.27,31.69,33.0,4.6,mb,us
2002-07-10,06:38:15,80.61,34.1,33.0,4.4,mb,us
2002-07-10,14:31:59,92.1,26.34,37.4,3.8,mb,us
2002-07-11,03:33:06,72.14,37.3,190.2,4.1,mb,us
2002-07-12,04:08:20,51.91,29.1,33.0,4.0,mb,us
2002-07-13,10:15:33,74.07,39.54,33.0,3.8,mb,us
2002-07-13,12:02:03,67.9,39.75,33.0,3.7,mb,us
2002-07-13,14:15:38,69.08,41.19,33.0,4.2,mb,us
2002-07-13,20:06:28,69.98,30.8,33.0,5.8,mwc,hrv
2002-07-14,01:15:11,94.22,23.92,65.4,4.7,mb,us
2002-07-14,02:17:54,93.9,23.52,79.5,4.6,mb,us
2002-07-14,08:48:19,69.56,30.76,33.0,3.9,mb,us
2002-07-14,21:03:55,69.97,36.34,33.0,3.6,mb,us
2002-07-14,21:55:17,63.77,40.46,33.0,4.0,mb,us
2002-07-14,22:35:08,59.33,37.12,10.0,3.7,mb,us
2002-07-15,05:01:13,69.6,36.18,100.0,4.0,mb,us
2002-07-16,06:53:57,71.82,37.46,135.6,4.2,mb,us
2002-07-16,17:15:30,104.04,31.53,33.0,4.1,mb,us
2002-07-16,18:39:24,87.47,27.77,33.0,4.0,mb,us
2002-07-17,09:13:53,94.42,46.47,16.2,4.0,mb,us
2002-07-18,05:38:28,71.62,36.92,209.4,4.2,mb,us
2002-07-18,09:50:38,98.38,21.23,33.0,4.2,mb,us
2002-07-18,14:15:44,54.65,39.73,33.0,4.6,mb,us
2002-07-18,15:52:50,98.27,21.2,33.0,4.5,mb,us
2002-07-18,20:12:47,71.09,36.52,200.0,3.5,mb,us
2002-07-18,20:29:59,70.44,36.46,202.3,4.2,mb,us
2002-07-18,23:24:20,87.52,28.19,33.0,3.9,mb,us
2002-07-19,07:37:01,77.76,40.2,33.0,3.4,mb,us
2002-07-20,07:37:31,92.14,25.09,33.0,4.3,mb,us
2002-07-22,12:26:14,94.54,24.75,74.0,3.9,mb,us
2002-07-22,16:25:11,92.89,85.25,10.0,4.1,mb,us
2002-07-25,03:35:35,69.67,35.83,100.0,3.8,mb,us
2002-07-25,09:45:50,87.84,29.97,33.0,3.9,mb,us
2002-07-26,11:45:29,55.09,38.98,33.0,4.3,mb,us
2002-07-27,10:36:25,68.28,29.77,33.0,4.2,mb,us
2002-07-28,00:17:01,70.65,30.0,33.0,4.4,mb,us
2002-07-28,20:28:31,107.77,52.98,10.0,4.7,mb,us
2002-07-29,08:24:00,70.67,36.45,200.0,4.0,mb,us
2002-07-29,11:39:34,51.78,28.34,33.0,3.7,mb,us
2002-07-29,17:45:52,90.52,35.9,33.0,3.7,mb,us
2002-07-30,02:12:45,99.39,31.92,33.0,3.8,mb,us
2002-07-31,03:21:33,94.11,50.57,33.0,4.5,mb,us
2002-08-01,08:17:13,79.23,36.51,33.0,4.5,mb,us
2002-08-01,15:17:18,87.95,29.9,33.0,4.4,mb,us
2002-08-01,16:25:44,71.19,36.47,33.0,4.7,mb,us
2002-08-03,06:08:20,84.67,42.23,33.0,3.9,mb,us
2002-08-03,15:26:13,72.87,33.88,33.0,4.0,mb,us
2002-08-03,15:47:30,72.54,37.96,196.9,3.6,mb,us
2002-08-03,16:28:46,93.39,22.19,74.3,3.8,mb,us
2002-08-05,00:52:07,81.28,30.25,33.0,3.7,mb,us
2002-08-05,01:10:22,71.11,36.48,200.0,3.3,mb,us
2002-08-05,05:53:36,71.08,36.41,200.0,3.4,mb,us
2002-08-06,23:30:01,87.87,29.91,33.0,4.6,mb,us
2002-08-07,02:02:17,71.13,36.58,228.9,4.4,mb,us
2002-08-07,23:29:00,82.56,42.28,33.0,3.8,mb,us
2002-08-08,11:42:05,99.93,30.92,33.0,5.3,mwc,hrv
2002-08-08,20:51:21,70.92,36.51,200.0,4.1,mb,us
2002-08-08,22:31:15,90.19,38.51,33.0,4.0,mb,us
2002-08-08,22:45:34,70.78,36.5,33.0,4.1,mb,us
2002-08-09,21:00:56,70.31,23.41,10.0,4.6,mb,us
2002-08-11,13:49:47,69.93,38.56,33.0,4.0,mb,us
2002-08-11,13:55:55,71.08,38.49,33.0,4.1,mb,us
2002-08-12,03:36:40,72.77,39.15,33.0,4.1,mb,us
2002-08-12,11:28:33,70.13,36.47,233.1,4.6,mb,us
2002-08-13,07:47:43,55.82,14.76,10.0,5.2,mwc,hrv
2002-08-13,08:37:23,55.85,14.75,10.0,5.8,mwc,hrv
2002-08-13,08:43:39,55.72,14.74,10.0,4.8,mb,us
2002-08-13,08:47:29,55.74,14.89,10.0,5.1,mb,us
2002-08-13,08:49:55,55.77,14.88,10.0,5.0,mb,us
2002-08-13,16:22:26,69.08,36.29,33.0,3.8,mb,us
2002-08-13,19:56:40,69.7,34.57,33.0,3.7,mb,us
2002-08-13,21:32:22,98.46,31.14,33.0,4.0,mb,us
2002-08-13,22:24:12,71.5,36.62,94.7,4.6,mb,us
2002-08-14,13:01:34,81.25,30.27,33.0,3.8,mb,us
2002-08-14,16:27:16,55.94,14.63,10.0,4.2,mb,us
2002-08-14,16:29:31,55.83,14.7,10.0,5.2,mb,us
2002-08-14,16:31:51,55.84,14.75,10.0,5.1,mb,us
2002-08-16,00:50:05,70.18,36.39,150.9,4.1,mb,us
2002-08-16,05:49:01,98.52,31.11,33.0,3.9,mb,us
2002-08-16,07:14:35,87.89,30.06,33.0,4.1,mb,us
2002-08-16,16:32:34,94.93,24.68,139.5,3.9,mb,us
2002-08-16,19:53:59,100.95,27.68,33.0,4.4,mb,us
2002-08-16,19:59:28,70.61,36.35,155.0,3.6,mb,us
2002-08-18,00:32:07,72.95,34.09,33.0,4.2,mb,us
2002-08-18,16:03:36,70.23,23.24,10.0,3.9,mb,us
2002-08-19,19:36:00,95.48,35.57,33.0,4.3,mb,us
2002-08-20,08:39:06,70.04,36.94,33.0,3.6,mb,us
2002-08-20,08:46:27,92.86,27.29,86.1,4.4,mb,us
2002-08-20,14:54:08,71.06,36.36,100.0,4.0,mb,us
2002-08-20,17:47:39,67.32,27.74,33.0,3.9,mb,us
2002-08-20,21:07:07,73.54,37.67,33.0,3.6,mb,us
2002-08-21,22:05:06,71.64,37.12,116.0,4.3,mb,us
2002-08-21,22:59:02,66.4,38.75,33.0,3.8,mb,us
2002-08-22,00:30:24,78.65,40.76,33.0,4.8,mb,us
2002-08-22,04:50:14,88.09,29.82,38.5,4.5,mb,us
2002-08-22,06:07:24,51.3,28.74,33.0,4.4,mb,us
2002-08-22,17:34:32,65.9,27.0,33.0,4.2,mb,us
2002-08-23,15:44:50,98.34,84.84,10.0,3.9,mb,us
2002-08-24,01:39:43,54.73,26.72,33.0,3.7,mb,us
2002-08-24,02:07:30,56.35,14.5,10.0,4.7,mb,us
2002-08-24,02:14:20,56.33,14.57,10.0,4.8,mb,us
2002-08-24,02:16:41,56.25,14.56,10.0,4.6,mb,us
2002-08-24,18:11:54,96.46,26.85,33.0,3.8,mb,us
2002-08-25,04:16:23,56.35,14.54,10.0,4.3,mb,us
2002-08-26,11:21:55,63.17,40.46,33.0,4.4,mb,us
2002-08-27,05:48:44,69.67,32.1,33.0,4.1,mb,us
2002-08-29,00:57:03,54.52,27.78,33.0,3.7,mb,us
2002-08-29,01:38:19,92.96,35.7,33.0,4.2,mb,us
2002-08-29,03:56:22,70.66,35.72,33.0,3.7,mb,us
2002-08-29,09:53:50,51.6,30.18,33.0,4.7,mb,us
2002-08-29,11:35:32,72.14,36.78,200.0,4.0,mb,us
2002-08-29,22:24:48,70.26,23.06,10.0,3.8,mb,us
2002-08-30,11:49:58,71.35,36.27,33.0,3.9,mb,us
2002-08-31,12:40:35,87.88,29.87,33.0,5.0,mb,us
2002-09-01,05:19:13,103.3,51.24,16.8,4.4,mb,us
2002-09-01,17:15:00,51.94,14.28,10.0,6.0,mwc,hrv
2002-09-01,21:47:01,82.39,41.96,33.0,3.9,mb,us
2002-09-02,00:21:37,51.94,14.13,10.0,5.0,mwc,hrv
2002-09-02,00:26:05,51.75,14.22,10.0,4.2,mb,us
2002-09-02,06:40:39,53.67,14.24,10.0,4.3,mb,us
2002-09-02,06:42:40,53.93,14.19,10.0,4.7,mb,us
2002-09-02,17:52:52,112.63,37.86,25.7,4.7,mb,us
2002-09-03,05:38:39,55.92,27.21,33.0,4.4,mb,us
2002-09-03,17:26:56,70.72,36.42,232.8,5.2,mwc,hrv
2002-09-03,23:50:41,73.16,38.24,117.7,4.6,mb,us
2002-09-04,16:11:57,77.76,31.23,33.0,4.1,mb,us
2002-09-05,11:03:06,72.01,39.77,31.6,5.5,mwc,hrv
2002-09-05,20:32:43,71.09,36.63,33.0,3.7,mb,us
2002-09-08,04:32:11,70.65,36.3,200.0,3.8,mb,us
2002-09-08,08:36:18,70.95,36.46,200.0,3.5,mb,us
2002-09-08,09:16:40,57.76,13.03,10.0,4.9,mwc,hrv
2002-09-09,07:56:52,51.29,29.45,33.0,4.7,mb,us
2002-09-09,17:37:04,89.15,40.96,10.0,4.2,mb,us
2002-09-09,22:27:05,67.42,48.11,33.0,4.4,mb,us
2002-09-09,22:33:46,85.07,33.01,33.0,4.4,mb,us
2002-09-09,23:46:57,73.47,36.08,33.0,4.1,mb,us
2002-09-10,01:27:04,96.19,26.6,100.1,4.1,mb,us
2002-09-11,06:40:09,70.81,36.34,159.8,3.5,mb,us
2002-09-13,03:07:05,73.46,38.73,100.0,4.3,mb,us
2002-09-13,18:20:30,70.8,35.69,33.0,4.0,mb,us
2002-09-16,06:10:32,71.19,36.4,200.0,3.5,mb,us
2002-09-16,23:27:50,68.53,42.0,33.0,4.2,mb,us
2002-09-17,03:06:01,54.66,36.9,33.0,4.1,mb,us
2002-09-18,04:13:18,90.01,36.12,10.0,3.8,mb,us
2002-09-18,11:27:38,65.61,25.06,47.1,4.9,mb,us
2002-09-20,03:57:21,76.11,37.66,33.0,4.2,mb,us
2002-09-20,14:26:46,72.14,37.72,113.2,4.0,mb,us
2002-09-21,01:51:20,70.99,36.4,182.8,3.4,mb,us
2002-09-21,03:21:48,77.74,40.88,59.2,4.1,mb,us
2002-09-21,23:39:54,78.08,37.2,33.0,4.6,mb,us
2002-09-22,19:57:55,70.97,36.46,200.0,4.2,mb,us
2002-09-23,06:48:38,55.5,32.39,33.0,4.0,mb,us
2002-09-26,11:35:06,71.57,42.17,33.0,4.5,mb,us
2002-09-27,09:51:07,87.88,29.78,33.0,4.4,mb,us
2002-09-27,15:20:46,93.91,23.18,62.0,4.8,mb,us
2002-09-27,15:48:52,71.46,37.08,33.0,3.8,mb,us
2002-09-27,17:14:38,93.57,33.36,33.0,5.1,mwc,hrv
2002-09-29,09:00:38,54.96,14.84,10.0,4.6,mb,us
2002-09-29,14:03:20,79.92,29.86,10.0,3.9,mb,us
2002-09-29,17:02:45,70.09,36.19,135.6,5.2,mwc,hrv
2002-10-01,02:51:25,70.72,36.38,149.9,5.2,mwc,hrv
2002-10-02,01:21:57,82.78,47.44,33.0,3.7,mb,us
2002-10-02,02:18:03,88.58,50.31,33.0,4.3,mb,us
2002-10-02,06:51:08,99.12,35.76,10.0,4.5,mb,us
2002-10-02,09:50:52,89.08,43.57,29.4,4.6,mb,us
2002-10-02,23:28:48,72.92,36.84,33.0,4.4,mb,us
2002-10-03,07:23:11,73.7,31.7,33.0,4.6,mb,us
2002-10-04,15:00:32,70.45,37.86,33.0,3.8,mb,us
2002-10-04,17:59:02,114.49,56.22,10.0,4.4,mb,us
2002-10-04,21:13:05,57.06,31.28,33.0,4.0,mb,us
2002-10-05,05:18:53,94.64,24.37,43.8,4.3,mb,us
2002-10-05,11:47:35,71.25,36.91,33.0,4.4,mb,us
2002-10-05,12:14:41,95.33,24.79,184.8,4.2,mb,us
2002-10-05,13:24:18,70.78,36.49,173.3,4.3,mb,us
2002-10-06,09:51:46,52.83,28.26,33.0,4.6,mb,us
2002-10-06,11:09:55,57.48,13.02,10.0,4.7,mb,us
2002-10-06,12:12:52,74.42,39.73,33.0,3.7,mb,us
2002-10-07,03:01:47,87.09,43.42,29.6,4.8,mb,us
2002-10-07,13:10:59,71.69,40.91,33.0,4.6,mb,us
2002-10-07,18:10:51,50.92,13.62,33.0,4.8,mb,us
2002-10-08,04:48:17,77.21,31.73,33.0,4.5,mb,us
2002-10-08,17:11:05,71.82,39.77,33.0,3.7,mb,us
2002-10-09,12:13:45,80.63,34.26,33.0,3.7,mb,us
2002-10-09,17:49:40,80.82,34.15,33.0,4.3,mb,us
2002-10-09,19:36:06,56.53,28.37,33.0,3.8,mb,us
2002-10-10,12:13:44,52.33,35.89,33.0,4.7,mb,us
2002-10-10,15:28:01,71.02,36.53,206.3,4.2,mb,us
2002-10-11,11:02:55,93.84,23.0,74.0,4.8,mb,us
2002-10-11,13:26:19,54.56,27.91,33.0,3.9,mb,us
2002-10-11,15:45:40,76.55,39.56,33.0,4.1,mb,us
2002-10-11,16:13:23,70.93,36.57,222.4,4.0,mb,us
2002-10-11,21:07:10,88.23,31.23,60.9,4.7,mb,us
2002-10-11,22:24:30,88.01,29.92,33.0,4.4,mb,us
2002-10-12,10:33:18,77.22,39.28,33.0,4.1,mb,us
2002-10-12,15:17:48,51.42,29.18,33.0,4.5,mb,us
2002-10-13,23:19:31,56.88,30.73,33.0,4.6,mb,us
2002-10-14,13:27:50,91.77,24.69,33.0,4.9,mb,us
2002-10-15,00:31:18,69.67,34.57,33.0,3.7,mb,us
2002-10-15,16:56:09,52.26,35.92,10.0,4.0,mb,us
2002-10-16,01:31:15,93.53,21.18,40.5,5.1,mwc,hrv
2002-10-16,09:13:38,56.49,31.41,33.0,4.8,mb,us
2002-10-16,09:20:50,56.47,31.46,33.0,5.3,mwc,hrv
2002-10-17,04:30:39,71.09,36.55,200.0,4.0,mb,us
2002-10-17,14:24:36,71.07,36.59,192.2,4.3,mb,us
2002-10-17,16:31:47,97.8,29.66,80.9,4.4,mb,us
2002-10-18,22:24:54,52.51,36.28,33.0,4.2,mb,us
2002-10-19,07:24:37,93.13,35.65,33.0,5.1,mwc,hrv
2002-10-19,11:11:33,102.14,25.85,10.0,4.6,mb,us
2002-10-19,15:57:14,54.91,39.04,33.0,5.2,mwc,hrv
2002-10-20,06:49:58,84.1,30.71,33.0,3.5,mb,us
2002-10-20,19:03:09,51.81,14.07,10.0,4.6,mb,us
2002-10-21,13:49:36,71.12,36.13,100.0,3.7,mb,us
2002-10-22,09:44:03,93.03,22.38,33.0,4.3,mb,us
2002-10-23,01:15:00,57.35,11.16,10.0,5.2,mwc,hrv
2002-10-26,20:28:48,96.1,35.14,33.0,5.4,mwc,hrv
2002-10-28,21:56:55,85.63,50.04,49.6,4.2,mb,us
2002-10-29,11:01:46,71.74,37.25,126.1,4.6,mb,us
2002-10-29,17:26:33,87.42,28.01,33.0,4.1,mb,us
2002-10-29,20:13:46,71.47,36.72,76.0,4.5,mb,us
2002-10-30,03:13:02,70.26,37.11,33.0,3.5,mb,us
2002-10-30,15:09:15,91.26,20.66,33.0,3.9,mb,us
2002-10-30,20:31:18,55.08,39.04,33.0,3.8,mb,us
2002-10-30,22:27:33,70.87,36.48,203.6,4.0,mb,us
2002-10-31,16:03:25,97.73,85.01,10.0,4.5,mb,us
2002-11-01,02:29:04,72.23,39.92,33.0,5.0,mwc,hrv
2002-11-01,07:37:19,72.33,40.09,33.0,4.0,mb,us
2002-11-01,14:02:48,94.05,46.08,10.0,5.1,mb,us
2002-11-01,16:03:57,77.61,40.31,33.0,4.3,mb,us
2002-11-01,17:22:44,70.85,36.54,223.5,4.2,mb,us
2002-11-01,20:05:40,93.94,22.55,73.1,4.2,mb,us
2002-11-01,22:09:29,74.65,35.52,33.0,5.4,mwc,hrv
2002-11-01,22:55:23,74.22,35.3,33.0,4.1,mb,us
2002-11-01,23:01:46,74.57,35.55,33.0,4.8,mb,us
2002-11-01,23:51:11,74.57,35.47,33.0,4.2,mb,us
2002-11-02,01:27:27,74.42,35.65,33.0,5.2,mb,us
2002-11-02,01:54:29,74.6,35.35,33.0,4.3,mb,us
2002-11-02,01:59:24,74.58,35.26,33.0,4.4,mb,us
2002-11-02,04:55:10,74.45,35.24,33.0,4.4,mb,us
2002-11-02,08:40:31,74.49,35.44,33.0,4.4,mb,us
2002-11-02,11:22:57,74.57,35.51,33.0,3.9,mb,us
2002-11-02,11:52:52,74.55,35.43,33.0,4.6,mb,us
2002-11-02,15:23:36,74.5,35.48,33.0,4.7,mb,us
2002-11-02,21:44:01,74.66,35.46,33.0,4.6,mb,us
2002-11-02,23:55:57,74.54,35.41,33.0,4.6,mb,us
2002-11-03,00:34:29,74.59,35.43,33.0,4.6,mb,us
2002-11-03,01:06:50,74.59,35.29,33.0,3.7,mb,us
2002-11-03,01:24:57,74.62,35.52,33.0,4.0,mb,us
2002-11-03,03:09:09,59.84,16.05,10.0,4.4,mb,us
2002-11-03,04:47:35,74.59,35.32,33.0,4.6,mb,us
2002-11-03,06:11:26,74.62,35.45,33.0,4.5,mb,us
2002-11-03,07:33:38,74.6,35.42,33.0,5.3,mwc,hrv
2002-11-03,08:48:11,74.54,35.18,31.4,4.7,mb,us
2002-11-03,12:50:25,74.13,35.31,33.0,3.7,mb,us
2002-11-03,14:09:34,74.85,35.45,33.0,4.0,mb,us
2002-11-03,14:49:00,71.16,36.55,200.0,3.7,mb,us
2002-11-03,18:09:08,74.66,35.53,33.0,4.0,mb,us
2002-11-03,18:44:00,74.98,35.49,33.0,3.6,mb,us
2002-11-03,21:17:52,74.67,35.43,33.0,3.4,mb,us
2002-11-04,05:18:51,74.88,35.55,33.0,4.4,mb,us
2002-11-04,05:40:33,74.75,35.37,33.0,4.4,mb,us
2002-11-04,05:47:40,74.56,35.38,33.0,4.7,mb,us
2002-11-04,05:50:39,74.07,35.24,33.0,3.9,mb,us
2002-11-04,06:14:50,74.11,35.33,33.0,3.9,mb,us
2002-11-04,10:59:35,82.21,28.86,33.0,4.2,mb,us
2002-11-04,18:04:59,74.28,35.21,33.0,3.3,mb,us
2002-11-04,19:49:10,74.51,35.47,33.0,4.5,mb,us
2002-11-04,22:03:51,74.76,35.53,33.0,4.2,mb,us
2002-11-04,22:30:36,74.57,35.49,33.0,4.8,mb,us
2002-11-05,11:59:36,74.5,35.46,33.0,4.3,mb,us
2002-11-05,12:17:45,74.54,35.47,33.0,4.5,mb,us
2002-11-05,23:39:45,86.58,31.01,41.3,4.8,mb,us
2002-11-06,17:39:37,71.13,36.66,33.0,3.7,mb,us
2002-11-07,09:38:58,71.68,39.18,33.0,4.9,mb,us
2002-11-07,20:15:44,74.65,35.38,33.0,3.7,mb,us
2002-11-07,21:13:13,74.48,36.6,33.0,3.8,mb,us
2002-11-08,02:15:42,74.43,35.4,33.0,4.0,mb,us
2002-11-08,02:22:24,74.65,35.49,33.0,4.6,mb,us
2002-11-08,02:51:42,74.17,35.37,33.0,3.8,mb,us
2002-11-08,03:12:15,74.57,35.51,33.0,4.7,mb,us
2002-11-08,03:16:28,74.81,35.42,33.0,4.5,mb,us
2002-11-08,13:46:00,74.56,35.49,33.0,4.0,mb,us
2002-11-08,19:39:39,52.29,27.73,33.0,4.0,mb,us
2002-11-09,04:23:18,91.84,37.93,33.0,4.8,mb,us
2002-11-10,03:19:02,80.83,34.31,33.0,4.8,mb,us
2002-11-12,00:32:09,94.72,24.51,109.7,4.2,mb,us
2002-11-12,00:40:20,72.53,39.27,33.0,4.0,mb,us
2002-11-12,08:26:17,78.43,40.88,33.0,4.4,mb,us
2002-11-12,19:58:05,95.71,37.01,10.0,4.2,mb,us
2002-11-13,11:58:17,84.14,30.74,33.0,4.1,mb,us
2002-11-13,18:41:10,70.81,36.4,187.6,3.8,mb,us
2002-11-13,20:57:15,70.3,37.91,33.0,4.1,mb,us
2002-11-14,02:59:22,92.64,27.55,61.0,4.6,mb,us
2002-11-14,04:07:30,59.64,32.77,33.0,4.6,mb,us
2002-11-16,08:52:21,90.41,29.67,10.0,4.6,mb,us
2002-11-16,09:40:13,90.52,29.77,10.0,4.7,mb,us
2002-11-16,09:44:53,90.48,29.77,10.0,4.6,mb,us
2002-11-16,14:18:59,71.73,37.12,156.4,3.9,mb,us
2002-11-16,18:04:41,90.41,29.69,10.0,4.3,mb,us
2002-11-16,21:59:15,98.09,34.92,33.0,3.6,mb,us
2002-11-17,21:11:05,95.59,32.29,33.0,4.0,mb,us
2002-11-17,21:22:02,95.56,32.16,33.0,4.0,mb,us
2002-11-18,19:20:16,71.89,37.25,100.0,3.7,mb,us
2002-11-18,21:59:41,95.15,21.73,63.7,4.0,mb,us
2002-11-19,04:30:36,74.22,35.41,150.0,3.6,mb,us
2002-11-20,13:45:04,103.13,34.07,33.0,4.3,mb,us
2002-11-20,19:23:25,70.42,36.5,201.5,4.0,mb,us
2002-11-20,21:32:31,74.52,35.41,33.0,6.3,mwc,hrv
2002-11-20,21:43:58,74.55,35.41,33.0,5.0,mb,us
2002-11-20,22:50:25,74.59,35.48,33.0,3.9,mb,us
2002-11-21,00:02:15,74.61,35.49,33.0,4.4,mb,us
2002-11-21,03:08:00,74.58,35.38,33.0,4.5,mb,us
2002-11-21,03:10:29,74.62,35.42,33.0,4.0,mb,us
2002-11-21,03:16:19,74.62,35.42,33.0,4.6,mb,us
2002-11-21,05:39:55,74.59,35.55,33.0,3.5,mb,us
2002-11-21,07:13:01,74.5,35.37,33.0,3.8,mb,us
2002-11-21,15:34:09,70.46,36.52,208.7,4.1,mb,us
2002-11-22,07:10:46,74.61,35.59,33.0,4.4,mb,us
2002-11-22,08:42:46,72.18,39.26,33.0,4.1,mb,us
2002-11-22,09:12:13,73.59,33.55,33.0,4.3,mb,us
2002-11-23,20:02:49,71.74,33.66,33.0,4.7,mb,us
2002-11-24,06:06:00,95.49,32.35,55.6,4.4,mb,us
2002-11-24,09:38:51,74.55,35.47,33.0,3.8,mb,us
2002-11-24,11:56:34,71.66,33.64,33.0,4.1,mb,us
2002-11-24,12:57:01,74.78,35.34,33.0,4.7,mb,us
2002-11-24,13:32:47,74.83,35.32,33.0,4.9,mb,us
2002-11-24,14:57:55,73.8,35.04,33.0,3.9,mb,us
2002-11-24,17:35:41,68.81,36.14,33.7,4.6,mb,us
2002-11-24,18:58:09,74.54,35.36,33.0,4.3,mb,us
2002-11-25,06:11:06,99.92,30.9,33.0,4.8,mb,us
2002-11-25,11:06:33,74.54,35.38,33.0,4.4,mb,us
2002-11-26,22:11:41,95.61,32.26,33.0,4.4,mb,us
2002-11-27,04:55:32,56.33,37.28,33.0,4.4,mb,us
2002-11-27,14:49:47,53.52,27.19,33.0,3.9,mb,us
2002-11-28,09:54:56,72.15,38.63,33.0,4.5,mb,us
2002-11-28,14:07:51,71.28,36.35,100.0,4.3,mb,us
2002-11-28,18:53:34,82.33,47.68,28.8,4.8,mb,us
2002-11-28,23:06:33,74.82,35.5,33.0,4.3,mb,us
2002-11-29,00:29:42,89.4,35.7,33.0,4.1,mb,us
2002-11-29,06:03:50,57.43,10.06,10.0,5.1,mwc,hrv
2002-11-29,16:49:08,90.4,29.68,10.0,4.9,mb,us
2002-11-29,17:32:44,90.63,29.68,33.0,3.5,mb,us
2002-11-30,02:52:04,95.08,28.64,38.2,5.1,mb,us
2002-11-30,19:19:52,74.63,35.38,33.0,4.0,mb,us
2002-12-01,03:59:07,73.23,38.24,86.8,4.3,mb,us
2002-12-01,09:02:09,82.35,47.44,33.0,3.5,mb,us
2002-12-02,00:57:28,71.2,36.53,150.0,4.0,mb,us
2002-12-02,09:37:34,98.88,39.45,10.0,4.8,mb,us
2002-12-02,10:01:12,96.7,27.15,80.0,3.9,mb,us
2002-12-03,10:27:24,71.93,37.24,150.0,3.8,mb,us
2002-12-03,21:42:44,53.09,28.31,33.0,3.9,mb,us
2002-12-03,23:08:38,59.8,16.91,10.0,4.2,mb,us
2002-12-04,09:48:49,107.87,40.96,33.0,4.7,mb,us
2002-12-04,10:30:09,70.95,36.06,33.0,4.2,mb,us
2002-12-04,11:30:54,94.51,19.38,53.5,5.6,mwc,hrv
2002-12-05,15:48:13,57.44,13.1,10.0,4.2,mb,us
2002-12-05,17:34:09,81.44,41.79,33.0,4.6,mb,us
2002-12-05,17:42:05,81.33,41.77,33.0,4.5,mb,us
2002-12-06,05:04:42,95.77,19.38,33.0,4.8,mb,us
2002-12-07,07:47:39,67.95,41.38,33.0,4.3,mb,us
2002-12-08,22:10:46,72.38,42.4,33.0,3.8,mb,us
2002-12-09,08:05:49,94.41,20.7,33.0,4.3,mb,us
2002-12-10,08:21:42,74.25,35.46,33.0,4.1,mb,us
2002-12-13,00:36:21,57.45,28.98,93.2,4.2,mb,us
2002-12-14,00:59:07,96.92,25.48,33.0,3.6,mb,us
2002-12-14,13:27:29,97.44,39.74,22.0,5.6,mwb,us
2002-12-14,14:25:40,98.02,39.73,12.1,4.9,mb,us
2002-12-14,21:23:34,62.4,27.36,50.3,4.1,mb,us
2002-12-15,04:17:04,77.58,39.85,33.0,3.5,mb,us
2002-12-15,17:46:48,70.35,38.27,33.0,3.6,mb,us
2002-12-15,18:46:02,74.93,39.46,33.0,4.6,mb,us
2002-12-16,00:48:10,90.36,29.68,33.0,3.8,mb,us
2002-12-16,11:56:59,87.82,29.72,33.0,4.2,mb,us
2002-12-16,14:32:10,70.85,36.23,100.0,3.6,mb,us
2002-12-16,20:36:46,97.43,39.69,33.0,4.5,mb,us
2002-12-18,21:50:12,75.47,39.74,21.6,4.5,mb,us
2002-12-19,15:23:32,71.43,36.52,33.0,4.0,mb,us
2002-12-19,18:38:10,75.16,35.26,33.0,3.8,mb,us
2002-12-19,18:59:05,74.52,35.29,33.0,4.7,mb,us
2002-12-19,22:21:36,74.49,35.3,33.0,5.0,mb,us
2002-12-20,18:58:25,71.1,36.62,200.0,3.8,mb,us
2002-12-21,12:55:52,84.9,42.39,33.0,4.1,mb,us
2002-12-21,13:18:38,56.85,10.45,10.0,4.8,mb,us
2002-12-22,08:12:07,97.6,39.95,33.0,3.9,mb,us
2002-12-22,17:39:47,70.07,34.52,33.0,3.3,mb,us
2002-12-22,19:12:57,88.95,29.58,77.3,3.5,mb,us
2002-12-23,00:13:06,71.29,36.1,102.1,4.7,mb,us
2002-12-23,01:58:30,74.6,35.62,100.0,3.6,mb,us
2002-12-23,02:20:13,71.17,36.34,150.0,4.4,mb,us
2002-12-23,11:23:30,74.16,86.02,10.0,3.9,mb,us
2002-12-23,21:45:45,74.09,38.34,156.4,4.6,mb,us
2002-12-24,10:23:37,96.63,30.44,33.0,4.6,mb,us
2002-12-25,10:22:04,69.34,37.92,33.0,3.6,mb,us
2002-12-25,12:14:57,93.98,23.24,71.4,4.0,mb,us
2002-12-25,12:57:03,75.25,39.57,10.0,5.7,mwc,hrv
2002-12-25,19:13:43,69.87,35.7,90.8,5.5,mwc,hrv
2002-12-25,23:56:18,76.52,40.09,33.0,3.7,mb,us
2002-12-27,03:28:33,87.72,29.66,33.0,4.2,mb,us
2002-12-27,20:47:00,69.87,35.9,131.4,3.7,mb,us
2002-12-28,04:01:12,70.93,36.46,189.1,4.5,mb,us
2002-12-28,06:39:12,71.83,39.53,33.0,3.5,mb,us
2002-12-28,10:57:29,95.17,24.65,127.9,4.0,mb,us
2002-12-29,01:36:35,71.36,36.19,33.0,4.0,mb,us
2002-12-29,07:29:57,71.29,36.79,33.0,3.7,mb,us
2002-12-29,23:14:46,76.73,37.91,33.0,3.9,mb,us
2002-12-30,13:21:34,87.52,85.53,10.0,4.2,mb,us
2002-12-30,13:54:13,66.45,26.25,33.0,4.2,mb,us
2002-12-30,16:46:28,86.27,30.72,51.3,4.2,mb,us
2002-12-31,01:07:56,75.81,35.73,33.0,3.9,mb,us
2002-12-31,22:18:50,72.26,40.11,33.0,3.6,mb,us
2003-01-01,04:14:37,70.73,36.35,200.0,3.9,mb,us
2003-01-01,16:52:46,96.29,26.48,98.0,4.1,mb,us
2003-01-01,17:51:44,69.34,35.96,33.0,4.2,mb,us
2003-01-01,18:40:16,105.69,29.33,33.0,4.1,mb,us
2003-01-01,20:48:35,71.28,36.42,33.0,4.1,mb,us
2003-01-02,04:56:48,71.61,37.0,106.5,4.5,mb,us
2003-01-02,12:02:49,71.37,36.9,95.4,4.0,mb,us
2003-01-02,14:39:34,67.65,36.64,33.0,4.5,mb,us
2003-01-04,11:07:20,76.99,39.62,33.0,5.2,mwc,hrv
2003-01-04,17:00:17,76.78,39.44,16.5,4.4,mb,us
2003-01-04,17:04:13,76.77,39.56,16.8,4.3,mb,us
2003-01-07,06:29:21,71.54,36.19,100.0,3.9,mb,us
2003-01-07,16:58:02,52.79,28.37,33.0,4.4,mb,us
2003-01-08,08:50:44,73.0,39.55,33.0,4.1,mb,us
2003-01-09,01:38:56,71.6,36.51,100.0,4.4,mb,us
2003-01-09,22:05:54,70.45,37.76,33.0,3.9,mb,us
2003-01-09,23:00:01,71.8,37.26,116.2,3.9,mb,us
2003-01-10,10:52:58,70.93,36.49,173.8,3.9,mb,us
2003-01-10,23:10:21,71.21,36.51,241.2,4.3,mb,us
2003-01-11,17:45:31,51.47,29.59,33.0,5.2,mwc,hrv
2003-01-12,03:29:17,85.03,47.41,24.9,3.8,mb,us
2003-01-12,08:12:13,70.7,36.48,200.0,4.4,mb,us
2003-01-12,11:39:27,103.27,39.42,19.6,4.3,mb,us
2003-01-14,02:44:30,91.45,36.07,10.0,4.6,mb,us
2003-01-14,14:13:57,62.35,27.99,56.7,5.4,mwc,hrv
2003-01-16,02:07:42,55.26,28.01,33.0,4.6,mb,us
2003-01-16,11:36:49,88.01,29.8,12.2,5.1,mb,us
2003-01-16,21:15:26,69.14,35.84,33.0,4.4,mb,us
2003-01-16,22:15:37,89.95,32.62,51.8,4.8,mb,us
2003-01-17,02:53:04,95.24,19.89,101.8,5.0,mwc,hrv
2003-01-17,20:25:55,71.1,35.94,33.0,3.9,mb,us
2003-01-18,00:44:16,71.68,36.67,120.4,4.2,mb,us
2003-01-18,10:31:49,81.95,28.62,33.0,4.3,mb,us
2003-01-19,00:24:17,56.91,10.39,10.0,4.5,mb,us
2003-01-19,22:29:38,71.46,36.48,100.0,4.0,mb,us
2003-01-19,22:57:27,70.64,23.15,10.0,4.1,mb,us
2003-01-20,20:37:31,94.83,24.1,33.0,4.0,mb,us
2003-01-21,04:15:32,71.37,37.07,95.2,4.5,mb,us
2003-01-21,13:34:24,71.56,36.44,100.0,4.2,mb,us
2003-01-21,17:09:26,88.0,29.9,33.0,3.9,mb,us
2003-01-21,23:12:42,71.09,36.34,150.0,3.5,mb,us
2003-01-22,11:53:07,72.82,38.29,33.0,4.1,mb,us
2003-01-22,13:33:03,87.33,42.21,24.5,4.7,mb,us
2003-01-22,16:34:21,71.0,36.27,113.3,4.6,mb,us
2003-01-23,02:24:28,74.17,35.39,33.0,4.3,mb,us
2003-01-23,18:05:44,101.98,44.78,33.0,4.8,mb,us
2003-01-25,17:49:53,51.42,29.37,33.0,4.1,mb,us
2003-01-25,23:35:23,111.61,55.04,10.0,4.3,mb,us
2003-01-28,06:04:04,72.85,34.67,33.0,4.1,mb,us
2003-01-29,06:09:47,70.47,36.43,190.7,4.1,mb,us
2003-01-29,11:49:34,67.58,30.43,33.0,4.0,mb,us
2003-01-29,12:33:48,79.63,41.47,33.0,3.9,mb,us
2003-01-31,06:04:25,90.52,29.75,10.0,3.8,mb,us
2003-02-01,13:35:25,51.07,13.12,10.0,4.6,mb,us
2003-02-01,13:35:48,51.53,13.12,10.0,4.5,mb,us
2003-02-01,17:27:03,69.55,35.64,33.0,3.8,mb,us
2003-02-02,01:53:28,52.94,29.9,33.0,4.6,mb,us
2003-02-02,09:36:10,97.52,39.36,13.9,4.3,mb,us
2003-02-02,13:58:06,104.2,31.64,33.0,4.1,mb,us
2003-02-03,00:10:52,85.2,44.13,33.0,4.6,mb,us
2003-02-03,01:56:29,71.78,37.28,134.1,4.4,mb,us
2003-02-04,22:03:04,76.29,35.37,33.0,4.1,mb,us
2003-02-05,01:43:30,73.17,39.75,33.0,3.6,mb,us
2003-02-05,16:38:53,78.59,37.48,17.9,3.9,mb,us
2003-02-05,21:00:58,68.46,36.99,33.0,4.9,mb,us
2003-02-05,21:16:33,68.61,36.97,33.0,3.8,mb,us
2003-02-06,14:58:46,76.86,35.51,33.0,3.6,mb,us
2003-02-06,22:03:17,73.36,40.34,33.0,4.0,mb,us
2003-02-08,00:37:13,89.75,50.61,33.0,4.4,mb,us
2003-02-11,01:15:07,76.58,35.53,100.0,4.0,mb,us
2003-02-11,10:36:21,93.79,32.51,33.0,5.1,mwc,hrv
2003-02-11,19:27:15,70.22,23.39,10.0,4.5,mb,us
2003-02-11,21:10:14,71.48,36.51,100.0,4.3,mb,us
2003-02-13,17:32:04,85.87,43.92,33.0,4.9,mb,us
2003-02-13,17:34:21,85.92,43.9,23.9,5.3,mwc,hrv
2003-02-13,18:32:47,88.24,41.91,51.7,4.3,mb,us
2003-02-14,10:28:59,56.82,28.05,37.7,5.6,mwc,hrv
2003-02-14,14:54:53,74.13,38.43,144.5,4.1,mb,us
2003-02-15,09:38:17,69.17,36.46,33.0,4.5,mb,us
2003-02-16,10:06:16,73.18,40.1,33.0,4.0,mb,us
2003-02-18,01:23:20,80.57,36.98,18.6,4.1,mb,us
2003-02-18,16:17:49,71.98,37.11,250.0,3.6,mb,us
2003-02-18,21:34:52,77.58,41.27,33.0,3.5,mb,us
2003-02-20,04:09:56,81.2,44.47,10.0,4.9,mb,us
2003-02-21,01:00:56,77.27,39.89,10.0,4.0,mb,us
2003-02-21,05:16:21,63.35,40.59,33.0,4.2,mb,us
2003-02-23,15:09:30,89.34,50.07,14.9,3.6,mb,us
2003-02-23,22:07:25,89.48,35.86,33.0,4.5,mb,us
2003-02-23,22:34:21,87.71,43.75,33.0,4.2,mb,us
2003-02-24,02:03:41,77.23,39.61,11.0,6.3,mwc,hrv
2003-02-24,02:10:36,77.53,39.14,10.0,4.8,mb,us
2003-02-24,02:14:08,77.33,39.43,10.0,4.5,mb,us
2003-02-24,02:28:09,77.02,39.27,10.0,4.4,mb,us
2003-02-24,03:19:58,77.45,39.54,10.0,4.6,mb,us
2003-02-24,03:49:26,77.56,39.56,10.0,4.3,mb,us
2003-02-24,04:21:56,78.1,39.86,10.0,4.5,mb,us
2003-02-24,08:26:10,77.37,39.45,10.0,3.6,mb,us
2003-02-24,10:18:05,77.17,39.42,10.0,3.6,mb,us
2003-02-24,11:22:34,77.33,39.41,10.0,4.2,mb,us
2003-02-24,11:53:31,77.3,39.66,10.0,3.7,mb,us
2003-02-24,14:23:56,77.36,39.52,10.0,4.3,mb,us
2003-02-24,15:39:19,69.19,36.37,33.0,3.9,mb,us
2003-02-24,15:49:02,77.67,39.29,10.0,4.8,mb,us
2003-02-24,16:33:20,77.38,39.54,10.0,4.0,mb,us
2003-02-24,18:31:17,77.21,39.65,10.0,3.8,mb,us
2003-02-24,21:18:41,77.19,39.54,10.0,5.2,mwc,hrv
2003-02-25,00:32:22,77.27,39.5,10.0,4.0,mb,us
2003-02-25,01:26:51,77.64,39.31,10.0,4.2,mb,us
2003-02-25,03:52:41,77.39,39.48,10.0,5.4,mwc,hrv
2003-02-25,06:00:17,77.38,39.55,10.0,4.5,mb,us
2003-02-25,10:20:14,77.44,39.57,10.0,4.4,mb,us
2003-02-25,10:24:44,77.57,39.33,10.0,4.8,mb,us
2003-02-25,10:31:02,70.63,36.34,200.0,4.0,mb,us
2003-02-25,10:54:43,77.75,39.52,10.0,3.9,mb,us
2003-02-25,12:16:52,76.98,39.4,10.0,3.8,mb,us
2003-02-25,14:56:02,74.51,35.5,33.0,3.8,mb,us
2003-02-26,01:30:23,77.69,39.35,10.0,4.1,mb,us
2003-02-26,08:10:40,77.3,39.62,10.0,3.9,mb,us
2003-02-26,10:02:47,77.23,39.62,10.0,4.2,mb,us
2003-02-26,12:29:48,76.96,39.5,10.0,4.4,mb,us
2003-02-26,13:44:32,77.28,39.48,10.0,4.5,mb,us
2003-02-26,19:58:13,86.45,28.35,33.0,4.6,mb,us
2003-02-26,21:38:03,77.37,39.53,10.0,4.3,mb,us
2003-02-26,22:55:35,74.59,35.44,33.0,3.9,mb,us
2003-02-26,23:40:51,87.89,29.91,33.0,4.2,mb,us
2003-02-27,11:09:15,77.44,39.67,10.0,4.2,mb,us
2003-02-28,03:33:36,77.31,39.51,10.0,3.9,mb,us
2003-02-28,11:00:38,76.81,39.7,10.0,4.1,mb,us
2003-03-01,02:09:55,77.04,39.47,10.0,4.5,mb,us
2003-03-01,11:22:43,70.39,36.53,265.5,4.0,mb,us
2003-03-01,13:22:45,54.74,26.84,33.0,4.2,mb,us
2003-03-01,18:45:55,57.42,28.75,33.0,4.5,mb,us
2003-03-02,00:28:50,94.53,20.5,100.0,0.0,,us
2003-03-02,06:50:38,77.76,39.45,10.0,4.2,mb,us
2003-03-02,07:08:20,70.21,36.51,200.0,0.0,,us
2003-03-02,15:23:33,75.69,33.38,33.0,4.6,mb,us
2003-03-02,18:39:20,70.87,35.92,33.0,0.0,,us
2003-03-03,02:15:46,71.76,39.32,33.0,3.7,mb,us
2003-03-03,15:59:53,77.67,39.25,10.0,3.6,mb,us
2003-03-03,20:37:49,72.18,33.29,33.0,3.9,mb,us
2003-03-04,00:24:57,77.85,39.31,10.0,3.9,mb,us
2003-03-04,01:45:12,72.49,37.39,100.0,0.0,,us
2003-03-04,13:41:59,77.44,39.45,10.0,4.6,mb,us
2003-03-04,23:56:23,77.12,39.32,10.0,0.0,,us
2003-03-04,23:58:06,77.48,39.32,10.0,4.6,mb,us
2003-03-05,08:22:36,78.62,31.52,18.9,4.7,mb,us
2003-03-06,06:38:02,82.11,48.75,38.1,4.1,mb,us
2003-03-06,20:55:51,77.48,39.48,10.0,4.6,mb,us
2003-03-07,21:38:04,71.7,36.7,33.0,0.0,,us
2003-03-08,07:07:35,71.14,35.92,33.0,3.9,mb,us
2003-03-08,09:28:04,56.76,27.98,33.0,4.7,mb,us
2003-03-09,00:32:06,72.92,41.3,14.7,4.7,mb,us
2003-03-09,03:54:06,70.71,36.59,200.0,0.0,,us
2003-03-09,05:27:08,70.07,35.75,150.0,0.0,,us
2003-03-09,09:54:14,71.3,36.17,100.0,3.9,mb,us
2003-03-09,13:10:56,72.13,37.36,150.0,0.0,,us
2003-03-09,18:24:03,83.48,36.52,10.0,4.3,mb,us
2003-03-09,22:18:27,74.91,35.8,100.0,0.0,,us
2003-03-10,03:40:31,94.26,23.52,100.0,4.0,mb,us
2003-03-11,00:22:42,89.65,38.39,10.0,3.6,mb,us
2003-03-11,06:03:02,69.87,35.73,78.7,4.3,mb,us
2003-03-11,18:14:19,70.26,38.96,33.0,3.6,mb,us
2003-03-11,22:08:33,73.47,41.1,18.1,4.1,mb,us
2003-03-12,00:30:07,55.39,37.41,33.0,4.1,mb,us
2003-03-12,04:15:11,77.5,39.43,10.0,4.5,mb,us
2003-03-12,04:47:51,77.43,39.36,10.0,5.7,mwc,hrv
2003-03-12,11:43:28,77.55,39.35,10.0,3.6,mb,us
2003-03-12,19:50:52,77.18,39.47,10.0,3.9,mb,us
2003-03-12,20:36:43,77.35,39.39,10.0,4.0,mb,us
2003-03-12,21:00:27,95.06,28.41,33.0,0.0,,us
2003-03-13,06:25:22,70.28,29.56,33.0,4.3,mb,us
2003-03-13,15:07:07,89.08,41.8,33.0,4.8,mb,us
2003-03-15,03:59:27,94.39,24.25,73.2,4.0,mb,us
2003-03-15,21:02:02,57.22,34.82,33.0,4.4,mb,us
2003-03-15,21:06:58,77.68,39.35,10.0,4.4,mb,us
2003-03-15,22:59:25,77.29,39.49,10.0,5.1,mwc,hrv
2003-03-16,05:42:05,53.03,28.48,33.0,4.6,mb,us
2003-03-16,23:42:10,70.32,34.55,33.0,3.5,mb,us
2003-03-17,04:20:35,86.77,34.3,33.0,4.7,mb,us
2003-03-17,04:36:11,69.3,37.97,33.0,3.6,mb,us
2003-03-17,07:36:45,97.04,45.8,33.0,0.0,,us
2003-03-17,12:35:39,73.37,39.39,33.0,4.2,mb,us
2003-03-18,00:33:32,73.27,39.24,33.0,4.7,mb,us
2003-03-18,01:14:39,71.03,36.29,100.0,0.0,,us
2003-03-18,06:48:40,104.04,29.23,33.0,0.0,,us
2003-03-18,08:20:17,95.14,25.24,104.4,4.5,mb,us
2003-03-19,10:20:32,91.26,49.74,33.0,0.0,,us
2003-03-19,19:39:37,112.97,55.71,33.0,4.1,mb,us
2003-03-20,02:05:01,72.14,37.48,209.5,3.7,mb,us
2003-03-20,17:43:18,75.38,39.94,33.0,3.7,mb,us
2003-03-21,09:49:24,86.28,30.82,33.0,0.0,,us
2003-03-21,11:11:47,71.43,40.98,33.0,4.3,mb,us
2003-03-21,12:25:11,80.57,29.75,33.0,4.2,mb,us
2003-03-22,01:46:23,74.84,35.54,33.0,4.0,mb,us
2003-03-22,03:06:56,70.74,34.98,33.0,4.4,mb,us
2003-03-22,21:03:04,56.71,10.04,10.0,3.7,mb,us
2003-03-23,00:21:10,71.09,36.76,45.0,3.8,mb,us
2003-03-23,09:05:04,68.08,37.53,33.0,4.4,mb,us
2003-03-23,11:57:47,68.06,37.55,33.0,4.2,mb,us
2003-03-23,13:51:30,67.88,37.47,33.0,4.5,mb,us
2003-03-23,15:22:54,92.23,42.69,10.0,3.9,mb,us
2003-03-23,15:52:30,92.32,42.76,10.0,3.7,mb,us
2003-03-23,22:34:54,81.78,41.42,50.2,4.4,mb,us
2003-03-23,23:48:05,77.63,39.32,10.0,3.8,mb,us
2003-03-24,12:59:29,71.06,35.72,33.0,3.8,mb,us
2003-03-24,14:05:54,77.85,39.57,33.0,4.4,mb,us
2003-03-25,01:33:54,64.99,27.59,55.1,4.3,mb,us
2003-03-25,04:37:33,55.06,14.89,10.0,4.4,mb,us
2003-03-25,06:26:32,55.0,14.88,10.0,4.7,mb,us
2003-03-25,18:51:26,89.33,27.26,47.1,5.5,mwc,hrv
2003-03-25,20:47:18,77.47,39.5,10.0,4.5,mb,us
2003-03-27,11:26:01,74.6,40.77,33.0,4.3,mb,us
2003-03-27,13:23:44,51.14,31.32,33.0,4.6,mb,us
2003-03-28,09:02:23,81.45,30.53,33.0,0.0,,us
2003-03-28,19:13:34,91.95,29.17,33.0,0.0,,us
2003-03-28,21:53:23,87.0,28.52,33.0,0.0,,us
2003-03-29,06:09:13,70.76,36.46,213.0,4.3,mb,us
2003-03-29,11:46:49,70.58,35.98,114.1,5.9,mwb,us
2003-03-29,14:50:10,70.72,35.02,33.0,4.5,mb,us
2003-03-29,17:01:04,72.42,37.6,222.3,3.5,mb,us
2003-03-30,13:18:50,95.11,20.17,98.3,4.4,mb,us
2003-03-30,17:11:54,82.96,34.4,10.0,0.0,,us
2003-03-30,19:08:18,54.41,37.36,29.6,4.3,mb,us
2003-03-30,23:15:46,77.34,39.52,10.0,5.3,mwc,hrv
2003-03-31,05:32:06,91.83,26.53,57.7,3.9,mb,us
2003-03-31,07:23:24,94.0,22.77,76.7,0.0,,us
2003-03-31,12:05:43,67.98,39.29,33.0,4.8,mb,us
2003-03-31,19:24:10,71.58,36.69,110.4,4.4,mb,us
2003-03-31,21:42:03,71.32,37.24,97.2,4.4,mb,us
2003-04-01,03:51:57,77.61,39.1,10.0,0.0,,us
2003-04-01,09:03:28,70.97,36.61,200.0,4.3,mb,us
2003-04-01,09:23:28,91.38,41.16,33.0,0.0,,us
2003-04-01,13:27:27,81.07,45.27,33.0,4.7,mb,us
2003-04-02,03:20:01,70.55,35.97,110.7,5.2,mwc,hrv
2003-04-02,20:50:40,94.24,23.12,67.9,4.2,mb,us
2003-04-03,14:39:55,71.34,36.42,86.8,4.7,mb,us
2003-04-03,23:53:52,71.27,36.53,209.1,4.0,mb,us
2003-04-04,00:06:51,90.13,31.89,72.5,3.9,mb,us
2003-04-04,05:21:25,69.53,38.19,33.0,4.3,mb,us
2003-04-04,07:02:32,80.01,30.03,33.0,4.7,mb,us
2003-04-04,07:12:22,69.74,38.16,33.0,0.0,,us
2003-04-04,10:17:55,89.14,43.89,33.0,0.0,,us
2003-04-04,14:20:38,77.35,39.63,10.0,0.0,,us
2003-04-04,15:42:46,82.83,34.5,33.0,0.0,,us
2003-04-04,16:42:08,74.59,35.38,33.0,0.0,,us
2003-04-04,21:05:12,74.47,35.37,33.0,4.0,mb,us
2003-04-05,14:10:25,69.1,37.39,33.0,4.5,mb,us
2003-04-06,03:43:32,72.36,37.42,200.0,3.7,mb,us
2003-04-06,06:56:09,74.42,40.0,33.0,0.0,,us
2003-04-06,15:20:46,70.88,36.47,200.0,0.0,,us
2003-04-06,15:42:07,98.54,29.91,33.0,0.0,,us
2003-04-07,03:38:35,70.69,36.38,213.5,4.4,mb,us
2003-04-07,17:17:42,77.24,39.68,10.0,4.5,mb,us
2003-04-08,16:55:08,93.19,26.13,40.5,4.6,mb,us
2003-04-08,23:00:50,71.34,36.52,100.0,3.6,mb,us
2003-04-09,00:49:54,70.04,35.6,33.0,4.0,mb,us
2003-04-10,14:00:39,70.62,35.89,33.0,4.6,mb,us
2003-04-11,11:39:05,76.39,35.35,33.0,0.0,,us
2003-04-12,03:31:49,70.78,36.22,166.4,3.8,mb,us
2003-04-12,08:40:27,70.6,36.53,141.1,3.9,mb,us
2003-04-12,12:04:59,70.86,36.54,170.9,0.0,,us
2003-04-12,17:03:07,53.61,14.5,10.0,4.3,mb,us
2003-04-13,00:15:15,70.84,38.83,33.0,3.5,mb,us
2003-04-14,21:44:25,61.51,6.8,10.0,4.8,mb,us
2003-04-15,11:30:57,69.29,37.56,33.0,4.2,mb,us
2003-04-15,14:16:03,71.92,37.4,150.0,3.8,mb,us
2003-04-16,11:06:05,57.42,30.2,33.0,4.5,mb,us
2003-04-16,13:54:56,76.58,33.49,33.0,4.4,mb,us
2003-04-17,00:48:39,96.48,37.53,14.0,6.4,mwc,hrv
2003-04-17,01:01:29,96.28,37.45,10.0,0.0,,us
2003-04-17,01:17:41,96.45,37.25,10.0,4.2,mb,us
2003-04-17,02:04:01,96.51,37.49,10.0,0.0,,us
2003-04-17,02:24:38,96.53,37.56,10.0,4.7,mb,us
2003-04-17,03:51:46,96.63,37.58,10.0,0.0,,us
2003-04-17,04:32:58,96.68,37.59,10.0,4.4,mb,us
2003-04-17,08:35:23,96.62,37.26,10.0,4.3,mb,us
2003-04-17,08:41:55,96.6,37.59,10.0,4.5,mb,us
2003-04-17,11:29:54,96.3,37.5,10.0,4.6,mb,us
2003-04-17,15:51:27,96.49,37.65,10.0,4.4,mb,us
2003-04-17,17:11:50,96.47,37.52,10.0,4.9,mb,us
2003-04-17,19:48:54,79.23,40.97,43.3,4.2,mb,us
2003-04-18,06:47:08,96.66,37.57,10.0,0.0,,us
2003-04-18,10:42:25,100.71,39.43,10.0,4.3,mb,us
2003-04-18,11:59:57,96.7,37.5,10.0,0.0,,us
2003-04-18,17:41:38,50.88,29.72,33.0,0.0,,us
2003-04-18,21:21:26,92.08,29.31,33.0,0.0,,us
2003-04-18,23:16:56,96.93,37.82,10.0,0.0,,us
2003-04-19,05:17:22,96.72,37.61,10.0,0.0,,us
2003-04-19,10:19:25,100.86,39.51,10.0,4.5,mb,us
2003-04-19,19:41:41,96.48,37.52,10.0,4.8,mb,us
2003-04-19,22:34:00,71.17,36.64,211.2,4.0,mb,us
2003-04-20,08:51:54,96.54,37.52,10.0,0.0,,us
2003-04-20,10:04:03,96.63,37.52,10.0,4.3,mb,us
2003-04-20,17:20:41,96.67,37.58,10.0,0.0,,us
2003-04-20,17:22:57,96.68,37.67,10.0,0.0,,us
2003-04-21,05:51:26,96.53,37.49,10.0,4.7,mb,us
2003-04-22,00:42:16,50.72,29.67,33.0,4.1,mb,us
2003-04-22,02:45:25,96.47,37.57,10.0,0.0,,us
2003-04-22,20:37:54,71.5,36.93,132.0,4.1,mb,us
2003-04-22,22:20:42,69.82,30.95,33.0,4.3,mb,us
2003-04-23,06:38:24,70.94,38.62,33.0,0.0,,us
2003-04-23,14:41:37,78.28,40.54,33.0,4.4,mb,us
2003-04-23,22:37:32,108.51,33.08,33.0,4.6,mb,us
2003-04-24,01:02:28,67.29,28.65,33.0,0.0,,us
2003-04-24,20:54:32,61.02,5.88,10.0,4.4,mb,us
2003-04-25,05:31:20,71.06,36.58,204.1,0.0,,us
2003-04-25,07:05:35,96.41,46.1,33.0,4.2,mb,us
2003-04-25,16:50:46,71.56,36.66,66.9,5.1,mwc,hrv
2003-04-25,20:10:37,96.73,37.52,10.0,4.4,mb,us
2003-04-26,19:29:21,89.84,35.66,33.0,3.8,mb,us
2003-04-27,13:03:30,74.28,38.2,153.3,4.0,mb,us
2003-04-27,13:46:55,93.5,33.96,33.0,0.0,,us
2003-04-27,19:17:24,76.76,32.87,33.0,4.1,mb,us
2003-04-28,06:15:11,95.16,18.59,100.0,0.0,,us
2003-04-29,09:45:40,100.18,27.54,10.0,4.3,mb,us
2003-04-29,11:13:26,52.44,29.54,33.0,4.1,mb,us
2003-04-30,13:05:57,77.49,39.28,10.0,4.0,mb,us
2003-04-30,19:37:56,93.08,32.66,33.0,4.7,mb,us
2003-04-30,23:10:56,57.05,28.16,33.0,3.7,mb,us
2003-04-30,23:49:43,93.01,32.65,33.0,4.4,mb,us
2003-05-02,09:34:40,78.32,35.78,33.0,4.1,mb,us
2003-05-02,10:36:07,79.17,37.3,10.0,0.0,,us
2003-05-02,15:32:08,63.36,40.54,33.0,4.3,mb,us
2003-05-02,18:46:50,61.19,35.82,33.0,4.8,mb,us
2003-05-03,06:12:59,96.54,37.48,10.0,5.1,ms,us
2003-05-03,06:31:50,51.42,29.2,33.0,3.8,mb,us
2003-05-03,17:43:06,81.33,30.32,33.0,4.3,mb,us
2003-05-04,01:17:33,54.02,27.0,33.0,4.4,mb,us
2003-05-04,02:07:26,88.13,48.99,33.0,0.0,,us
2003-05-04,10:51:55,70.99,36.27,200.0,0.0,,us
2003-05-04,14:06:01,93.22,32.68,33.0,0.0,,us
2003-05-04,15:44:36,77.22,39.43,10.0,5.8,mwc,hrv
2003-05-05,06:34:42,72.53,41.05,33.0,5.1,mwc,hrv
2003-05-05,09:55:38,72.45,41.02,33.0,4.4,mb,us
2003-05-05,17:04:19,71.96,37.35,139.3,4.4,mb,us
2003-05-05,20:09:20,84.2,50.31,28.6,0.0,,us
2003-05-07,02:58:00,89.57,48.53,33.0,5.2,mwc,hrv
2003-05-07,10:17:46,82.75,34.58,33.0,4.2,mb,us
2003-05-07,23:02:48,81.46,42.01,33.0,3.7,mb,us
2003-05-08,22:23:11,54.48,27.54,33.0,4.8,mb,us
2003-05-09,00:47:00,54.48,27.51,33.0,4.1,mb,us
2003-05-09,01:09:38,54.49,27.6,33.0,4.3,mb,us
2003-05-10,01:57:56,70.61,35.88,33.0,4.0,mb,us
2003-05-10,10:15:16,96.46,37.48,10.0,4.4,mb,us
2003-05-10,11:19:56,77.11,39.33,10.0,4.5,mb,us
2003-05-10,11:50:09,67.97,30.04,33.0,0.0,,us
2003-05-10,17:08:08,70.36,37.76,33.0,4.1,mb,us
2003-05-11,10:17:25,51.68,29.33,33.0,4.4,mb,us
2003-05-11,14:56:49,76.76,39.61,33.0,3.8,mb,us
2003-05-11,16:34:52,75.94,33.11,33.0,4.4,mb,us
2003-05-12,08:18:09,71.97,39.46,33.0,4.6,mb,us
2003-05-12,11:16:34,82.13,32.4,33.0,0.0,,us
2003-05-12,14:51:08,72.47,41.0,33.0,0.0,,us
2003-05-13,19:20:07,51.64,13.93,10.0,4.0,mb,us
2003-05-13,19:30:42,79.0,37.15,33.0,4.7,mb,us
2003-05-15,06:34:15,62.09,25.88,33.0,4.4,mb,us
2003-05-15,15:58:03,72.25,40.54,33.0,0.0,,us
2003-05-16,11:36:11,71.54,36.42,82.4,4.4,mb,us
2003-05-16,14:30:01,77.09,39.44,10.0,4.6,mb,us
2003-05-16,15:12:15,51.72,13.98,10.0,4.4,mb,us
2003-05-16,23:15:33,67.26,29.99,10.0,0.0,,us
2003-05-17,03:41:52,70.18,35.5,33.0,4.1,mb,us
2003-05-17,09:29:46,68.56,37.63,33.0,4.4,mb,us
2003-05-17,11:27:08,68.6,37.46,33.0,4.3,mb,us
2003-05-18,03:59:14,71.81,36.79,200.0,0.0,,us
2003-05-18,16:24:02,68.76,37.31,33.0,4.2,mb,us
2003-05-18,16:25:37,68.46,36.9,33.0,4.2,mb,us
2003-05-18,19:44:33,97.62,39.78,33.0,4.5,mb,us
2003-05-18,19:58:50,81.86,29.51,33.0,4.4,mb,us
2003-05-18,21:42:07,68.32,37.77,33.0,4.1,mb,us
2003-05-18,23:54:10,68.55,37.44,33.0,4.1,mb,us
2003-05-19,12:50:19,68.74,35.83,33.0,0.0,,us
2003-05-19,19:44:08,82.53,42.44,33.0,4.0,mb,us
2003-05-20,06:18:21,74.05,38.51,127.6,4.6,mb,us
2003-05-20,06:38:19,71.2,36.42,228.2,4.8,mb,us
2003-05-20,10:41:31,93.62,23.32,67.3,4.0,mb,us
2003-05-20,12:37:35,70.84,36.46,200.0,3.9,mb,us
2003-05-20,18:34:38,93.09,32.68,33.0,5.2,mwc,hrv
2003-05-20,20:33:35,70.9,36.54,200.0,3.7,mb,us
2003-05-20,21:20:42,72.32,37.64,100.0,4.1,mb,us
2003-05-22,09:27:29,73.33,33.39,33.0,4.7,mb,us
2003-05-22,11:09:33,57.46,33.0,33.0,0.0,,us
2003-05-22,11:09:34,80.95,36.01,33.0,0.0,,us
2003-05-22,18:11:57,72.76,42.95,33.0,5.5,mwc,hrv
2003-05-22,20:57:33,81.2,33.88,10.0,0.0,,us
2003-05-23,00:16:08,72.84,43.33,33.0,4.1,mb,us
2003-05-23,02:27:32,92.81,27.18,33.0,0.0,,us
2003-05-24,01:46:06,53.81,14.43,10.0,5.9,mwb,us
2003-05-24,11:28:00,92.42,32.59,33.0,5.1,mwc,hrv
2003-05-24,16:09:41,54.6,27.51,33.0,4.2,mb,us
2003-05-24,16:39:32,74.82,35.66,33.0,4.5,mb,us
2003-05-24,19:31:53,92.05,32.38,33.0,4.0,mb,us
2003-05-24,19:32:36,92.34,32.61,49.2,5.1,mwc,hrv
2003-05-24,19:54:55,92.2,32.49,33.0,4.4,mb,us
2003-05-24,21:49:30,109.98,54.93,10.0,4.5,mb,us
2003-05-25,00:26:42,66.78,37.67,33.0,0.0,,us
2003-05-25,04:31:54,77.41,39.46,10.0,4.6,mb,us
2003-05-25,04:57:07,88.5,27.07,33.0,0.0,,us
2003-05-26,05:54:49,84.45,34.52,33.0,0.0,,us
2003-05-26,14:57:24,108.59,53.4,10.0,4.3,mb,us
2003-05-26,16:09:35,92.25,32.42,33.0,0.0,,us
2003-05-27,04:23:29,79.29,30.55,33.0,4.9,mb,us
2003-05-27,04:50:42,70.9,36.44,200.0,0.0,,us
2003-05-27,10:14:59,79.09,30.38,33.0,4.1,mb,us
2003-05-27,10:30:52,51.31,29.6,33.0,5.3,mwc,hrv
2003-05-27,21:39:47,70.91,36.47,200.0,3.9,mb,us
2003-05-28,21:42:25,88.05,34.32,33.0,4.5,mb,us
2003-05-29,00:33:29,92.77,27.27,76.1,4.1,mb,us
2003-05-29,14:18:53,80.65,35.8,33.0,5.0,mwc,hrv
2003-05-30,04:32:35,98.5,51.08,10.0,4.3,mb,us
2003-05-30,10:27:52,92.35,26.8,47.6,3.9,mb,us
2003-05-30,16:21:45,77.17,39.44,10.0,4.0,mb,us
2003-05-30,20:27:32,71.39,36.48,53.1,4.4,mb,us
2003-05-31,00:33:22,58.04,9.22,10.0,4.7,mb,us
2003-05-31,11:41:30,74.51,35.29,33.0,4.3,mb,us
2003-06-01,10:12:04,51.78,13.57,10.0,0.0,,us
2003-06-01,12:31:15,80.03,41.54,33.0,0.0,,us
2003-06-02,15:14:01,91.27,27.08,33.0,0.0,,us
2003-06-02,23:10:38,52.17,14.78,10.0,4.5,mb,us
2003-06-03,03:33:32,86.03,30.63,33.0,4.4,mb,us
2003-06-03,03:45:59,86.07,30.76,33.0,0.0,,us
2003-06-03,03:48:19,85.87,30.45,33.0,0.0,,us
2003-06-03,18:00:00,50.65,13.32,10.0,0.0,,us
2003-06-04,13:16:13,93.79,23.24,67.8,4.8,mb,us
2003-06-04,16:28:38,77.58,39.41,10.0,5.2,mwc,hrv
2003-06-05,04:38:13,77.78,39.19,33.0,4.2,mb,us
2003-06-05,10:15:32,74.16,67.08,10.0,3.9,mb,us
2003-06-05,11:12:46,70.44,36.18,33.0,0.0,,us
2003-06-06,03:19:18,72.76,36.88,33.0,0.0,,us
2003-06-06,07:08:22,69.83,35.71,33.0,0.0,,us
2003-06-06,14:07:44,74.71,39.62,10.0,4.4,mb,us
2003-06-06,14:16:56,77.96,39.89,10.0,0.0,,us
2003-06-06,16:43:23,52.07,28.07,33.0,4.1,mb,us
2003-06-06,21:04:50,73.09,38.15,33.0,0.0,,us
2003-06-07,14:59:33,69.77,36.97,33.0,3.9,mb,us
2003-06-07,15:13:01,69.77,37.02,33.0,4.6,mb,us
2003-06-07,17:27:29,72.7,37.28,111.4,3.8,mb,us
2003-06-07,21:34:42,72.42,37.21,153.5,0.0,,us
2003-06-08,03:51:37,81.68,33.73,33.0,4.3,mb,us
2003-06-08,08:03:45,81.06,35.98,33.0,0.0,,us
2003-06-09,03:41:32,52.69,28.68,33.0,4.3,mb,us
2003-06-09,14:43:42,94.4,24.15,154.9,0.0,,us
2003-06-10,03:23:20,111.34,40.73,22.3,0.0,,us
2003-06-11,00:02:10,70.22,37.1,33.0,4.4,mb,us
2003-06-11,00:29:44,70.04,36.03,33.0,3.8,mb,us
2003-06-11,06:59:51,89.57,48.55,10.0,4.9,mb,us
2003-06-11,12:02:26,73.1,37.98,150.0,0.0,,us
2003-06-11,12:40:37,71.84,37.29,150.0,0.0,,us
2003-06-11,15:06:48,70.65,35.87,33.0,0.0,,us
2003-06-12,02:33:11,66.64,38.84,10.0,3.7,mb,us
2003-06-13,02:07:55,99.72,27.97,33.0,4.2,mb,us
2003-06-13,02:55:44,57.85,27.99,33.0,4.0,mb,us
2003-06-13,12:14:29,71.72,39.09,33.0,4.0,mb,us
2003-06-14,07:17:55,71.96,37.33,104.7,0.0,,us
2003-06-16,10:07:32,69.65,28.83,33.0,0.0,,us
2003-06-16,14:59:34,94.19,22.0,102.2,0.0,,us
2003-06-17,14:46:23,102.24,27.88,33.0,4.1,mb,us
2003-06-18,00:58:22,69.94,36.46,33.0,0.0,,us
2003-06-18,05:55:18,71.47,36.86,300.0,0.0,,us
2003-06-18,18:58:25,71.22,36.22,33.0,4.2,mb,us
2003-06-18,19:42:04,76.81,35.24,33.0,4.2,mb,us
2003-06-19,12:22:33,70.64,36.52,200.0,3.4,mb,us
2003-06-21,12:57:55,71.37,38.93,33.0,4.4,mb,us
2003-06-21,15:00:06,52.91,35.62,33.0,4.5,mb,us
2003-06-21,21:45:48,52.29,14.66,10.0,4.4,mb,us
2003-06-22,03:39:15,52.72,35.65,33.0,4.3,mb,us
2003-06-22,20:19:47,71.22,36.91,33.0,0.0,,us
2003-06-23,12:30:54,88.17,27.79,80.3,4.2,mb,us
2003-06-24,06:52:52,60.97,27.36,61.3,5.6,mwb,us
2003-06-24,19:49:55,71.2,36.36,100.0,3.7,mb,us
2003-06-25,09:32:00,51.94,40.91,38.0,4.6,mb,us
2003-06-25,09:55:07,51.92,40.74,54.2,4.4,mb,us
2003-06-26,15:56:31,70.3,35.73,33.0,0.0,,us
2003-06-27,07:04:16,94.21,21.86,92.4,0.0,,us
2003-06-27,12:32:07,69.68,35.58,33.0,0.0,,us
2003-06-27,21:07:54,70.34,38.74,33.0,0.0,,us
2003-06-28,17:32:57,90.05,33.35,12.4,4.4,mb,us
2003-06-29,00:03:31,77.19,39.42,10.0,4.3,mb,us
2003-06-29,10:39:35,70.96,36.39,200.0,3.9,mb,us
2003-06-29,11:54:26,70.22,36.15,150.0,0.0,,us
2003-06-29,18:35:04,79.81,44.92,33.0,0.0,,us
2003-06-29,23:29:51,71.77,39.55,33.0,4.4,mb,us
2003-06-30,00:07:13,93.54,22.55,33.0,0.0,,us
2003-06-30,00:30:34,100.53,36.42,10.0,3.8,mb,us
2003-06-30,00:41:12,71.24,32.72,10.0,4.5,mb,us
2003-06-30,11:33:09,73.18,36.83,33.0,0.0,,us
2003-06-30,20:24:03,70.1,35.53,33.0,0.0,,us
2003-07-01,05:13:11,71.5,36.71,102.4,0.0,,us
2003-07-01,05:13:54,86.38,30.92,33.0,4.3,mb,us
2003-07-01,16:51:12,80.5,36.18,33.0,0.0,,us
2003-07-02,07:44:11,103.92,37.08,33.0,4.5,mb,us
2003-07-03,05:53:53,86.26,43.85,37.5,4.8,mb,us
2003-07-03,06:05:20,93.71,35.7,10.0,5.0,mb,us
2003-07-03,09:23:47,90.92,50.26,10.0,4.2,mb,us
2003-07-03,14:59:32,60.78,35.48,40.8,5.2,mwc,hrv
2003-07-03,18:22:19,70.91,36.13,33.0,3.9,mb,us
2003-07-05,19:41:57,89.66,26.08,33.0,0.0,,us
2003-07-06,16:04:21,57.74,28.09,33.0,5.0,mwc,hrv
2003-07-06,20:55:22,71.26,36.32,33.0,4.4,mb,us
2003-07-07,01:24:47,72.09,39.42,33.0,4.1,mb,us
2003-07-07,03:03:02,80.05,34.84,33.0,0.0,,us
2003-07-07,06:55:43,89.48,34.61,17.7,5.8,mwc,hrv
2003-07-07,07:16:52,89.32,34.54,10.0,4.8,mb,us
2003-07-07,09:15:43,73.08,35.66,33.0,4.4,mb,us
2003-07-07,11:53:44,77.9,39.34,33.0,4.2,mb,us
2003-07-08,12:30:36,87.55,26.9,33.0,3.9,mb,us
2003-07-08,13:13:19,72.22,37.46,190.8,4.6,mb,us
2003-07-08,16:00:24,73.16,35.66,33.0,0.0,,us
2003-07-08,22:22:16,72.79,36.5,33.0,4.2,mb,us
2003-07-09,02:31:15,90.04,35.94,10.0,4.5,mb,us
2003-07-09,09:11:03,70.53,36.37,200.0,0.0,,us
2003-07-10,01:28:02,96.5,37.56,10.0,0.0,,us
2003-07-10,01:34:02,102.54,27.81,47.2,4.7,mb,us
2003-07-10,17:06:38,54.17,28.36,10.0,5.8,mwc,hrv
2003-07-10,17:40:16,54.13,28.3,10.0,5.7,mwc,hrv
2003-07-10,18:05:18,54.18,28.32,10.0,0.0,,us
2003-07-10,19:26:08,54.05,28.38,10.0,4.2,mb,us
2003-07-10,19:37:07,54.02,28.29,10.0,4.3,mb,us
2003-07-10,20:37:00,54.02,28.18,10.0,4.0,mb,us
2003-07-10,22:00:16,54.18,28.03,10.0,4.0,mb,us
2003-07-10,23:02:44,54.2,28.28,10.0,4.1,mb,us
2003-07-10,23:40:01,54.28,28.12,10.0,4.1,mb,us
2003-07-11,01:17:18,54.57,28.31,10.0,0.0,,us
2003-07-11,03:17:52,54.05,28.46,10.0,4.0,mb,us
2003-07-11,05:08:06,54.34,28.42,10.0,0.0,,us
2003-07-11,10:23:33,54.13,28.22,10.0,4.6,mb,us
2003-07-11,23:55:44,54.04,28.47,10.0,4.9,mb,us
2003-07-12,05:54:57,53.97,28.02,10.0,4.2,mb,us
2003-07-12,09:52:25,53.73,28.52,10.0,4.2,mb,us
2003-07-12,18:58:36,54.0,28.34,10.0,3.9,mb,us
2003-07-13,01:15:52,54.1,28.45,10.0,4.2,mb,us
2003-07-13,03:00:11,54.13,27.72,10.0,4.2,mb,us
2003-07-13,08:02:53,93.02,35.84,33.0,4.3,mb,us
2003-07-13,09:33:27,54.08,28.23,10.0,4.3,mb,us
2003-07-13,11:04:28,53.26,27.85,10.0,0.0,,us
2003-07-13,13:37:56,70.69,35.88,33.0,0.0,,us
2003-07-13,14:36:18,70.72,38.94,33.0,4.9,mb,us
2003-07-14,00:17:21,70.63,32.57,33.0,0.0,,us
2003-07-14,02:27:00,53.97,28.35,10.0,4.5,mb,us
2003-07-14,04:28:56,54.07,28.6,10.0,4.2,mb,us
2003-07-14,17:19:47,54.17,28.35,10.0,0.0,,us
2003-07-14,19:35:09,77.35,39.4,10.0,4.5,mb,us
2003-07-16,11:05:33,100.3,27.38,33.0,4.3,mb,us
2003-07-16,20:02:59,72.09,37.36,178.1,4.1,mb,us
2003-07-17,15:14:32,85.87,34.49,10.0,3.7,mb,us
2003-07-18,10:17:18,98.57,38.91,10.0,5.0,mb,us
2003-07-19,13:30:03,54.27,28.52,10.0,3.6,mb,us
2003-07-20,01:40:30,54.01,28.27,10.0,4.5,mb,us
2003-07-20,10:56:54,69.96,36.31,139.1,4.4,mb,us
2003-07-20,13:57:47,54.24,28.38,10.0,0.0,,us
2003-07-21,04:39:53,85.9,30.63,33.0,3.9,mb,us
2003-07-21,06:39:54,85.98,30.66,33.0,0.0,,us
2003-07-21,15:16:32,101.29,25.98,10.0,6.0,mwb,us
2003-07-21,22:50:54,71.19,36.54,33.0,4.2,mb,us
2003-07-22,00:09:39,101.19,25.96,10.0,4.4,mb,us
2003-07-22,11:14:04,54.69,14.68,10.0,5.0,mwc,hrv
2003-07-22,19:28:33,69.67,29.83,33.0,4.5,ms,us
2003-07-23,01:42:38,61.26,27.4,33.0,4.4,mb,us
2003-07-23,03:43:16,71.7,36.46,154.4,4.0,mb,us
2003-07-23,04:42:30,101.21,26.05,10.0,4.3,mb,us
2003-07-23,08:05:08,92.93,48.56,33.0,0.0,,us
2003-07-23,09:15:18,73.66,38.3,163.8,4.3,mb,us
2003-07-23,14:35:47,54.47,14.51,10.0,0.0,,us
2003-07-23,23:52:42,101.27,25.97,10.0,4.0,mb,us
2003-07-24,04:29:58,76.71,39.76,33.0,4.2,mb,us
2003-07-24,20:51:25,73.53,39.48,33.0,4.4,mb,us
2003-07-25,02:28:31,57.56,30.55,33.0,0.0,,us
2003-07-25,13:36:06,69.0,35.92,33.0,0.0,,us
2003-07-25,20:36:04,69.57,35.87,33.0,0.0,,us
2003-07-26,10:45:40,68.8,38.6,24.4,4.0,mb,us
2003-07-26,21:49:09,81.1,35.36,68.5,3.8,mb,us
2003-07-26,23:18:18,92.31,22.85,10.0,5.7,mwc,hrv
2003-07-27,00:17:16,92.06,22.54,10.0,4.3,mb,us
2003-07-27,04:35:33,74.1,21.66,20.0,0.0,,us
2003-07-27,07:32:52,92.17,22.74,10.0,4.3,mb,us
2003-07-27,11:00:47,92.04,22.6,10.0,4.2,mb,us
2003-07-27,12:07:29,92.34,22.82,10.0,5.5,mwc,hrv
2003-07-27,14:33:10,92.36,22.84,10.0,4.4,mb,us
2003-07-27,17:46:37,70.83,36.24,100.0,4.0,mb,us
2003-07-28,02:45:00,82.04,28.7,33.0,4.2,mb,us
2003-07-28,04:57:33,74.72,41.73,33.0,3.9,mb,us
2003-07-28,14:21:40,80.82,35.9,33.0,0.0,,us
2003-07-28,16:07:14,58.6,35.45,33.0,4.0,mb,us
2003-07-29,06:25:40,96.0,26.21,63.5,4.7,mb,us
2003-07-29,11:46:24,70.65,36.4,200.0,0.0,,us
2003-07-30,03:08:45,97.29,26.81,33.0,0.0,,us
2003-07-31,23:25:09,79.93,44.8,10.0,4.4,mb,us
2003-08-01,03:19:38,92.35,22.84,10.0,4.7,mb,us
2003-08-01,11:54:47,54.25,28.35,33.0,4.4,mb,us
2003-08-01,22:28:49,71.01,36.66,200.0,0.0,,us
2003-08-02,00:53:10,75.02,47.16,33.0,4.3,mb,us
2003-08-02,01:13:38,81.53,29.53,33.0,0.0,,us
2003-08-03,10:10:13,87.16,34.46,33.0,4.0,mb,us
2003-08-04,01:33:33,71.7,37.37,150.0,3.8,mb,us
2003-08-04,03:28:20,59.74,29.08,33.0,5.6,mwc,hrv
2003-08-05,11:08:02,70.44,23.69,10.0,5.0,mwc,hrv
2003-08-05,12:49:06,101.19,25.98,10.0,4.0,mb,us
2003-08-05,20:03:40,54.08,28.36,33.0,4.2,mb,us
2003-08-05,20:48:52,57.24,28.29,33.0,4.2,mb,us
2003-08-06,21:37:40,70.83,39.07,33.0,4.3,mb,us
2003-08-07,13:43:37,70.54,38.54,33.0,0.0,,us
2003-08-07,18:27:36,87.97,44.45,33.0,4.6,mb,us
2003-08-07,21:54:17,90.17,34.85,10.0,3.8,mb,us
2003-08-08,04:39:17,52.1,40.94,46.4,4.5,mb,us
2003-08-08,09:59:24,97.04,26.69,11.5,5.0,mb,us
2003-08-08,17:44:23,71.73,41.05,33.0,4.0,mb,us
2003-08-09,05:33:06,69.04,38.43,33.0,4.2,mb,us
2003-08-10,09:06:13,101.55,25.86,33.0,0.0,,us
2003-08-10,11:17:54,75.74,27.22,10.0,4.5,mb,us
2003-08-11,03:55:12,106.08,36.77,10.0,0.0,,us
2003-08-11,07:26:09,79.67,41.68,10.0,0.0,,us
2003-08-11,22:59:09,71.15,36.57,200.0,4.1,mb,us
2003-08-12,09:42:51,71.11,36.49,154.4,4.5,mb,us
2003-08-12,15:59:45,101.05,26.0,33.0,4.4,mb,us
2003-08-13,05:58:33,70.39,36.39,216.8,4.1,mb,us
2003-08-14,04:58:24,70.53,36.48,141.6,4.0,mb,us
2003-08-14,12:12:15,81.11,35.44,33.0,0.0,,us
2003-08-15,07:51:45,71.55,36.62,70.0,4.5,mb,us
2003-08-16,00:32:45,73.44,31.01,33.0,4.0,mb,us
2003-08-16,02:03:00,90.74,32.96,60.1,4.2,mb,us
2003-08-17,20:59:08,71.79,39.28,33.0,3.8,mb,us
2003-08-18,09:03:04,95.6,29.57,33.0,5.5,mwb,us
2003-08-18,09:37:21,95.75,29.63,33.0,0.0,,us
2003-08-18,09:37:26,95.97,29.69,33.0,4.5,mb,us
2003-08-18,10:00:18,101.28,25.91,10.0,4.7,mb,us
2003-08-18,13:32:57,66.44,39.14,33.0,3.6,mb,us
2003-08-18,15:04:30,73.01,38.2,141.1,4.4,mb,us
2003-08-18,20:42:44,74.21,40.59,33.0,0.0,,us
2003-08-19,01:53:27,96.73,25.58,33.0,0.0,,us
2003-08-19,22:47:56,74.17,39.82,33.0,0.0,,us
2003-08-20,03:34:54,82.22,30.17,33.0,4.6,mb,us
2003-08-20,14:06:53,93.63,27.83,33.0,0.0,,us
2003-08-21,02:17:55,101.4,27.35,33.0,4.8,mb,us
2003-08-21,04:02:09,59.77,29.05,20.2,5.9,mwb,us
2003-08-21,04:53:02,52.24,14.67,10.0,5.3,mwc,hrv
2003-08-21,08:12:40,78.52,40.1,33.0,4.5,mb,us
2003-08-21,10:58:14,101.34,27.47,33.0,4.5,mb,us
2003-08-21,15:20:30,101.27,27.38,33.0,4.3,mb,us
2003-08-22,12:26:55,68.51,36.47,33.0,4.3,mb,us
2003-08-23,09:25:50,69.62,37.43,33.0,4.0,mb,us
2003-08-23,12:05:12,78.95,41.31,33.0,4.5,mb,us
2003-08-23,20:25:31,77.82,36.07,33.0,4.5,mb,us
2003-08-24,14:46:39,96.5,25.03,40.1,4.4,mb,us
2003-08-24,19:07:05,94.95,24.81,86.1,4.6,mb,us
2003-08-24,21:54:36,87.2,44.3,33.0,4.1,mb,us
2003-08-25,16:45:40,69.37,36.16,33.0,4.0,mb,us
2003-08-25,18:48:32,112.58,38.55,10.0,3.8,mb,us
2003-08-25,22:14:21,63.84,40.44,10.0,3.9,mb,us
2003-08-26,01:32:36,89.27,47.32,10.0,4.7,mb,us
2003-08-26,14:04:20,89.96,34.1,33.0,4.3,mb,us
2003-08-26,20:54:15,93.64,24.94,45.3,4.5,mb,us
2003-08-27,01:44:58,93.5,22.88,53.6,4.5,mb,us
2003-08-27,21:18:44,57.58,11.29,10.0,5.7,mwb,us
2003-08-28,00:27:06,55.72,14.82,10.0,4.1,mb,us
2003-08-28,11:44:49,50.95,12.86,10.0,3.8,mb,us
2003-08-28,13:01:51,76.51,28.96,10.0,0.0,,us
2003-08-28,15:47:39,72.6,37.83,145.4,4.4,mb,us
2003-08-28,18:31:57,54.1,28.38,33.0,4.8,mb,us
2003-08-28,22:45:11,80.59,30.39,33.0,3.9,mb,us
2003-08-28,22:54:04,90.28,34.1,33.0,0.0,,us
2003-08-29,01:14:40,90.69,34.23,33.0,0.0,,us
2003-08-29,06:55:52,51.52,28.39,33.0,4.9,mb,us
2003-08-29,11:22:33,51.49,28.46,33.0,0.0,,us
2003-08-29,16:50:00,71.2,36.58,200.0,3.7,mb,us
2003-08-30,05:57:03,95.72,23.68,33.0,4.7,mb,us
2003-08-30,22:26:42,92.1,47.09,33.0,4.5,mb,us
2003-08-31,16:48:21,92.92,24.82,33.0,4.2,mb,us
2003-08-31,20:47:54,85.89,43.9,33.0,4.4,mb,us
2003-09-01,05:53:24,93.04,24.87,33.0,0.0,,us
2003-09-01,09:55:05,70.66,36.49,200.0,0.0,,us
2003-09-01,23:16:35,75.32,38.6,10.0,5.7,mwc,hrv
2003-09-01,23:46:32,75.07,38.96,10.0,4.3,mb,us
2003-09-02,00:04:35,75.32,38.62,10.0,4.8,mb,us
2003-09-02,04:31:47,75.46,37.99,10.0,4.5,mb,us
2003-09-02,07:13:28,75.36,38.49,10.0,4.9,mb,us
2003-09-02,10:29:45,75.47,38.33,10.0,3.9,mb,us
2003-09-03,01:27:08,75.4,38.5,33.0,4.4,mb,us
2003-09-03,01:47:20,51.85,14.22,10.0,4.5,mb,us
2003-09-03,06:14:39,77.33,39.59,10.0,4.7,mb,us
2003-09-03,08:27:02,78.24,32.41,33.0,0.0,,us
2003-09-03,13:43:03,60.33,30.93,10.0,0.0,,us
2003-09-03,16:43:24,71.24,33.04,33.0,4.6,mb,us
2003-09-03,20:08:49,83.45,44.34,33.0,4.6,mb,us
2003-09-03,23:21:04,80.43,30.58,33.0,4.8,mb,us
2003-09-04,13:51:14,94.3,49.13,10.0,3.8,mb,us
2003-09-05,12:24:33,93.45,19.72,33.0,0.0,,us
2003-09-05,15:09:09,98.48,22.08,33.0,0.0,,us
2003-09-05,18:12:23,89.74,33.79,100.0,0.0,,us
2003-09-06,05:58:54,51.22,13.22,10.0,0.0,,us
2003-09-06,11:10:04,71.68,36.79,33.0,4.0,mb,us
2003-09-06,19:12:01,77.96,39.3,10.0,4.0,mb,us
2003-09-07,03:20:18,90.03,34.08,33.0,4.5,mb,us
2003-09-07,07:22:55,89.89,34.06,33.0,0.0,,us
2003-09-08,19:21:26,57.17,37.04,33.0,0.0,,us
2003-09-08,23:37:19,69.59,23.89,10.0,3.9,mb,us
2003-09-09,21:50:02,81.57,29.7,33.0,0.0,,us
2003-09-09,23:31:51,60.14,31.16,33.0,3.9,mb,us
2003-09-10,05:10:27,57.5,13.38,10.0,4.2,mb,us
2003-09-10,08:25:27,69.14,35.74,33.0,4.0,mb,us
2003-09-11,04:26:07,74.42,35.54,33.0,4.0,mb,us
2003-09-11,04:31:17,74.66,35.48,33.0,4.5,mb,us
2003-09-11,14:00:38,57.2,38.03,33.0,4.1,mb,us
2003-09-11,17:18:41,77.27,39.68,10.0,0.0,,us
2003-09-11,19:31:28,54.08,28.37,33.0,4.7,mb,us
2003-09-11,21:46:22,70.18,35.88,33.0,3.6,mb,us
2003-09-11,23:53:24,70.33,39.13,33.0,3.8,mb,us
2003-09-12,07:34:18,59.22,28.38,33.0,4.6,mb,us
2003-09-12,12:34:18,77.7,40.27,10.0,4.7,mb,us
2003-09-13,03:55:21,70.99,36.52,200.0,4.0,mb,us
2003-09-13,20:57:56,94.69,24.39,84.1,0.0,,us
2003-09-13,21:05:20,70.33,35.64,33.0,0.0,,us
2003-09-13,22:16:26,70.77,36.51,200.7,4.1,mb,us
2003-09-15,06:28:45,71.3,36.58,259.4,4.4,mb,us
2003-09-15,09:35:05,84.64,53.66,10.0,4.0,mb,us
2003-09-15,11:01:37,54.85,28.0,33.0,3.9,mb,us
2003-09-15,12:28:45,76.31,32.82,33.0,0.0,,us
2003-09-15,18:15:50,57.04,37.51,33.0,0.0,,us
2003-09-15,20:38:44,88.39,48.65,19.5,4.1,mb,us
2003-09-16,08:00:44,101.01,29.48,53.0,4.9,mwc,hrv
2003-09-16,11:24:52,111.26,56.06,10.0,5.6,mwc,hrv
2003-09-17,02:59:56,101.43,51.74,10.0,4.6,mb,us
2003-09-17,18:34:27,74.97,38.99,10.0,4.3,mb,us
2003-09-17,19:26:32,68.13,37.16,33.0,3.8,mb,us
2003-09-19,00:13:44,77.82,43.1,33.0,0.0,,us
2003-09-19,09:07:22,99.15,23.0,33.0,0.0,,us
2003-09-19,20:15:16,71.13,36.4,211.0,3.6,mb,us
2003-09-20,05:01:23,99.69,51.66,33.0,4.5,mb,us
2003-09-20,05:13:29,99.43,27.83,100.7,4.3,mb,us
2003-09-20,11:12:40,71.97,37.17,164.3,4.1,mb,us
2003-09-20,13:59:45,73.39,36.02,33.0,4.9,mb,us
2003-09-21,14:06:08,81.57,28.88,33.0,0.0,,us
2003-09-21,18:16:13,95.67,19.92,10.0,6.6,mwb,us
2003-09-21,18:26:22,95.38,19.73,10.0,0.0,,us
2003-09-21,18:27:42,95.28,19.91,10.0,0.0,,us
2003-09-21,18:31:17,95.57,19.83,10.0,4.7,mb,us
2003-09-21,18:36:48,95.4,20.05,10.0,0.0,,us
2003-09-21,18:41:42,95.57,19.74,10.0,4.6,mb,us
2003-09-21,18:45:14,95.2,19.51,10.0,0.0,,us
2003-09-21,18:55:21,95.36,19.81,10.0,0.0,,us
2003-09-21,19:14:37,95.44,19.88,10.0,4.7,mb,us
2003-09-21,19:18:01,95.36,19.91,10.0,0.0,,us
2003-09-21,19:29:14,95.76,19.73,10.0,0.0,,us
2003-09-21,19:36:25,95.54,19.92,10.0,0.0,,us
2003-09-21,19:46:49,95.53,19.65,10.0,0.0,,us
2003-09-21,19:50:57,95.26,19.62,10.0,0.0,,us
2003-09-21,20:03:14,95.14,19.69,10.0,0.0,,us
2003-09-21,20:07:52,95.8,20.01,10.0,0.0,,us
2003-09-21,20:15:04,95.82,19.84,10.0,0.0,,us
2003-09-21,20:43:25,95.56,19.73,10.0,4.7,mb,us
2003-09-21,23:24:38,95.61,19.74,10.0,0.0,,us
2003-09-22,00:50:16,95.32,19.73,10.0,0.0,,us
2003-09-22,03:36:09,95.59,19.7,10.0,0.0,,us
2003-09-22,04:29:08,95.41,19.74,10.0,0.0,,us
2003-09-22,07:08:10,59.67,33.88,33.0,0.0,,us
2003-09-22,07:38:14,95.64,19.92,10.0,0.0,,us
2003-09-22,07:55:03,95.89,20.03,10.0,4.8,mb,us
2003-09-22,09:25:18,88.59,28.49,33.0,0.0,,us
2003-09-22,10:50:57,95.76,19.84,10.0,4.9,mb,us
2003-09-22,12:50:53,95.75,20.01,10.0,0.0,,us
2003-09-22,15:29:50,95.71,19.75,10.0,0.0,,us
2003-09-22,16:43:32,95.45,19.49,10.0,0.0,,us
2003-09-22,21:16:32,95.44,19.78,10.0,0.0,,us
2003-09-22,21:33:03,70.67,36.35,200.0,0.0,,us
2003-09-22,23:51:36,95.64,19.68,10.0,0.0,,us
2003-09-23,23:00:00,101.61,25.87,33.0,0.0,,us
2003-09-23,23:03:36,95.41,19.75,10.0,0.0,,us
2003-09-23,23:46:38,95.74,19.84,10.0,0.0,,us
2003-09-24,00:45:09,81.57,28.73,33.0,0.0,,us
2003-09-25,02:15:42,95.58,19.76,10.0,3.8,mb,us
2003-09-25,04:58:29,95.58,19.88,10.0,4.8,mb,us
2003-09-25,08:43:02,71.35,36.26,33.0,4.1,mb,us
2003-09-25,23:55:18,95.7,19.61,10.0,0.0,,us
2003-09-26,02:25:50,69.96,38.85,33.0,0.0,,us
2003-09-26,23:35:30,77.1,40.19,10.0,5.4,mwc,hrv
2003-09-27,01:06:33,101.23,25.94,33.0,4.8,mb,us
2003-09-27,11:33:25,87.81,50.04,16.0,7.3,mwb,us
2003-09-27,11:58:07,88.03,49.94,10.0,5.3,mb,us
2003-09-27,12:14:32,88.12,50.16,10.0,0.0,,us
2003-09-27,12:16:01,87.66,50.09,10.0,4.7,mb,us
2003-09-27,12:38:08,88.24,49.9,10.0,4.2,mb,us
2003-09-27,12:42:52,87.84,49.99,10.0,4.6,mb,us
2003-09-27,12:50:16,88.27,50.0,10.0,4.4,mb,us
2003-09-27,13:03:07,88.28,49.99,10.0,4.9,mb,us
2003-09-27,13:16:43,87.94,50.07,10.0,5.4,mb,us
2003-09-27,13:34:32,87.88,50.22,10.0,4.4,mb,us
2003-09-27,13:38:02,87.98,49.93,10.0,4.6,mb,us
2003-09-27,13:38:37,87.84,49.99,10.0,5.1,mb,us
2003-09-27,13:55:38,88.28,50.08,10.0,4.4,mb,us
2003-09-27,14:17:11,88.55,49.98,10.0,0.0,,us
2003-09-27,14:31:35,87.92,50.12,10.0,4.4,mb,us
2003-09-27,14:54:10,88.03,50.16,10.0,0.0,,us
2003-09-27,15:04:27,87.98,50.1,10.0,4.4,mb,us
2003-09-27,15:16:51,88.21,49.92,10.0,4.4,mb,us
2003-09-27,15:31:22,87.83,50.07,10.0,5.0,mb,us
2003-09-27,15:49:05,88.18,49.94,10.0,4.9,mb,us
2003-09-27,15:53:38,87.81,50.07,10.0,4.5,mb,us
2003-09-27,16:01:36,88.0,50.25,10.0,3.9,mb,us
2003-09-27,16:16:57,88.37,49.96,10.0,4.2,mb,us
2003-09-27,16:20:05,88.3,49.99,10.0,4.6,mb,us
2003-09-27,16:22:05,88.48,50.04,10.0,0.0,,us
2003-09-27,16:34:02,87.95,50.32,10.0,0.0,,us
2003-09-27,16:51:33,88.33,50.08,10.0,0.0,,us
2003-09-27,16:52:59,88.31,49.92,10.0,4.7,mb,us
2003-09-27,17:13:54,88.39,50.12,10.0,0.0,,us
2003-09-27,17:30:22,87.69,50.43,10.0,3.9,mb,us
2003-09-27,17:41:48,88.24,50.2,10.0,0.0,,us
2003-09-27,17:55:35,88.12,50.14,10.0,4.2,mb,us
2003-09-27,17:58:52,87.94,50.35,10.0,0.0,,us
2003-09-27,18:45:17,87.89,50.14,10.0,4.0,mb,us
2003-09-27,18:52:47,87.76,50.09,10.0,6.4,mwb,us
2003-09-27,19:49:28,87.88,50.18,10.0,4.4,mb,us
2003-09-27,20:04:11,87.95,50.26,10.0,0.0,,us
2003-09-27,20:12:09,88.11,49.88,10.0,0.0,,us
2003-09-27,20:26:45,87.3,50.39,10.0,0.0,,us
2003-09-27,20:30:24,87.86,50.02,10.0,5.3,mb,us
2003-09-27,20:36:00,88.22,50.04,10.0,4.4,mb,us
2003-09-27,20:37:27,88.28,50.24,10.0,4.2,mb,us
2003-09-27,20:43:27,88.23,50.11,10.0,4.3,mb,us
2003-09-27,20:58:59,88.39,50.1,10.0,4.2,mb,us
2003-09-27,21:03:05,71.58,36.59,84.4,4.4,mb,us
2003-09-27,21:10:18,88.33,49.98,10.0,4.6,mb,us
2003-09-27,21:15:17,88.69,50.07,10.0,4.2,mb,us
2003-09-27,21:47:43,88.12,50.07,10.0,4.3,mb,us
2003-09-27,22:02:44,88.39,49.97,10.0,4.4,mb,us
2003-09-27,23:40:30,88.41,50.03,10.0,0.0,,us
2003-09-28,00:18:24,88.34,49.8,10.0,4.4,mb,us
2003-09-28,00:24:50,87.78,50.3,10.0,4.2,mb,us
2003-09-28,00:35:11,88.13,50.17,10.0,0.0,,us
2003-09-28,00:46:26,87.61,50.26,10.0,4.4,mb,us
2003-09-28,01:00:54,88.19,50.12,10.0,0.0,,us
2003-09-28,02:07:21,87.85,50.19,10.0,4.1,mb,us
2003-09-28,02:50:50,77.04,40.22,10.0,4.2,mb,us
2003-09-28,03:19:33,88.07,50.02,10.0,4.5,mb,us
2003-09-28,03:27:08,88.09,49.92,10.0,4.7,mb,us
2003-09-28,04:41:18,87.97,50.01,10.0,0.0,,us
2003-09-28,04:43:45,87.92,50.31,10.0,4.4,mb,us
2003-09-28,04:51:07,88.34,50.06,10.0,0.0,,us
2003-09-28,05:14:09,71.22,36.82,233.3,4.0,mb,us
2003-09-28,07:16:30,88.1,50.11,10.0,0.0,,us
2003-09-28,07:34:38,88.13,50.15,10.0,0.0,,us
2003-09-28,08:40:54,88.0,50.06,10.0,4.6,mb,us
2003-09-28,09:19:43,88.37,49.95,10.0,0.0,,us
2003-09-28,11:09:07,88.14,49.94,10.0,4.6,mb,us
2003-09-28,11:40:53,88.25,50.18,10.0,0.0,,us
2003-09-28,11:43:42,88.0,50.12,10.0,4.5,mb,us
2003-09-28,12:35:55,87.65,49.9,10.0,0.0,,us
2003-09-28,13:10:10,88.07,50.14,10.0,0.0,,us
2003-09-28,14:02:53,87.95,50.12,10.0,0.0,,us
2003-09-28,14:53:49,88.27,50.05,10.0,0.0,,us
2003-09-28,15:03:36,87.78,50.1,10.0,4.5,mb,us
2003-09-28,15:31:18,87.78,50.37,10.0,0.0,,us
2003-09-28,15:59:59,88.23,50.23,10.0,0.0,,us
2003-09-28,19:33:40,87.93,50.13,10.0,4.4,mb,us
2003-09-28,19:43:32,88.15,50.06,10.0,4.9,mb,us
2003-09-28,20:12:17,88.55,50.18,10.0,4.5,mb,us
2003-09-28,22:42:48,88.11,50.1,10.0,4.1,mb,us
2003-09-28,23:30:53,87.88,50.18,10.0,0.0,,us
2003-09-29,02:17:50,88.23,50.0,10.0,4.5,mb,us
2003-09-29,06:51:14,87.8,50.18,10.0,4.7,mb,us
2003-09-29,07:55:29,88.09,50.0,10.0,0.0,,us
2003-09-29,09:27:03,87.59,50.0,10.0,4.9,mb,us
2003-09-29,12:34:25,88.38,50.04,10.0,0.0,,us
2003-09-29,13:40:30,87.74,27.36,33.0,4.6,mb,us
2003-09-29,15:27:01,87.89,50.0,10.0,5.1,mb,us
2003-09-29,16:59:30,88.09,50.11,10.0,0.0,,us
2003-09-29,17:05:17,87.79,50.08,10.0,4.6,mb,us
2003-09-29,17:54:08,87.57,49.74,10.0,0.0,,us
2003-09-29,21:28:40,87.91,50.01,10.0,4.8,mb,us
2003-09-29,23:03:34,82.35,39.93,10.0,4.5,mb,us
2003-09-29,23:18:28,69.2,36.14,33.0,0.0,,us
2003-09-30,00:05:42,60.4,32.94,33.0,4.1,mb,us
2003-09-30,00:43:31,88.08,50.09,10.0,0.0,,us
2003-09-30,01:47:12,88.18,50.36,10.0,4.1,mb,us
2003-09-30,02:34:37,86.18,30.79,33.0,0.0,,us
2003-09-30,05:04:09,88.2,50.1,10.0,0.0,,us
2003-09-30,08:09:40,88.25,49.91,10.0,0.0,,us
2003-09-30,08:27:05,88.01,50.0,10.0,4.9,mb,us
2003-09-30,09:55:12,88.12,50.01,10.0,0.0,,us
2003-09-30,11:35:38,68.87,36.17,33.0,4.1,mb,us
2003-09-30,15:05:29,71.56,36.35,100.0,4.7,mb,us
2003-09-30,16:11:43,88.37,49.98,10.0,4.4,mb,us
2003-09-30,17:38:07,87.83,50.26,10.0,3.7,mb,us
2003-09-30,20:25:40,88.21,50.1,10.0,0.0,,us
2003-09-30,22:47:17,88.12,49.97,10.0,3.8,mb,us
2003-10-01,00:16:18,88.25,50.33,10.0,3.7,mb,us
2003-10-01,00:59:32,87.82,50.23,10.0,4.3,mb,us
2003-10-01,01:03:25,87.72,50.21,10.0,6.7,mwb,us
2003-10-01,01:19:02,87.89,50.33,10.0,0.0,,us
2003-10-01,01:42:49,87.87,50.37,10.0,4.0,mb,us
2003-10-01,02:38:19,87.9,50.24,10.0,4.7,mb,us
2003-10-01,03:03:11,88.31,50.05,10.0,4.6,mb,us
2003-10-01,03:17:32,87.71,50.32,10.0,4.6,mb,us
2003-10-01,03:58:45,87.82,50.02,10.0,5.0,mb,us
2003-10-01,04:22:26,88.01,50.44,10.0,0.0,,us
2003-10-01,05:14:33,87.36,50.12,10.0,4.0,mb,us
2003-10-01,05:35:47,88.26,50.14,10.0,0.0,,us
2003-10-01,05:44:04,87.63,50.1,10.0,5.0,mb,us
2003-10-01,06:48:43,87.41,50.34,10.0,0.0,,us
2003-10-01,07:14:03,57.3,28.28,33.0,4.8,mb,us
2003-10-01,07:16:31,87.87,50.18,10.0,0.0,,us
2003-10-01,07:49:35,87.68,50.22,10.0,4.4,mb,us
2003-10-01,08:09:10,87.82,50.28,10.0,4.6,mb,us
2003-10-01,09:01:14,89.21,41.84,10.0,0.0,,us
2003-10-01,09:55:11,87.94,50.22,10.0,4.1,mb,us
2003-10-01,12:09:07,87.53,50.3,10.0,4.0,mb,us
2003-10-01,12:21:28,87.66,50.28,10.0,4.3,mb,us
2003-10-01,12:37:37,88.39,50.01,10.0,0.0,,us
2003-10-01,15:32:04,87.76,50.28,10.0,3.9,mb,us
2003-10-01,16:42:58,59.58,31.5,33.0,0.0,,us
2003-10-01,16:54:07,88.0,50.16,10.0,3.6,mb,us
2003-10-01,17:11:49,95.6,19.95,10.0,4.7,mb,us
2003-10-01,17:35:02,88.35,49.99,10.0,4.0,mb,us
2003-10-01,18:17:31,81.94,29.53,33.0,0.0,,us
2003-10-01,22:18:44,87.6,50.32,10.0,3.7,mb,us
2003-10-02,00:19:04,88.16,50.23,10.0,4.0,mb,us
2003-10-02,01:46:15,87.55,50.46,10.0,4.5,mb,us
2003-10-02,01:51:58,88.51,49.79,10.0,0.0,,us
2003-10-02,02:57:23,87.94,50.07,10.0,4.4,mb,us
2003-10-02,03:12:12,87.86,50.17,10.0,4.6,mb,us
2003-10-02,05:12:39,88.19,50.14,10.0,0.0,,us
2003-10-02,07:49:44,88.06,50.09,10.0,4.0,mb,us
2003-10-02,08:03:37,87.56,50.11,10.0,4.7,mb,us
2003-10-02,08:26:31,88.08,49.94,10.0,4.5,mb,us
2003-10-02,09:15:10,88.19,50.16,10.0,0.0,,us
2003-10-02,11:00:22,87.72,50.16,10.0,4.3,mb,us
2003-10-02,11:17:43,52.65,29.52,33.0,0.0,,us
2003-10-02,12:32:09,87.75,50.36,10.0,3.9,mb,us
2003-10-02,13:25:23,88.08,50.64,10.0,3.7,mb,us
2003-10-02,15:09:49,87.44,50.42,10.0,4.3,mb,us
2003-10-02,16:27:49,87.39,50.29,10.0,4.2,mb,us
2003-10-02,17:47:27,87.97,50.44,10.0,0.0,,us
2003-10-02,18:47:06,87.62,50.19,10.0,3.6,mb,us
2003-10-02,20:27:54,87.23,50.09,10.0,3.8,mb,us
2003-10-02,20:51:55,95.38,19.51,10.0,4.2,mb,us
2003-10-02,21:40:11,87.61,50.15,10.0,3.5,mb,us
2003-10-02,22:44:39,68.93,86.21,10.0,4.5,mb,us
2003-10-02,23:45:04,86.49,50.39,10.0,3.7,mb,us
2003-10-03,01:15:02,87.64,50.47,10.0,0.0,,us
2003-10-03,03:16:23,87.46,50.3,10.0,4.5,mb,us
2003-10-03,04:02:13,87.67,50.24,10.0,4.4,mb,us
2003-10-03,04:24:31,95.49,19.9,10.0,4.0,mb,us
2003-10-03,05:22:32,88.28,49.99,10.0,0.0,,us
2003-10-03,08:36:04,87.57,49.77,10.0,0.0,,us
2003-10-03,09:59:09,87.5,49.7,10.0,0.0,,us
2003-10-03,11:36:00,87.41,50.01,10.0,4.6,mb,us
2003-10-03,12:34:05,96.0,20.06,10.0,4.7,mb,us
2003-10-03,12:34:50,51.71,29.8,33.0,4.8,mb,us
2003-10-03,13:52:13,51.94,29.57,33.0,0.0,,us
2003-10-03,14:14:09,51.94,29.52,33.0,4.8,mb,us
2003-10-03,15:00:00,87.65,49.55,10.0,0.0,,us
2003-10-03,19:32:55,87.85,50.07,10.0,4.4,mb,us
2003-10-03,22:52:44,88.18,49.94,10.0,4.5,mb,us
2003-10-03,23:31:36,87.03,50.17,10.0,0.0,,us
2003-10-04,00:44:35,51.73,29.71,21.0,4.9,mb,us
2003-10-04,03:23:50,88.06,50.07,10.0,4.2,mb,us
2003-10-04,05:21:21,70.78,36.39,191.5,3.5,mb,us
2003-10-04,06:14:51,88.14,50.12,10.0,4.6,mb,us
2003-10-04,07:02:14,87.7,50.3,10.0,0.0,,us
2003-10-04,09:07:39,87.51,50.28,10.0,3.8,mb,us
2003-10-04,11:46:48,87.56,49.91,10.0,4.4,mb,us
2003-10-04,14:23:29,88.31,50.0,10.0,0.0,,us
2003-10-04,16:21:14,87.14,50.06,10.0,4.2,mb,us
2003-10-04,18:30:17,87.88,50.27,10.0,4.4,mb,us
2003-10-04,22:48:38,76.61,36.47,33.0,3.8,mb,us
2003-10-05,03:12:39,57.27,9.94,10.0,4.3,mb,us
2003-10-05,05:02:44,57.32,38.66,33.0,4.5,mb,us
2003-10-05,09:23:12,87.86,49.99,10.0,3.7,mb,us
2003-10-05,14:38:38,87.69,50.3,10.0,3.8,mb,us
2003-10-05,21:03:11,88.1,49.84,10.0,3.6,mb,us
2003-10-05,21:25:29,87.89,50.23,10.0,3.6,mb,us
2003-10-05,23:26:38,72.0,37.48,100.0,3.6,mb,us
2003-10-06,04:02:15,100.01,38.86,10.0,5.0,mb,us
2003-10-06,05:11:26,88.3,50.02,10.0,4.6,mb,us
2003-10-06,10:01:09,95.28,29.78,33.0,4.5,mb,us
2003-10-06,10:18:12,87.52,50.38,10.0,4.4,mb,us
2003-10-06,15:44:03,87.83,50.01,10.0,0.0,,us
2003-10-06,17:09:01,87.82,50.12,10.0,4.6,mb,us
2003-10-06,18:57:03,88.24,49.88,10.0,4.5,mb,us
2003-10-06,22:32:24,87.95,49.98,10.0,4.5,mb,us
2003-10-07,06:59:53,71.05,36.31,150.0,4.8,mb,us
2003-10-07,09:39:55,88.03,50.22,10.0,4.3,mb,us
2003-10-07,11:04:34,54.35,28.35,33.0,4.6,mb,us
2003-10-07,13:59:57,87.53,50.26,10.0,3.9,mb,us
2003-10-07,14:50:35,87.5,49.87,10.0,0.0,,us
2003-10-07,20:25:36,87.4,50.1,10.0,3.8,mb,us
2003-10-07,20:37:48,86.91,50.14,10.0,3.7,mb,us
2003-10-07,21:36:38,88.06,50.02,10.0,4.6,mb,us
2003-10-08,03:26:34,88.0,50.26,10.0,0.0,,us
2003-10-08,04:06:06,87.37,50.44,10.0,0.0,,us
2003-10-08,06:50:24,88.21,50.13,10.0,4.2,mb,us
2003-10-08,07:58:14,87.66,50.27,10.0,0.0,,us
2003-10-08,11:29:59,88.15,50.04,10.0,0.0,,us
2003-10-08,22:44:14,72.19,37.51,182.7,3.9,mb,us
2003-10-09,02:12:08,87.64,50.03,10.0,0.0,,us
2003-10-09,14:45:39,87.23,49.8,10.0,4.4,mb,us
2003-10-09,16:06:02,87.86,50.09,10.0,5.0,mwc,hrv
2003-10-09,16:18:14,87.73,50.27,10.0,4.2,mb,us
2003-10-09,17:25:36,70.32,36.52,200.0,4.1,mb,us
2003-10-09,19:23:03,87.73,50.28,10.0,3.9,mb,us
2003-10-10,01:46:23,87.74,49.75,10.0,0.0,,us
2003-10-10,03:29:15,98.22,39.58,10.0,5.1,mb,us
2003-10-10,11:03:58,87.05,50.02,10.0,0.0,,us
2003-10-10,12:35:29,87.37,49.83,10.0,0.0,,us
2003-10-10,13:23:37,90.66,40.96,31.7,4.4,mb,us
2003-10-10,14:53:21,54.21,28.24,33.0,0.0,,us
2003-10-10,20:38:38,71.11,36.92,300.0,0.0,,us
2003-10-10,21:01:58,87.44,49.74,10.0,0.0,,us
2003-10-11,01:36:08,84.65,43.1,33.0,5.0,mb,us
2003-10-11,03:32:39,87.67,50.06,10.0,4.1,mb,us
2003-10-11,06:54:12,87.2,50.37,10.0,3.9,mb,us
2003-10-11,08:46:41,84.49,43.15,33.0,4.7,mb,us
2003-10-11,09:34:15,51.76,13.96,10.0,4.9,mwc,hrv
2003-10-11,09:47:54,69.92,23.38,10.0,4.4,mb,us
2003-10-11,10:33:14,84.52,43.05,33.0,4.3,mb,us
2003-10-11,10:36:14,54.96,34.52,33.0,4.5,mb,us
2003-10-12,21:33:52,94.13,23.52,44.2,4.0,mb,us
2003-10-12,22:22:41,94.13,22.18,100.0,0.0,,us
2003-10-12,23:50:34,87.98,50.12,10.0,3.8,mb,us
2003-10-13,05:26:38,87.7,50.26,10.0,5.2,mwc,hrv
2003-10-13,07:25:31,85.03,43.09,10.0,0.0,,us
2003-10-13,13:00:04,87.58,50.3,10.0,0.0,,us
2003-10-13,13:58:39,87.6,49.88,10.0,4.0,mb,us
2003-10-13,21:40:27,87.75,49.69,10.0,0.0,,us
2003-10-13,21:48:41,52.5,40.58,33.0,4.6,mb,us
2003-10-13,22:10:02,86.98,50.15,10.0,3.6,mb,us
2003-10-15,00:12:04,87.66,50.29,10.0,4.4,mb,us
2003-10-15,00:14:57,71.16,36.46,197.6,4.5,mb,us
2003-10-15,00:32:45,84.5,42.97,33.0,4.5,mb,us
2003-10-15,06:38:31,70.17,36.31,33.0,4.2,mb,us
2003-10-15,09:10:28,94.86,25.09,110.3,4.0,mb,us
2003-10-15,18:20:58,94.86,24.62,118.5,0.0,,us
2003-10-16,09:15:49,72.47,38.08,33.0,0.0,,us
2003-10-16,11:20:03,69.93,35.89,33.0,4.8,mb,us
2003-10-16,11:54:07,70.93,36.3,200.0,4.0,mb,us
2003-10-16,12:18:50,71.09,36.45,119.5,4.2,mb,us
2003-10-16,12:28:09,101.25,25.95,33.0,5.6,mwc,hrv
2003-10-16,13:07:39,101.55,26.09,33.0,3.9,mb,us
2003-10-16,13:28:18,101.28,25.86,33.0,0.0,,us
2003-10-16,22:41:37,101.35,25.97,33.0,4.5,mb,us
2003-10-16,23:08:59,88.15,50.35,10.0,3.5,mb,us
2003-10-17,00:14:44,101.39,26.01,33.0,0.0,,us
2003-10-17,05:30:21,87.75,50.18,10.0,5.2,mwc,hrv
2003-10-17,08:18:46,87.92,49.91,10.0,4.4,mb,us
2003-10-17,12:36:21,87.33,49.95,10.0,3.8,mb,us
2003-10-17,14:29:45,87.76,49.87,10.0,0.0,,us
2003-10-18,21:14:44,70.55,36.27,196.9,4.1,mb,us
2003-10-19,04:04:52,68.65,37.08,33.0,4.0,mb,us
2003-10-19,09:53:49,71.17,36.75,86.1,4.5,mb,us
2003-10-19,10:43:13,83.17,45.73,33.0,0.0,,us
2003-10-19,15:25:43,71.13,36.63,214.5,4.3,mb,us
2003-10-19,21:01:18,101.24,25.91,33.0,3.7,mb,us
2003-10-20,00:39:54,86.45,23.32,33.0,4.3,mb,us
2003-10-20,05:23:12,70.97,36.56,191.5,4.5,mb,us
2003-10-20,12:05:09,88.51,49.98,10.0,0.0,,us
2003-10-20,15:21:09,101.99,51.75,10.0,0.0,,us
2003-10-20,17:47:21,88.29,49.97,10.0,0.0,,us
2003-10-20,20:11:48,81.16,35.28,10.0,0.0,,us
2003-10-21,02:50:29,88.39,50.1,10.0,3.6,mb,us
2003-10-21,03:53:33,69.82,35.38,33.0,4.1,mb,us
2003-10-21,04:33:10,68.56,38.91,33.0,3.8,mb,us
2003-10-21,07:16:56,72.11,37.55,150.0,4.0,mb,us
2003-10-21,07:32:23,95.41,19.69,10.0,4.1,mb,us
2003-10-21,13:57:21,59.64,29.2,33.0,0.0,,us
2003-10-22,00:15:32,51.82,41.02,33.0,0.0,,us
2003-10-22,08:39:43,88.04,50.08,10.0,4.4,mb,us
2003-10-22,11:25:45,88.42,49.93,10.0,3.8,mb,us
2003-10-22,23:32:34,88.26,49.77,10.0,0.0,,us
2003-10-23,00:25:46,88.34,49.93,10.0,5.1,mwc,hrv
2003-10-23,03:54:25,87.81,50.38,10.0,3.9,mb,us
2003-10-23,09:32:50,87.57,50.26,10.0,3.9,mb,us
2003-10-23,13:48:05,88.8,49.86,10.0,0.0,,us
2003-10-23,15:49:04,94.69,21.76,116.4,0.0,,us
2003-10-24,05:58:21,54.05,28.34,33.0,5.0,mwc,hrv
2003-10-24,06:51:44,89.75,38.47,10.0,0.0,,us
2003-10-25,07:31:53,71.98,37.36,125.7,4.2,mb,us
2003-10-25,07:55:21,81.07,36.09,33.0,4.1,mb,us
2003-10-25,10:23:53,70.99,36.56,156.2,4.4,mb,us
2003-10-25,12:41:35,100.95,38.4,10.0,5.8,mwb,us
2003-10-25,12:47:59,100.98,38.38,10.0,5.8,mwc,hrv
2003-10-25,13:08:14,100.92,38.4,10.0,4.4,mb,us
2003-10-25,13:25:23,101.04,38.35,10.0,5.2,ms,us
2003-10-25,13:29:38,101.04,38.18,10.0,0.0,,us
2003-10-25,14:30:33,101.18,38.38,10.0,4.5,mb,us
2003-10-25,14:34:41,101.31,38.28,10.0,4.7,mb,us
2003-10-25,16:19:16,101.02,38.4,10.0,0.0,,us
2003-10-25,17:20:30,100.85,38.61,10.0,0.0,,us
2003-10-25,17:43:28,100.59,38.56,10.0,3.9,mb,us
2003-10-25,17:55:33,100.78,38.22,10.0,4.6,mb,us
2003-10-25,22:52:10,84.55,31.2,33.0,0.0,,us
2003-10-26,02:42:05,71.67,37.19,100.0,4.1,mb,us
2003-10-27,05:02:30,70.39,36.02,100.0,0.0,,us
2003-10-27,09:58:23,87.58,50.11,10.0,4.6,mb,us
2003-10-27,12:47:22,74.1,39.67,33.0,3.8,mb,us
2003-10-27,21:45:06,88.42,50.16,10.0,3.6,mb,us
2003-10-28,02:31:30,92.17,32.45,10.0,4.8,mb,us
2003-10-28,06:08:40,57.76,36.4,33.0,0.0,,us
2003-10-28,15:01:22,68.88,29.85,33.0,4.0,mb,us
2003-10-28,16:36:14,77.46,39.33,10.0,3.8,mb,us
2003-10-29,06:30:09,72.32,36.85,33.0,4.5,mb,us
2003-10-29,07:20:50,88.05,50.32,10.0,4.2,mb,us
2003-10-29,10:02:52,95.93,26.04,70.9,4.7,mb,us
2003-10-29,21:18:34,88.03,50.08,10.0,4.7,mb,us
2003-10-29,22:09:27,101.08,38.43,10.0,0.0,,us
2003-10-30,15:22:18,95.74,19.81,10.0,5.3,mwc,hrv
2003-10-30,16:01:23,95.79,19.83,10.0,0.0,,us
2003-10-30,23:08:33,76.86,40.02,33.0,3.8,mb,us
2003-10-31,11:06:23,95.4,19.79,10.0,4.5,mb,us
2003-10-31,18:09:26,101.08,25.94,33.0,4.4,mb,us
2003-10-31,19:00:19,70.58,40.74,33.0,0.0,,us
2003-11-01,01:53:49,95.78,20.05,10.0,0.0,,us
2003-11-01,04:53:00,54.96,28.06,33.0,0.0,,us
2003-11-01,11:38:04,50.56,13.25,10.0,4.1,mb,us
2003-11-01,12:04:57,50.49,13.15,10.0,4.7,mb,us
2003-11-01,12:36:43,50.42,13.18,10.0,4.4,mb,us
2003-11-01,12:59:11,50.54,13.01,10.0,3.9,mb,us
2003-11-01,22:16:58,87.45,50.24,10.0,4.1,mb,us
2003-11-01,22:55:35,88.02,50.21,10.0,0.0,,us
2003-11-02,10:49:02,95.66,19.88,10.0,4.4,mb,us
2003-11-02,15:11:30,50.34,13.27,10.0,4.4,mb,us
2003-11-02,22:35:58,83.59,27.96,50.0,0.0,,us
2003-11-03,19:27:39,96.42,25.32,33.0,0.0,,us
2003-11-04,00:50:03,56.32,27.42,33.0,4.4,mb,us
2003-11-04,15:56:55,88.18,49.94,10.0,4.0,mb,us
2003-11-04,21:43:34,100.7,26.58,33.0,4.6,mb,us
2003-11-04,22:07:59,88.26,49.9,10.0,4.8,mb,us
2003-11-04,22:38:13,100.57,26.52,33.0,3.5,mb,us
2003-11-05,05:05:27,78.04,37.67,33.0,0.0,,us
2003-11-05,07:58:52,56.12,27.53,33.0,4.9,mwc,hrv
2003-11-05,15:17:50,88.0,50.08,10.0,4.5,mb,us
2003-11-05,18:35:44,87.33,50.09,10.0,0.0,,us
2003-11-06,00:33:06,57.92,12.84,10.0,5.0,mwc,hrv
2003-11-06,02:13:02,69.85,30.71,33.0,4.7,mb,us
2003-11-06,08:22:16,84.38,27.9,4.1,0.0,,us
2003-11-06,13:53:10,95.66,19.69,10.0,4.5,mb,us
2003-11-06,13:59:33,96.82,21.02,10.0,4.3,mb,us
2003-11-06,15:18:54,95.7,19.74,10.0,4.8,mb,us
2003-11-07,07:51:43,71.63,39.33,33.0,0.0,,us
2003-11-07,20:29:23,96.83,26.51,10.0,0.0,,us
2003-11-08,05:58:57,93.66,23.63,33.0,4.9,mb,us
2003-11-08,08:52:10,86.92,50.38,10.0,3.7,mb,us
2003-11-08,10:23:15,51.85,40.17,33.0,4.1,mb,us
2003-11-08,19:13:34,71.21,36.65,218.1,4.7,mb,us
2003-11-09,09:50:06,75.14,40.06,33.0,4.5,mb,us
2003-11-09,12:44:23,52.28,14.62,10.0,4.4,mb,us
2003-11-09,17:22:49,87.75,50.33,10.0,4.1,mb,us
2003-11-09,19:36:43,92.96,21.9,37.9,4.4,mb,us
2003-11-10,06:53:39,72.76,37.93,145.3,0.0,,us
2003-11-10,14:45:51,67.93,41.04,10.0,5.1,mwc,hrv
2003-11-10,17:40:02,67.79,41.0,10.0,4.2,mb,us
2003-11-10,19:55:10,87.78,49.92,10.0,4.6,mb,us
2003-11-11,07:16:32,86.44,30.0,33.0,3.9,mb,us
2003-11-11,09:58:49,70.69,30.48,33.0,0.0,,us
2003-11-11,10:05:33,95.35,19.72,10.0,0.0,,us
2003-11-11,20:11:56,94.25,22.97,91.1,4.4,mb,us
2003-11-11,22:42:31,87.89,50.15,10.0,5.1,mwc,hrv
2003-11-12,01:57:55,87.58,49.8,10.0,3.8,mb,us
2003-11-12,19:24:19,63.36,40.49,33.0,4.7,mb,us
2003-11-12,19:39:09,66.32,27.02,33.0,4.5,mb,us
2003-11-13,01:58:39,95.74,19.84,10.0,4.6,mb,us
2003-11-13,02:35:10,103.83,34.71,10.0,5.1,mwc,hrv
2003-11-13,09:41:52,71.48,36.72,200.0,3.9,mb,us
2003-11-13,21:15:32,71.01,36.62,224.8,4.5,mb,us
2003-11-14,08:17:56,86.08,30.5,33.0,4.0,mb,us
2003-11-14,16:41:31,63.19,40.94,33.0,0.0,,us
2003-11-14,18:49:46,103.97,27.37,33.0,5.6,mwc,hrv
2003-11-14,23:44:04,72.13,39.05,33.0,0.0,,us
2003-11-15,01:33:04,69.53,36.17,148.2,4.2,mb,us
2003-11-15,14:44:00,83.1,30.24,33.0,4.2,mb,us
2003-11-15,15:25:40,87.82,50.2,10.0,0.0,,us
2003-11-15,18:50:12,103.47,27.31,33.0,4.1,mb,us
2003-11-15,19:48:10,87.85,50.18,10.0,4.3,mb,us
2003-11-16,00:31:03,88.1,50.34,10.0,0.0,,us
2003-11-16,16:00:35,108.68,30.38,71.9,0.0,,us
2003-11-16,17:26:20,111.05,54.88,10.0,3.9,mb,us
2003-11-16,19:27:00,63.53,40.74,33.0,3.9,mb,us
2003-11-16,22:51:37,60.12,33.28,33.0,4.8,mb,us
2003-11-16,23:34:08,60.18,33.35,33.0,4.3,mb,us
2003-11-17,01:35:48,87.65,50.19,10.0,5.2,mwc,hrv
2003-11-17,02:33:53,87.62,50.2,10.0,4.2,mb,us
2003-11-17,15:43:26,93.86,22.75,33.0,0.0,,us
2003-11-17,17:13:25,111.46,55.99,19.7,4.2,mb,us
2003-11-17,21:05:56,77.15,36.69,10.0,0.0,,us
2003-11-17,21:50:06,103.45,27.33,33.0,3.8,mb,us
2003-11-18,05:37:40,57.3,37.62,33.0,4.6,mb,us
2003-11-18,06:52:51,83.71,29.5,10.0,0.0,,us
2003-11-18,12:00:32,70.9,39.08,33.0,0.0,,us
2003-11-18,12:34:57,95.87,24.59,33.0,0.0,,us
2003-11-18,14:02:26,93.98,32.35,33.0,0.0,,us
2003-11-18,19:45:44,83.89,26.79,10.0,0.0,,us
2003-11-18,23:21:14,51.29,31.02,33.0,5.1,mb,us
2003-11-18,23:38:27,51.29,30.84,33.0,4.6,mb,us
2003-11-19,01:40:47,83.85,42.52,33.0,3.7,mb,us
2003-11-19,02:39:47,71.32,36.54,235.1,4.2,mb,us
2003-11-19,08:26:43,57.55,37.94,33.0,0.0,,us
2003-11-19,10:52:05,95.35,24.81,137.6,4.3,mb,us
2003-11-20,19:48:37,70.32,36.46,33.0,4.3,mb,us
2003-11-20,23:42:12,101.05,52.49,10.0,4.3,mb,us
2003-11-21,03:10:14,74.22,38.02,186.8,4.3,mb,us
2003-11-21,10:34:37,59.43,31.4,33.0,5.0,mwc,hrv
2003-11-21,10:42:07,59.05,31.27,33.0,0.0,,us
2003-11-21,19:48:30,88.04,50.06,10.0,0.0,,us
2003-11-21,21:01:09,102.81,24.68,33.0,0.0,,us
2003-11-22,05:07:06,83.77,28.28,30.9,4.3,mb,us
2003-11-22,09:30:04,57.47,13.28,10.0,5.1,mwc,hrv
2003-11-22,10:17:29,57.34,13.27,10.0,4.7,mb,us
2003-11-22,11:24:33,57.25,13.29,10.0,5.0,mwc,hrv
2003-11-22,21:19:10,103.88,27.2,33.0,3.9,mb,us
2003-11-22,21:29:21,92.2,32.71,33.0,0.0,,us
2003-11-22,23:31:56,83.77,28.2,33.0,4.3,mb,us
2003-11-23,00:16:01,82.1,41.96,17.4,4.7,mb,us
2003-11-23,08:41:25,88.15,50.07,10.0,3.8,mb,us
2003-11-23,15:08:13,101.03,20.53,37.0,4.6,mb,us
2003-11-23,19:15:06,83.77,28.3,32.3,4.0,mb,us
2003-11-24,05:17:57,71.78,37.87,100.0,0.0,,us
2003-11-24,06:11:18,59.34,31.4,33.0,4.8,mb,us
2003-11-24,22:47:24,76.34,32.35,33.0,0.0,,us
2003-11-25,02:09:34,84.02,27.5,10.0,0.0,,us
2003-11-25,05:40:30,111.64,36.2,10.0,4.9,mb,us
2003-11-25,07:27:04,72.11,37.32,210.1,4.4,mb,us
2003-11-25,09:52:00,51.35,29.08,33.0,4.3,mb,us
2003-11-25,18:54:16,74.17,38.07,155.3,4.6,mb,us
2003-11-25,19:07:59,84.07,27.26,10.0,0.0,,us
2003-11-25,19:49:16,70.07,31.29,33.0,5.0,mb,us
2003-11-25,20:34:27,70.42,31.19,33.0,0.0,,us
2003-11-26,03:04:08,68.44,36.85,33.0,5.1,mb,us
2003-11-26,05:48:11,54.2,28.06,33.0,4.5,mb,us
2003-11-26,07:30:16,101.32,28.25,33.0,0.0,,us
2003-11-26,10:05:59,88.48,50.02,10.0,3.9,mb,us
2003-11-26,11:45:55,68.57,36.99,33.0,4.2,mb,us
2003-11-26,13:38:58,103.75,27.28,33.0,4.7,mb,us
2003-11-26,13:49:53,82.13,42.0,18.3,4.7,mb,us
2003-11-26,13:57:57,68.53,37.15,33.0,4.0,mb,us
2003-11-26,14:00:35,68.6,37.02,33.0,4.2,mb,us
2003-11-26,14:06:14,88.52,49.78,10.0,4.1,mb,us
2003-11-26,14:40:45,68.67,37.03,33.0,4.1,mb,us
2003-11-26,23:25:02,68.57,37.32,33.0,3.9,mb,us
2003-11-26,23:36:40,68.68,37.51,33.0,3.7,mb,us
2003-11-27,01:09:42,51.65,27.75,33.0,4.0,mb,us
2003-11-27,02:56:56,70.78,36.42,200.0,0.0,,us
2003-11-27,03:33:11,68.55,37.08,33.0,4.5,mb,us
2003-11-27,10:48:27,110.19,56.5,10.0,4.4,mb,us
2003-11-27,14:14:57,100.98,29.54,33.0,4.6,mb,us
2003-11-28,06:24:55,68.57,37.04,33.0,4.9,mb,us
2003-11-28,14:31:25,57.13,30.7,10.0,0.0,,us
2003-11-28,23:19:50,54.08,28.41,33.0,5.0,mwc,hrv
2003-11-29,03:39:21,97.4,47.95,33.0,4.6,mb,us
2003-11-29,10:37:31,71.13,36.56,194.6,0.0,,us
2003-11-29,18:34:43,93.22,25.7,35.5,4.2,mb,us
2003-11-30,04:56:41,95.11,19.55,10.0,0.0,,us
2003-11-30,12:57:01,88.42,29.01,86.3,3.5,mb,us
2003-11-30,12:58:00,79.1,30.51,33.0,0.0,,us
2003-12-01,00:36:12,70.6,36.19,150.0,0.0,,us
2003-12-01,01:38:32,80.52,42.9,10.0,6.0,mwc,hrv
2003-12-01,01:50:31,80.44,42.82,10.0,0.0,,us
2003-12-01,02:06:46,80.61,43.02,10.0,5.0,mb,us
2003-12-01,04:13:43,80.57,42.86,10.0,0.0,,us
2003-12-01,04:40:45,87.68,50.18,10.0,3.8,mb,us
2003-12-01,10:28:55,80.53,42.99,10.0,5.2,mb,us
2003-12-01,12:39:25,98.25,51.7,10.0,4.7,mb,us
2003-12-01,12:58:40,99.74,26.05,10.0,0.0,,us
2003-12-01,14:30:02,80.48,42.91,21.4,4.8,mb,us
2003-12-01,18:53:29,67.89,31.79,33.0,3.7,mb,us
2003-12-01,20:55:44,111.38,56.17,10.0,4.8,mb,us
2003-12-01,23:10:04,71.28,36.3,100.0,3.5,mb,us
2003-12-02,03:58:19,71.56,36.42,100.0,4.6,mb,us
2003-12-02,11:38:41,78.22,31.57,33.0,0.0,,us
2003-12-02,19:04:21,52.76,36.18,33.0,4.1,mb,us
2003-12-02,21:14:52,90.39,25.79,23.1,3.8,mb,us
2003-12-02,21:46:17,71.18,36.46,264.2,4.7,mb,us
2003-12-02,23:26:50,101.26,30.93,33.0,4.6,mb,us
2003-12-03,07:27:07,56.99,28.08,33.0,4.3,mb,us
2003-12-03,10:15:18,81.03,41.75,33.0,4.1,mb,us
2003-12-03,15:39:09,52.5,28.17,33.0,0.0,,us
2003-12-03,17:07:25,88.76,33.05,33.0,3.9,mb,us
2003-12-03,18:33:40,72.02,37.3,156.6,3.7,mb,us
2003-12-03,19:07:51,94.94,29.34,33.0,0.0,,us
2003-12-03,21:24:10,111.49,56.02,10.0,4.1,mb,us
2003-12-03,21:50:23,73.83,38.1,110.2,3.9,mb,us
2003-12-04,02:03:27,76.93,38.01,10.0,4.2,mb,us
2003-12-04,12:25:09,88.36,49.9,10.0,4.6,mb,us
2003-12-04,14:18:18,75.15,38.58,10.0,4.1,mb,us
2003-12-04,15:11:50,94.85,20.88,114.6,4.1,mb,us
2003-12-04,19:10:49,88.35,49.97,10.0,3.7,mb,us
2003-12-04,21:41:15,68.58,37.23,33.0,4.0,mb,us
2003-12-04,23:04:16,87.8,36.64,33.0,4.5,mb,us
2003-12-05,02:23:53,70.32,40.48,33.0,4.4,mb,us
2003-12-05,03:43:02,97.03,33.68,10.3,4.7,mb,us
2003-12-05,05:28:55,96.51,33.92,66.1,0.0,,us
2003-12-05,06:56:45,74.1,39.33,33.0,0.0,,us
2003-12-05,06:59:00,74.18,39.23,33.0,0.0,,us
2003-12-05,07:02:34,74.12,39.15,33.0,0.0,,us
2003-12-05,07:56:47,74.12,39.31,33.0,4.7,mb,us
2003-12-05,19:13:25,88.03,50.28,10.0,0.0,,us
2003-12-06,09:53:04,90.25,25.6,26.7,4.4,mb,us
2003-12-06,10:06:03,72.37,41.04,33.0,4.6,mb,us
2003-12-06,10:30:54,72.47,41.04,33.0,4.1,mb,us
2003-12-06,15:24:37,94.46,24.08,33.0,0.0,,us
2003-12-06,17:43:17,111.34,56.01,10.0,4.1,mb,us
2003-12-07,02:53:22,68.14,41.46,33.0,4.0,mb,us
2003-12-07,10:40:04,71.96,37.13,236.4,4.1,mb,us
2003-12-07,20:20:55,95.95,19.89,10.0,5.1,mb,us
2003-12-07,20:59:13,77.65,35.45,33.0,0.0,,us
2003-12-07,22:52:01,96.05,20.0,10.0,0.0,,us
2003-12-08,00:07:32,57.85,9.77,10.0,4.8,mb,us
2003-12-08,05:54:58,72.16,36.5,100.0,3.8,mb,us
2003-12-08,20:41:30,95.47,29.86,33.0,3.6,mb,us
2003-12-08,21:09:01,88.25,50.17,10.0,4.0,mb,us
2003-12-08,22:15:45,87.25,50.22,10.0,0.0,,us
2003-12-09,08:26:45,87.15,44.03,33.0,4.8,mb,us
2003-12-09,17:08:55,55.49,26.59,33.0,3.9,mb,us
2003-12-09,22:48:46,71.43,36.74,150.0,3.4,mb,us
2003-12-10,17:17:37,83.28,30.47,33.0,4.5,mb,us
2003-12-11,01:46:15,71.11,36.09,33.0,4.2,mb,us
2003-12-12,13:39:49,94.59,37.63,10.0,5.1,mb,us
2003-12-12,17:33:57,76.04,33.03,33.0,0.0,,us
2003-12-12,18:14:58,68.44,36.93,33.0,4.8,mb,us
2003-12-13,15:32:27,81.98,39.6,33.0,0.0,,us
2003-12-13,21:42:41,71.42,36.28,99.7,4.1,mb,us
2003-12-14,13:41:58,94.74,29.22,33.0,0.0,,us
2003-12-14,17:12:03,80.5,30.63,33.0,0.0,,us
2003-12-14,21:57:43,71.36,36.45,150.0,3.8,mb,us
2003-12-15,04:44:57,85.32,36.87,10.0,0.0,,us
2003-12-15,11:37:56,71.92,40.66,33.0,4.5,mb,us
2003-12-15,22:54:20,78.2,31.62,33.0,4.5,mb,us
2003-12-15,22:57:23,54.15,28.3,10.0,5.1,mwc,hrv
2003-12-15,23:56:08,78.15,31.53,33.0,4.4,mb,us
2003-12-16,19:32:21,72.84,38.83,100.0,3.9,mb,us
2003-12-17,03:27:42,70.62,36.83,200.0,4.0,mb,us
2003-12-17,14:49:46,70.99,36.52,220.1,3.5,mb,us
2003-12-17,20:33:47,71.73,36.67,33.0,4.3,mb,us
2003-12-18,07:34:58,50.75,29.48,33.0,4.6,mb,us
2003-12-18,10:07:18,50.74,29.5,33.0,4.4,mb,us
2003-12-18,10:35:09,50.94,30.32,33.0,4.5,mb,us
2003-12-18,15:17:45,50.74,29.49,33.0,4.3,mb,us
2003-12-18,20:37:49,71.02,36.58,198.7,3.9,mb,us
2003-12-19,00:11:58,95.7,19.85,10.0,5.2,mwb,us
2003-12-19,15:01:23,88.85,41.95,33.0,4.7,mb,us
2003-12-19,15:30:46,92.32,22.85,33.0,0.0,,us
2003-12-19,20:26:37,70.89,36.4,200.0,0.0,,us
2003-12-20,02:18:20,100.83,27.69,33.0,3.8,mb,us
2003-12-20,10:47:39,53.36,28.07,33.0,4.1,mb,us
2003-12-20,12:38:14,94.06,21.94,78.3,3.8,mb,us
2003-12-21,02:14:07,76.63,32.55,33.0,4.2,mb,us
2003-12-21,15:14:25,103.83,26.68,33.0,4.3,mb,us
2003-12-22,10:15:08,73.65,37.03,33.0,0.0,,us
2003-12-22,12:08:56,71.5,36.72,200.0,3.8,mb,us
2003-12-22,19:13:06,56.9,37.21,33.0,4.8,mb,us
2003-12-22,20:19:09,76.44,29.27,33.0,0.0,,us
2003-12-23,06:32:38,54.09,28.43,33.0,4.9,mb,us
2003-12-23,06:44:31,54.06,28.44,33.0,4.3,mb,us
2003-12-23,09:20:44,54.01,28.55,33.0,4.7,mb,us
2003-12-23,15:43:06,89.48,31.4,33.0,4.0,mb,us
2003-12-24,00:01:52,76.81,36.36,33.0,3.9,mb,us
2003-12-24,06:56:03,73.49,37.07,33.0,0.0,,us
2003-12-24,07:31:42,87.85,50.31,10.0,0.0,,us
2003-12-24,20:56:23,70.37,36.5,200.0,0.0,,us
2003-12-25,05:05:29,88.21,50.16,10.0,3.9,mb,us
2003-12-25,13:31:28,73.26,38.39,97.0,4.8,mb,us
2003-12-26,01:56:52,58.31,29.0,10.0,6.6,mwc,hrv
2003-12-26,02:34:17,58.15,29.06,10.0,3.8,ml,thr
2003-12-26,02:37:57,58.37,28.86,10.0,0.0,,us
2003-12-26,02:44:52,58.23,29.11,10.0,0.0,,us
2003-12-26,03:06:14,58.32,28.93,10.0,5.1,mb,us
2003-12-26,03:21:09,58.32,29.02,10.0,3.9,ml,thr
2003-12-26,03:37:39,58.28,29.11,10.0,3.6,ml,thr
2003-12-26,03:41:40,58.35,28.91,10.0,3.8,mb,us
2003-12-26,03:53:25,58.12,28.79,10.0,4.5,mb,us
2003-12-26,03:57:40,58.18,29.08,10.0,0.0,,us
2003-12-26,05:28:34,87.54,49.96,10.0,0.0,,us
2003-12-26,09:16:35,58.28,29.01,10.0,4.0,mb,us
2003-12-26,09:59:59,58.32,29.01,10.0,4.0,mb,us
2003-12-26,14:08:16,58.2,29.08,10.0,4.6,mb,us
2003-12-26,18:24:05,58.15,28.98,10.0,0.0,,us
2003-12-26,20:56:27,58.28,28.94,10.0,0.0,,us
2003-12-27,04:45:42,58.24,28.99,10.0,3.5,ml,thr
2003-12-27,08:10:27,97.94,39.3,10.0,0.0,,us
2003-12-27,12:32:47,101.33,53.71,10.0,4.3,mb,us
2003-12-27,13:25:08,70.33,35.65,33.0,4.9,mb,us
2003-12-27,14:12:09,88.1,27.27,33.0,0.0,,us
2003-12-27,19:02:57,88.39,49.97,10.0,4.4,mb,us
2003-12-28,06:42:59,54.12,28.49,33.0,4.6,mb,us
2003-12-28,09:24:23,58.55,29.21,10.0,4.1,mb,us
2003-12-28,11:22:35,54.22,28.34,33.0,0.0,,us
2003-12-28,15:02:12,58.39,29.01,10.0,4.2,mb,us
2003-12-28,18:58:30,94.35,21.56,145.7,3.8,mb,us
2003-12-30,02:17:58,69.81,31.35,33.0,0.0,,us
2003-12-30,03:22:28,71.67,36.7,100.0,3.9,mb,us
2003-12-30,20:59:47,96.58,25.35,33.0,4.5,mb,us
2003-12-31,09:45:00,77.25,43.57,33.0,3.7,mb,us
2003-12-31,16:29:25,71.1,36.5,200.0,0.0,,us
2004-01-01,11:14:13,102.99,23.28,18.1,4.2,mb,us
2004-01-02,03:05:22,73.19,38.42,181.4,4.2,mb,us
2004-01-02,04:18:05,101.02,38.37,25.7,4.8,mb,us
2004-01-03,09:39:33,70.85,36.01,118.8,4.2,mb,us
2004-01-03,10:24:37,70.37,38.87,2.7,3.7,mb,us
2004-01-03,13:14:29,85.93,27.74,17.1,4.9,mb,us
2004-01-03,15:44:50,94.21,23.11,93.0,4.3,mb,us
2004-01-03,18:18:15,70.44,36.51,205.9,4.3,mb,us
2004-01-04,00:53:29,71.1,36.15,150.0,3.9,mb,us
2004-01-04,05:53:54,57.56,28.0,10.0,0.0,,us
2004-01-04,23:21:00,70.72,34.1,37.5,4.9,mb,us
2004-01-04,23:37:06,70.66,34.17,43.4,4.1,mb,us
2004-01-05,15:43:42,68.99,35.71,74.4,4.5,mb,us
2004-01-06,03:13:29,86.04,30.54,46.2,4.6,mb,us
2004-01-06,03:19:39,86.18,30.91,40.0,0.0,,us
2004-01-07,05:34:34,75.19,38.95,48.9,4.1,mb,us
2004-01-08,08:39:23,56.69,14.37,10.0,4.4,mb,us
2004-01-08,08:45:01,56.38,14.44,10.0,5.3,mwc,hrv
2004-01-08,08:49:52,56.38,14.51,10.0,4.1,mb,us
2004-01-08,11:36:04,54.01,28.34,79.1,0.0,,us
2004-01-08,16:15:56,56.49,14.48,10.0,3.9,mb,us
2004-01-08,19:47:58,70.48,36.57,247.7,3.7,mb,us
2004-01-09,20:04:43,69.97,36.25,125.6,4.3,mb,us
2004-01-10,10:17:43,71.06,39.12,50.0,3.9,mb,us
2004-01-10,12:54:34,70.57,36.08,140.7,0.0,,us
2004-01-10,14:36:52,86.97,43.94,30.0,4.3,mb,us
2004-01-11,02:19:05,70.26,36.51,254.6,4.3,mb,us
2004-01-11,05:06:05,58.55,29.19,10.0,4.1,mb,us
2004-01-11,14:56:21,95.9,19.8,10.0,4.5,mb,us
2004-01-11,16:09:30,88.37,49.94,10.0,0.0,,us
2004-01-11,22:10:34,68.52,37.27,45.0,3.8,mb,us
2004-01-11,23:18:16,83.86,41.92,10.0,4.3,mb,us
2004-01-12,00:02:15,92.04,26.51,41.7,0.0,,us
2004-01-12,00:16:04,91.9,26.36,38.0,3.9,mb,us
2004-01-12,08:45:43,54.93,14.68,10.0,4.7,mb,us
2004-01-14,00:34:53,88.49,32.73,44.5,4.1,mb,us
2004-01-14,01:05:41,95.55,19.49,10.0,0.0,,us
2004-01-14,16:58:48,52.4,27.7,12.4,5.2,mwc,hrv
2004-01-15,17:29:32,72.28,39.49,50.0,3.5,mb,us
2004-01-15,20:36:38,87.25,50.53,10.0,3.8,mb,us
2004-01-16,00:57:06,58.03,29.13,10.0,0.0,,us
2004-01-16,09:06:21,75.35,42.53,27.5,4.9,mwc,hrv
2004-01-16,16:55:27,70.08,36.19,45.5,0.0,,us
2004-01-16,21:29:15,88.33,49.91,10.0,4.5,mb,us
2004-01-17,00:32:51,74.11,38.52,123.3,4.4,mb,us
2004-01-17,14:02:54,66.65,29.35,10.0,4.1,mb,us
2004-01-17,19:33:57,72.9,38.36,60.4,3.9,mb,us
2004-01-18,02:02:20,56.2,27.54,45.0,4.5,mb,us
2004-01-18,14:03:11,68.33,36.09,182.8,0.0,,us
2004-01-18,23:22:34,51.78,31.89,63.4,4.6,mb,us
2004-01-19,01:42:37,94.39,23.6,85.4,0.0,,us
2004-01-19,06:29:43,71.06,39.11,50.0,0.0,,us
2004-01-19,07:22:53,105.22,84.48,10.0,5.6,mwb,us
2004-01-19,23:51:00,100.07,51.96,34.1,4.8,mb,us
2004-01-20,03:56:39,69.39,33.9,20.0,0.0,,us
2004-01-20,10:13:08,77.61,41.28,56.0,3.8,mb,us
2004-01-21,05:46:09,70.18,36.65,222.7,4.1,mb,us
2004-01-21,13:23:36,58.24,29.17,10.0,4.3,mb,us
2004-01-22,21:19:31,51.22,29.63,25.1,4.7,mb,us
2004-01-23,02:38:30,71.04,36.2,184.7,0.0,,us
2004-01-23,08:51:46,87.75,49.74,10.0,4.4,mb,us
2004-01-23,13:39:59,79.14,41.68,47.8,4.6,mb,us
2004-01-23,22:11:20,68.66,36.6,56.2,4.7,mb,us
2004-01-24,09:36:23,72.29,37.78,122.3,4.2,mb,us
2004-01-24,16:40:32,87.3,50.2,10.0,5.0,mb,us
2004-01-24,17:39:57,70.85,36.06,83.4,4.1,mb,us
2004-01-24,18:24:24,88.22,49.02,10.0,4.6,mb,us
2004-01-24,18:30:08,87.29,50.15,11.2,4.1,mb,us
2004-01-24,21:44:23,72.04,36.39,10.0,4.4,mb,us
2004-01-25,09:27:16,70.5,36.45,150.0,3.8,mb,us
2004-01-25,09:32:23,96.88,46.31,25.0,4.7,mb,us
2004-01-25,10:41:09,87.16,50.4,10.0,0.0,,us
2004-01-26,18:09:21,53.7,29.25,30.0,4.5,mb,us
2004-01-27,01:08:06,53.47,28.71,40.0,4.3,mb,us
2004-01-28,09:06:49,57.51,26.88,25.7,5.2,mwc,hrv
2004-01-28,09:33:37,57.45,27.05,38.9,4.3,mb,us
2004-01-28,13:06:50,93.94,22.26,81.6,0.0,,us
2004-01-28,17:29:32,58.32,29.01,10.4,4.1,mb,us
2004-01-29,07:33:42,109.11,54.44,10.0,4.3,mb,us
2004-01-29,15:29:09,86.13,42.54,15.0,4.3,mb,us
2004-01-30,02:23:17,52.46,28.4,35.0,0.0,,us
2004-01-30,02:43:53,96.8,46.36,1.9,4.1,mb,us
2004-01-30,10:08:02,77.86,43.62,8.0,0.0,,us
2004-01-30,13:25:45,71.03,36.74,48.7,4.8,mb,us
2004-01-30,20:47:04,86.6,50.36,10.0,0.0,,us
2004-01-30,23:32:21,71.37,36.57,93.8,4.5,mb,us
2004-01-31,09:59:12,57.8,28.61,55.0,4.1,mb,us
2004-01-31,12:57:40,104.46,28.07,44.1,4.8,mb,us
2004-01-31,20:49:59,70.68,36.36,25.0,3.8,mb,us
2004-02-01,02:47:34,101.29,27.44,45.0,0.0,,us
2004-02-01,07:55:55,70.52,36.51,230.5,4.0,mb,us
2004-02-02,02:02:51,56.06,28.34,48.4,4.0,mb,us
2004-02-02,04:11:40,70.99,36.44,184.4,0.0,,us
2004-02-02,10:40:36,71.06,36.24,128.0,3.9,mb,us
2004-02-02,12:42:04,96.56,26.5,108.7,4.4,mb,us
2004-02-03,06:59:05,71.47,36.46,111.9,4.6,mb,us
2004-02-03,13:11:33,95.17,85.07,10.0,0.0,,us
2004-02-04,00:23:06,82.94,51.06,21.6,4.5,mb,us
2004-02-04,04:59:33,70.73,36.18,75.9,4.4,mb,us
2004-02-04,16:16:17,71.31,36.31,73.4,3.8,mb,us
2004-02-04,18:46:58,75.15,33.95,23.8,4.1,mb,us
2004-02-04,19:48:13,73.96,42.79,20.0,0.0,,us
2004-02-04,20:17:10,95.26,33.93,10.0,0.0,,us
2004-02-05,00:33:41,88.33,50.0,10.0,4.6,mb,us
2004-02-05,18:06:03,77.57,39.24,10.0,3.5,mb,us
2004-02-05,19:35:54,51.75,31.99,40.4,4.3,mb,us
2004-02-06,00:44:36,62.47,27.34,46.4,0.0,,us
2004-02-06,05:53:32,71.29,36.2,96.7,0.0,,us
2004-02-06,06:34:27,79.39,37.35,21.2,4.8,mb,us
2004-02-06,20:25:13,82.4,47.02,23.8,0.0,,us
2004-02-07,13:04:44,70.94,36.24,167.0,4.2,mb,us
2004-02-07,16:09:50,88.24,49.81,27.3,4.3,mb,us
2004-02-07,19:45:37,87.57,50.32,14.3,4.1,mb,us
2004-02-08,06:41:09,71.89,37.16,108.5,3.9,mb,us
2004-02-08,08:56:23,74.0,39.93,74.9,3.9,mb,us
2004-02-08,09:32:57,69.45,30.1,30.0,0.0,,us
2004-02-08,19:27:48,94.37,21.12,79.8,4.2,mb,us
2004-02-08,21:01:18,71.72,37.07,122.3,3.7,mb,us
2004-02-09,04:30:16,100.05,25.74,10.0,3.6,mb,us
2004-02-10,05:39:43,83.3,32.74,59.0,4.9,mwc,hrv
2004-02-10,17:47:32,62.64,26.33,47.2,4.6,mb,us
2004-02-11,07:44:14,91.31,33.99,77.7,4.0,mb,us
2004-02-11,21:48:13,71.15,36.31,94.5,4.2,mb,us
2004-02-13,00:41:39,57.11,13.62,10.0,5.5,mwc,hrv
2004-02-13,01:24:41,87.94,50.04,10.0,0.0,,us
2004-02-14,00:59:29,85.25,45.03,36.6,4.4,mb,us
2004-02-14,07:31:00,80.89,29.84,10.0,0.0,,us
2004-02-14,10:30:22,73.22,34.77,11.0,5.5,mwb,us
2004-02-14,11:15:14,73.24,34.7,10.0,4.4,mb,us
2004-02-14,11:56:58,73.21,34.8,11.0,5.4,mwb,us
2004-02-14,18:49:08,71.85,37.46,158.1,4.0,mb,us
2004-02-15,02:00:35,79.65,41.94,54.1,3.8,mb,us
2004-02-15,03:44:44,73.17,34.8,10.0,4.3,mb,us
2004-02-15,05:42:08,73.28,34.46,10.0,0.0,,us
2004-02-15,07:57:57,71.84,37.29,105.5,4.3,mb,us
2004-02-15,19:37:40,52.29,27.77,65.3,4.6,mb,us
2004-02-15,23:23:17,78.44,36.79,37.0,4.8,mwc,hrv
2004-02-16,03:29:25,52.13,27.67,53.2,4.3,mb,us
2004-02-16,08:59:40,73.48,34.74,10.0,0.0,,us
2004-02-16,09:18:15,70.71,38.64,45.0,3.7,mb,us
2004-02-16,19:11:51,73.13,34.67,10.0,0.0,,us
2004-02-16,23:59:38,70.08,30.6,25.0,0.0,,us
2004-02-17,02:04:47,89.56,27.08,10.0,0.0,,us
2004-02-18,00:00:19,59.26,27.15,58.9,4.1,mb,us
2004-02-18,01:23:44,87.76,27.36,20.7,4.7,mb,us
2004-02-18,07:31:08,86.22,52.06,10.0,0.0,,us
2004-02-18,07:46:30,51.26,29.85,35.0,0.0,,us
2004-02-18,08:37:56,81.01,30.37,10.0,0.0,,us
2004-02-18,12:51:20,67.64,36.88,40.2,4.3,mb,us
2004-02-18,15:55:13,72.3,36.68,115.4,0.0,,us
2004-02-18,16:30:27,96.79,37.51,40.2,4.3,mb,us
2004-02-18,17:36:03,55.96,28.0,10.0,3.8,mb,us
2004-02-18,22:50:00,70.91,36.57,223.2,3.8,mb,us
2004-02-19,09:11:43,96.77,25.47,45.3,4.8,mb,us
2004-02-19,09:31:19,96.51,24.86,47.2,4.3,mb,us
2004-02-19,10:07:51,54.72,39.96,20.3,4.6,mb,us
2004-02-20,04:27:34,82.3,47.37,10.0,4.6,mb,us
2004-02-20,18:35:42,87.42,28.19,71.2,0.0,,us
2004-02-20,22:00:29,70.78,36.51,208.5,4.7,mb,us
2004-02-20,22:46:35,80.37,34.83,35.0,0.0,,us
2004-02-22,08:03:56,73.32,34.82,10.0,4.7,mb,us
2004-02-22,14:20:28,50.84,13.19,10.0,4.8,mb,us
2004-02-22,15:10:30,50.96,13.17,10.0,0.0,,us
2004-02-22,15:38:05,81.25,29.52,45.0,0.0,,us
2004-02-22,16:42:44,70.66,36.01,122.0,4.4,mb,us
2004-02-22,17:12:30,73.28,37.29,10.0,0.0,,us
2004-02-22,20:16:01,75.38,39.02,35.8,3.8,mb,us
2004-02-22,21:08:33,70.18,36.47,216.8,4.4,mb,us
2004-02-23,01:51:59,50.94,13.32,10.0,0.0,,us
2004-02-23,02:27:52,50.77,13.15,10.0,0.0,,us
2004-02-23,03:01:09,50.97,13.23,10.0,4.5,mb,us
2004-02-23,03:13:41,51.0,13.25,10.0,0.0,,us
2004-02-23,13:34:09,78.87,33.01,46.0,3.7,mb,us
2004-02-23,15:38:42,71.9,37.54,109.7,5.1,mwc,hrv
2004-02-23,16:55:47,71.22,36.6,230.2,3.6,mb,us
2004-02-24,13:13:19,69.56,36.06,115.0,0.0,,us
2004-02-24,14:32:51,87.79,49.79,10.0,3.7,mb,us
2004-02-24,18:46:39,72.04,37.58,194.6,3.9,mb,us
2004-02-24,20:21:54,96.83,37.49,41.4,5.1,mwc,hrv
2004-02-25,04:16:32,59.13,36.35,10.0,4.4,mb,us
2004-02-25,12:23:47,87.96,50.23,10.0,4.5,mb,us
2004-02-25,15:58:52,81.16,34.08,49.3,0.0,,us
2004-02-25,16:07:58,96.84,37.44,47.8,4.2,mb,us
2004-02-26,09:35:51,79.4,40.56,50.0,4.0,mb,us
2004-02-27,05:43:19,114.76,49.29,10.0,0.0,,us
2004-02-27,12:53:15,87.66,28.13,68.1,4.8,mb,us
2004-02-27,20:32:59,70.5,36.56,218.1,4.1,mb,us
2004-02-28,03:16:08,92.02,29.9,10.0,0.0,,us
2004-02-29,09:39:51,87.74,50.15,10.0,0.0,,us
2004-02-29,11:58:22,88.05,50.25,10.0,4.0,mb,us
2004-02-29,20:03:15,72.67,38.09,134.2,0.0,,us
2004-03-01,10:15:57,103.38,28.06,30.0,0.0,,us
2004-03-01,17:41:19,80.5,30.37,58.6,4.8,mb,us
2004-03-01,17:59:05,80.96,30.74,93.9,4.0,mb,us
2004-03-01,18:19:08,71.21,36.13,102.5,4.0,mb,us
2004-03-02,07:13:41,96.72,37.65,10.0,4.5,mb,us
2004-03-02,07:17:23,96.53,37.62,10.0,0.0,,us
2004-03-02,07:51:43,51.2,28.91,10.4,5.1,mwc,hrv
2004-03-02,10:52:26,73.09,36.69,19.1,4.5,mb,us
2004-03-02,12:30:23,96.68,37.53,29.5,4.9,mwc,hrv
2004-03-02,12:37:42,96.73,37.46,56.8,4.4,mb,us
2004-03-02,15:34:26,71.02,36.47,234.1,0.0,,us
2004-03-02,16:02:35,90.98,31.44,28.8,3.9,mb,us
2004-03-04,06:16:06,77.66,39.71,63.8,4.1,mb,us
2004-03-04,08:15:23,100.94,34.14,21.4,4.5,mb,us
2004-03-05,21:09:23,70.12,38.59,45.0,0.0,,us
2004-03-05,21:53:16,95.25,35.87,31.5,0.0,,us
2004-03-06,04:45:14,68.43,36.48,10.0,0.0,,us
2004-03-06,11:54:43,91.95,33.29,38.5,5.0,mwc,hrv
2004-03-07,03:57:05,54.79,39.49,12.4,4.3,mb,us
2004-03-07,06:59:05,71.98,37.21,147.7,3.9,mb,us
2004-03-07,13:29:46,91.24,31.64,11.0,5.6,mwc,hrv
2004-03-07,22:18:04,54.94,37.01,36.0,4.3,mb,us
2004-03-08,07:05:03,69.08,36.45,38.8,0.0,,us
2004-03-08,09:27:25,114.19,56.19,20.0,4.9,mb,us
2004-03-09,02:52:15,72.56,37.67,93.4,0.0,,us
2004-03-09,09:20:55,71.7,36.97,125.4,0.0,,us
2004-03-09,12:12:58,73.25,38.88,107.1,0.0,,us
2004-03-10,02:36:37,71.42,36.81,83.6,4.2,mb,us
2004-03-10,09:47:12,71.01,36.54,170.8,4.5,mb,us
2004-03-10,15:54:27,69.75,34.68,42.7,4.2,mb,us
2004-03-10,16:19:00,70.18,35.49,213.0,0.0,,us
2004-03-10,20:11:20,71.16,36.72,178.1,4.0,mb,us
2004-03-10,21:23:58,65.78,24.95,10.0,4.3,mb,us
2004-03-11,09:39:12,100.96,52.03,37.4,4.3,mb,us
2004-03-11,14:39:40,82.63,30.47,27.9,4.0,mb,us
2004-03-11,23:15:18,88.47,49.81,10.0,4.5,mb,us
2004-03-12,22:45:19,70.77,36.4,218.0,5.8,mwb,us
2004-03-13,13:24:35,82.12,28.83,10.0,0.0,,us
2004-03-13,14:16:18,85.33,36.95,10.0,3.6,mb,us
2004-03-13,16:55:57,90.56,35.98,47.2,4.0,mb,us
2004-03-13,23:57:08,89.23,48.51,10.0,4.7,mb,us
2004-03-14,07:51:34,87.96,50.24,10.0,0.0,,us
2004-03-14,09:56:50,81.64,44.36,38.5,3.5,mb,us
2004-03-14,19:43:18,94.06,23.51,42.6,4.2,mb,us
2004-03-15,07:57:38,77.88,36.25,87.2,4.7,mb,us
2004-03-16,21:07:04,103.04,27.1,65.0,0.0,,us
2004-03-16,21:23:20,96.67,37.56,14.3,5.2,mwb,us
2004-03-16,21:44:55,71.3,37.4,160.0,0.0,,us
2004-03-17,00:27:39,56.19,14.49,10.0,4.6,mb,us
2004-03-17,01:30:57,88.18,50.16,10.0,0.0,,us
2004-03-18,13:21:21,56.97,28.41,50.0,4.5,mb,us
2004-03-19,00:43:30,70.85,36.32,190.0,0.0,,us
2004-03-19,16:25:17,57.54,28.76,41.3,0.0,,us
2004-03-20,01:13:41,57.48,28.93,10.0,3.6,mb,us
2004-03-20,16:10:09,57.35,34.76,10.0,4.7,mb,us
2004-03-20,17:33:47,55.19,27.7,45.0,4.3,mb,us
2004-03-20,19:20:35,94.79,23.59,81.7,4.8,mb,us
2004-03-20,19:39:34,96.0,20.17,40.5,4.4,mb,us
2004-03-20,22:55:04,86.5,43.87,10.0,4.1,mb,us
2004-03-21,03:38:09,71.08,35.87,53.3,3.9,mb,us
2004-03-21,06:05:17,72.88,34.91,16.4,4.5,mb,us
2004-03-21,07:33:41,87.75,52.94,52.2,0.0,,us
2004-03-21,07:42:16,73.39,39.46,129.3,0.0,,us
2004-03-21,10:34:53,73.49,38.68,108.9,5.3,mwc,hrv
2004-03-21,16:15:48,87.86,53.0,29.7,4.2,mb,us
2004-03-21,21:24:46,70.84,36.68,50.3,3.4,mb,us
2004-03-22,14:44:34,74.19,35.38,80.0,0.0,,us
2004-03-24,02:39:28,55.14,36.88,35.0,4.4,mb,us
2004-03-24,10:56:52,94.86,24.49,142.6,4.1,mb,us
2004-03-24,12:42:35,66.45,30.37,30.9,4.0,mb,us
2004-03-24,15:57:55,109.67,40.55,10.0,4.6,mb,us
2004-03-24,16:39:32,101.45,25.91,42.4,4.3,mb,us
2004-03-24,18:13:14,56.17,27.59,65.8,4.6,mb,us
2004-03-25,06:38:55,100.91,34.12,33.1,4.4,mb,us
2004-03-25,12:57:26,94.62,23.62,102.0,4.1,mb,us
2004-03-25,14:45:14,93.43,51.15,10.0,4.0,mb,us
2004-03-25,21:15:01,101.34,25.97,34.4,4.6,mb,us
2004-03-25,22:21:30,95.68,19.99,41.9,4.4,mb,us
2004-03-26,11:10:23,71.57,37.1,107.9,0.0,,us
2004-03-26,15:22:13,73.2,40.01,32.0,4.7,mb,us
2004-03-26,15:25:36,73.0,39.76,30.0,0.0,,us
2004-03-27,00:43:08,69.23,39.96,20.9,5.0,mwc,hrv
2004-03-27,01:03:42,69.31,40.05,19.8,4.6,mb,us
2004-03-27,01:31:23,55.06,36.87,10.0,4.2,mb,us
2004-03-27,04:18:25,69.26,40.1,10.0,4.4,mb,us
2004-03-27,18:28:39,95.47,25.27,113.9,4.1,mb,us
2004-03-27,18:45:26,89.24,33.96,10.0,5.4,mb,us
2004-03-27,18:47:12,89.24,34.01,10.0,5.0,mb,us
2004-03-27,18:47:29,89.18,33.95,8.0,6.0,mwb,us
2004-03-27,18:56:37,89.01,33.94,10.0,0.0,,us
2004-03-27,19:04:37,88.96,33.82,10.0,0.0,,us
2004-03-27,19:07:57,89.19,33.96,19.8,4.0,mb,us
2004-03-27,19:36:36,89.25,33.93,10.0,0.0,,us
2004-03-27,20:05:54,89.29,33.93,21.4,5.0,mwc,hrv
2004-03-27,21:23:41,89.21,33.97,10.0,3.8,mb,us
2004-03-27,21:24:31,89.23,33.93,10.0,4.3,mb,us
2004-03-27,23:51:52,89.29,34.07,10.0,0.0,,us
2004-03-28,01:01:50,89.02,33.9,10.0,3.8,mb,us
2004-03-28,01:18:23,89.1,33.95,14.7,0.0,,us
2004-03-28,05:26:08,89.14,33.95,10.0,4.6,mb,us
2004-03-28,10:03:00,89.25,34.14,8.0,4.4,mb,us
2004-03-28,11:50:59,89.19,34.08,7.3,0.0,,us
2004-03-28,13:30:22,54.1,39.8,35.0,4.5,mb,us
2004-03-28,15:42:46,89.17,34.18,10.0,3.5,mb,us
2004-03-28,22:05:42,89.28,34.13,10.0,5.2,mwc,hrv
2004-03-28,22:27:28,89.26,33.96,11.9,5.1,mwc,hrv
2004-03-28,22:42:39,69.77,35.38,66.9,4.0,mb,us
2004-03-28,22:50:48,88.97,34.02,10.0,3.8,mb,us
2004-03-29,01:07:15,89.18,33.97,12.0,4.7,mb,us
2004-03-29,02:35:16,70.52,36.25,168.1,0.0,,us
2004-03-29,04:26:41,89.02,33.98,10.0,4.1,mb,us
2004-03-29,20:10:46,89.27,33.89,10.0,0.0,,us
2004-03-29,20:30:33,88.65,43.04,21.2,4.2,mb,us
2004-03-30,04:50:30,89.09,33.94,10.0,3.7,mb,us
2004-03-30,07:51:21,89.06,33.92,22.9,4.5,mb,us
2004-03-30,13:32:03,51.94,29.57,69.8,0.0,,us
2004-03-30,15:19:22,68.23,29.84,17.5,4.7,mb,us
2004-03-30,17:02:23,89.27,34.08,10.0,4.1,mb,us
2004-03-30,20:54:05,76.44,33.17,55.6,0.0,,us
2004-03-30,21:54:10,89.3,34.43,10.0,0.0,,us
2004-03-31,02:02:03,72.4,37.84,131.4,4.5,mb,us
2004-03-31,02:43:02,83.87,44.13,26.4,4.2,mb,us
2004-03-31,10:08:06,71.58,37.2,105.1,4.8,mb,us
2004-03-31,12:20:21,89.09,34.18,10.0,3.9,mb,us
2004-03-31,14:54:21,89.22,34.3,10.0,0.0,,us
2004-03-31,19:25:17,89.59,34.37,10.0,0.0,,us
2004-03-31,21:50:11,89.48,34.28,10.0,0.0,,us
2004-03-31,22:32:31,87.82,27.43,56.2,0.0,,us
2004-03-31,23:56:49,89.55,34.38,10.0,0.0,,us
2004-04-01,02:54:17,89.32,34.1,10.0,4.6,mb,us
2004-04-01,03:09:51,89.26,34.24,10.0,4.5,mb,us
2004-04-01,13:37:57,89.19,34.2,10.0,4.3,mb,us
2004-04-01,21:34:07,88.75,44.38,10.0,4.4,mb,us
2004-04-03,02:51:11,81.12,29.85,76.5,4.6,mb,us
2004-04-03,10:10:05,51.55,13.81,10.0,5.0,mwc,hrv
2004-04-03,11:56:18,69.04,36.32,10.0,0.0,,us
2004-04-04,11:41:26,71.33,36.42,153.6,4.1,mb,us
2004-04-04,15:48:39,113.77,55.24,10.0,0.0,,us
2004-04-04,21:31:42,88.79,33.85,10.0,0.0,,us
2004-04-05,02:34:12,71.27,36.12,92.4,0.0,,us
2004-04-05,08:55:40,72.18,37.48,206.9,4.2,mb,us
2004-04-05,15:33:28,88.97,33.8,10.0,3.7,mb,us
2004-04-05,21:11:22,89.04,34.07,10.0,3.5,mb,us
2004-04-05,21:24:04,71.03,36.51,187.1,6.6,mwb,us
2004-04-06,03:28:26,71.58,37.56,124.1,4.1,mb,us
2004-04-06,06:14:51,96.64,26.45,94.5,0.0,,us
2004-04-06,09:30:00,88.53,49.77,10.0,0.0,,us
2004-04-06,10:30:32,89.2,33.94,4.1,5.1,mwc,hrv
2004-04-06,10:33:51,88.96,33.88,10.0,4.3,mb,us
2004-04-06,13:25:54,89.36,34.01,10.0,0.0,,us
2004-04-07,06:03:31,73.48,36.0,42.5,0.0,,us
2004-04-07,09:02:28,78.42,28.86,10.0,4.2,mb,us
2004-04-08,00:31:09,73.17,40.59,35.6,4.2,mb,us
2004-04-08,07:55:09,84.54,33.5,35.0,4.2,mb,us
2004-04-08,08:09:56,89.2,33.95,10.0,4.2,mb,us
2004-04-08,14:23:04,58.2,28.97,10.0,4.0,mb,us
2004-04-08,16:55:04,88.18,50.1,10.0,4.4,mb,us
2004-04-08,21:33:53,71.85,41.47,25.0,4.2,mb,us
2004-04-09,10:27:04,95.11,24.64,121.6,4.3,mb,us
2004-04-09,12:32:13,89.17,34.06,10.0,0.0,,us
2004-04-09,16:36:53,72.49,37.75,125.7,0.0,,us
2004-04-09,18:05:33,73.11,40.67,14.5,4.2,mb,us
2004-04-10,04:23:37,95.43,19.83,11.1,4.5,mb,us
2004-04-10,17:12:59,71.56,36.69,94.0,4.4,mb,us
2004-04-10,22:41:57,71.37,36.36,78.8,4.7,mb,us
2004-04-10,23:59:10,90.83,31.55,35.2,4.4,mb,us
2004-04-11,01:04:15,92.18,35.68,10.0,3.9,mb,us
2004-04-11,01:39:39,80.54,34.8,40.9,4.1,mb,us
2004-04-11,07:27:31,57.84,28.98,25.0,4.5,mb,us
2004-04-12,04:43:27,96.35,25.67,47.7,0.0,,us
2004-04-12,15:07:01,70.47,22.42,10.0,4.2,mb,us
2004-04-13,01:44:31,55.8,36.58,10.5,4.0,mb,us
2004-04-13,03:47:04,56.04,27.08,45.0,4.2,mb,us
2004-04-13,19:05:49,71.53,36.63,120.5,4.2,mb,us
2004-04-13,21:10:08,95.25,24.7,128.9,4.7,mb,us
2004-04-14,05:27:04,52.48,39.74,37.8,4.0,mb,us
2004-04-14,07:49:57,71.97,37.45,198.4,4.0,mb,us
2004-04-14,14:13:21,71.14,36.58,222.4,4.7,mb,us
2004-04-16,01:37:20,70.98,36.52,187.4,4.2,mb,us
2004-04-16,02:01:42,77.38,40.13,10.0,3.8,mb,us
2004-04-16,02:50:05,54.18,28.18,50.0,0.0,,us
2004-04-16,04:05:56,75.09,38.78,10.0,4.1,mb,us
2004-04-16,07:43:15,95.57,19.94,7.8,0.0,,us
2004-04-16,18:19:48,70.8,36.56,190.0,3.8,mb,us
2004-04-17,00:37:30,72.22,36.58,160.0,4.2,mb,us
2004-04-17,01:04:27,68.06,30.22,10.0,4.6,mb,us
2004-04-17,07:15:25,81.05,29.7,10.0,4.1,mb,us
2004-04-17,14:13:26,87.67,50.06,10.0,4.7,mb,us
2004-04-17,16:49:40,88.7,50.05,10.0,4.1,mb,us
2004-04-17,19:22:18,63.54,53.32,10.0,4.2,mb,us
2004-04-17,20:23:38,73.57,37.48,10.0,4.4,mb,us
2004-04-18,15:37:34,57.39,9.9,10.0,4.2,mb,us
2004-04-18,19:40:58,63.03,40.27,25.0,4.0,mb,us
2004-04-20,08:17:54,94.46,28.91,26.8,4.1,mb,us
2004-04-20,14:04:41,72.16,37.19,171.2,4.3,mb,us
2004-04-20,21:16:43,83.86,42.75,50.8,0.0,,us
2004-04-21,03:45:26,71.56,36.68,205.1,4.3,mb,us
2004-04-21,04:11:10,56.39,27.66,45.0,0.0,,us
2004-04-21,11:43:38,53.64,27.71,45.0,4.4,mb,us
2004-04-21,14:45:22,57.14,28.49,55.0,4.6,mb,us
2004-04-21,20:36:56,71.43,36.15,102.3,4.1,mb,us
2004-04-22,10:02:16,89.22,34.0,12.7,5.2,mwc,hrv
2004-04-23,03:07:08,70.95,36.45,190.0,4.7,mb,us
2004-04-23,19:26:13,54.12,28.43,77.9,4.6,mb,us
2004-04-23,20:33:00,82.62,44.76,84.6,0.0,,us
2004-04-24,02:09:28,66.49,30.33,10.0,4.3,mb,us
2004-04-24,10:46:15,87.45,50.3,10.0,0.0,,us
2004-04-24,13:54:59,94.02,22.98,105.0,0.0,,us
2004-04-24,14:53:34,70.19,37.42,20.9,4.6,mb,us
2004-04-24,17:10:46,70.84,36.24,190.0,3.9,mb,us
2004-04-25,02:59:27,95.87,19.86,10.0,0.0,,us
2004-04-25,04:15:19,74.87,41.41,10.0,3.9,mb,us
2004-04-25,14:28:55,71.07,36.3,78.6,3.7,mb,us
2004-04-25,19:22:57,89.36,35.46,10.0,4.7,mb,us
2004-04-26,09:30:07,70.51,36.65,257.3,0.0,,us
2004-04-27,06:14:48,98.51,31.04,40.6,4.7,mb,us
2004-04-27,06:22:51,73.67,36.93,10.0,4.3,mb,us
2004-04-27,14:27:42,70.6,38.84,10.0,4.1,mb,us
2004-04-28,00:02:44,73.69,40.71,45.0,3.8,mb,us
2004-04-28,10:38:34,70.97,36.51,188.9,4.3,mb,us
2004-04-28,16:08:50,87.73,49.94,10.0,0.0,,us
2004-04-29,12:49:13,72.95,40.23,35.7,4.0,mb,us
2004-04-30,13:48:56,53.29,27.72,77.6,4.6,mb,us
2004-04-30,14:11:22,71.34,37.43,78.6,4.9,mwc,hrv
2004-04-30,15:41:03,69.48,36.3,10.0,4.0,mb,us
2004-04-30,15:57:55,69.58,36.01,115.0,0.0,,us
2004-04-30,20:31:13,71.25,36.65,216.9,4.4,mb,us
2004-05-01,07:08:13,78.37,35.73,26.3,4.5,mb,us
2004-05-01,14:24:13,52.11,13.27,10.0,4.7,mb,us
2004-05-01,17:11:13,77.96,35.62,10.0,4.4,mb,us
2004-05-01,19:11:54,94.26,23.34,91.7,0.0,,us
2004-05-02,01:14:16,94.18,23.27,83.0,4.0,mb,us
2004-05-03,14:20:26,72.32,39.15,50.0,4.7,mb,us
2004-05-03,14:27:11,72.45,39.19,50.0,4.3,mb,us
2004-05-03,23:04:24,97.26,24.71,40.6,0.0,,us
2004-05-04,01:50:14,70.1,37.69,118.5,4.7,mb,us
2004-05-04,05:04:58,96.76,37.51,13.5,5.5,mwb,us
2004-05-04,11:36:03,96.91,37.47,10.0,5.2,mwc,hrv
2004-05-05,12:52:41,84.53,31.44,10.0,0.0,,us
2004-05-05,17:46:33,110.27,55.72,20.0,0.0,,us
2004-05-06,00:58:46,57.1,32.51,35.0,0.0,,us
2004-05-06,06:33:16,69.79,35.66,101.8,4.7,mb,us
2004-05-07,04:41:22,94.33,22.33,104.1,0.0,,us
2004-05-07,06:52:14,71.2,36.19,123.2,5.2,mwc,hrv
2004-05-07,18:18:04,98.6,20.68,20.0,0.0,,us
2004-05-07,18:29:50,72.14,39.12,50.0,0.0,,us
2004-05-07,18:46:30,72.31,39.13,50.0,4.4,mb,us
2004-05-07,23:11:36,88.34,50.12,10.0,4.1,mb,us
2004-05-07,23:31:38,51.57,29.36,35.0,4.4,mb,us
2004-05-08,03:24:13,63.35,40.3,14.7,4.4,mb,us
2004-05-08,04:39:25,51.47,29.88,66.7,5.0,mb,us
2004-05-08,07:50:05,87.58,50.2,10.0,0.0,,us
2004-05-08,08:53:12,95.07,54.8,19.3,4.8,mb,us
2004-05-08,19:08:12,88.45,49.92,10.0,4.0,mb,us
2004-05-08,20:11:44,67.12,30.13,10.0,4.5,mb,us
2004-05-08,22:05:22,71.62,36.08,160.0,3.9,mb,us
2004-05-09,01:27:48,69.83,35.35,8.5,4.4,mb,us
2004-05-09,20:39:16,96.05,32.45,37.3,0.0,,us
2004-05-10,03:09:56,71.15,36.2,48.3,4.0,mb,us
2004-05-10,05:21:05,89.32,34.25,10.0,4.0,mb,us
2004-05-10,09:21:53,94.16,23.04,60.0,0.0,,us
2004-05-10,23:27:25,96.6,37.48,10.0,5.6,mwb,us
2004-05-11,05:11:30,96.68,37.67,10.0,0.0,,us
2004-05-11,05:49:15,96.46,33.1,50.2,0.0,,us
2004-05-11,16:09:03,71.15,36.41,78.2,3.8,mb,us
2004-05-11,18:21:17,73.28,38.19,79.3,4.4,mb,us
2004-05-11,22:22:01,62.11,4.92,10.0,4.8,mb,us
2004-05-11,22:25:22,62.14,4.96,10.0,4.7,mb,us
2004-05-12,03:08:56,66.24,27.43,35.0,3.8,mb,us
2004-05-12,14:11:49,89.19,34.23,10.0,0.0,,us
2004-05-12,16:14:21,71.95,34.9,85.6,4.0,mb,us
2004-05-12,20:26:43,93.44,25.23,57.9,4.5,mb,us
2004-05-13,01:52:57,84.81,27.76,64.6,0.0,,us
2004-05-13,04:00:48,68.41,29.53,25.0,5.1,mwc,hrv
2004-05-13,08:31:53,70.94,36.18,65.8,4.4,mb,us
2004-05-13,11:53:52,106.71,45.46,10.0,4.3,mb,us
2004-05-13,15:14:34,68.55,29.64,10.0,4.6,mb,us
2004-05-14,01:55:03,102.43,25.92,57.5,0.0,,us
2004-05-14,04:16:48,94.06,24.3,82.8,0.0,,us
2004-05-14,04:18:48,71.33,36.36,117.2,4.8,mb,us
2004-05-14,12:37:58,96.64,37.55,10.0,0.0,,us
2004-05-14,22:11:15,71.88,37.02,10.0,4.6,mb,us
2004-05-15,11:22:25,82.5,31.8,10.0,0.0,,us
2004-05-15,12:01:53,85.45,45.7,10.0,0.0,,us
2004-05-16,04:57:18,94.22,23.28,102.4,4.5,mb,us
2004-05-16,18:59:23,98.99,36.86,65.1,0.0,,us
2004-05-16,20:41:58,56.54,14.07,10.0,4.1,mb,us
2004-05-16,22:06:37,71.53,36.17,118.3,5.1,mwc,hrv
2004-05-17,03:04:53,96.54,37.42,10.0,4.5,mb,us
2004-05-17,10:46:48,70.96,36.08,82.0,0.0,,us
2004-05-17,16:29:34,89.2,34.01,10.0,0.0,,us
2004-05-18,03:10:57,71.45,36.75,160.0,4.5,mb,us
2004-05-18,03:52:22,70.88,36.8,30.0,4.0,mb,us
2004-05-18,15:01:26,109.8,42.7,10.0,0.0,,us
2004-05-19,00:47:18,53.31,40.1,51.1,4.0,mb,us
2004-05-19,03:03:58,72.37,37.45,67.5,4.4,mb,us
2004-05-19,03:25:46,96.7,37.66,10.0,4.3,mb,us
2004-05-19,04:07:01,71.3,36.51,145.8,4.5,mb,us
2004-05-19,07:51:19,70.5,37.28,24.8,4.1,mb,us
2004-05-19,16:17:49,95.78,19.66,3.6,0.0,,us
2004-05-19,18:23:44,77.44,40.15,10.0,4.7,mb,us
2004-05-20,04:35:50,71.41,36.46,122.8,4.2,mb,us
2004-05-20,06:32:27,66.58,27.5,55.0,4.2,mb,us
2004-05-20,15:39:24,68.19,33.2,10.0,4.5,mb,us
2004-05-21,02:23:57,85.22,42.42,37.4,4.4,mb,us
2004-05-21,06:15:32,94.69,24.41,105.5,0.0,,us
2004-05-21,10:29:05,71.05,35.98,100.0,0.0,,us
2004-05-21,12:28:03,70.33,36.36,190.0,0.0,,us
2004-05-21,15:29:04,85.12,30.62,15.9,4.2,mb,us
2004-05-21,22:04:23,74.31,39.72,10.0,0.0,,us
2004-05-22,07:40:42,96.36,37.26,10.0,0.0,,us
2004-05-22,18:52:03,89.22,48.51,10.0,4.1,mb,us
2004-05-22,19:54:05,68.29,29.71,11.6,4.5,mb,us
2004-05-22,20:46:41,71.09,36.76,256.5,4.0,mb,us
2004-05-23,02:20:58,89.22,34.03,10.0,4.9,mwc,hrv
2004-05-23,02:22:19,89.28,34.02,10.0,4.9,mwc,hrv
2004-05-23,02:31:28,88.79,33.76,10.0,0.0,,us
2004-05-23,04:01:48,89.88,34.37,10.0,0.0,,us
2004-05-23,07:38:08,89.28,34.08,10.0,5.3,mwc,hrv
2004-05-23,14:46:23,89.32,34.08,3.9,4.9,mwc,hrv
2004-05-24,01:39:54,95.19,24.68,104.0,4.6,mb,us
2004-05-24,01:42:37,49.7,13.31,10.0,4.6,mb,us
2004-05-24,02:34:13,93.58,22.74,163.0,4.5,mb,us
2004-05-24,07:09:21,77.98,40.98,47.2,4.3,mb,us
2004-05-24,22:01:02,97.22,27.1,35.0,5.0,mwc,hrv
2004-05-25,13:07:40,97.23,27.19,41.7,4.1,mb,us
2004-05-25,13:55:21,84.12,41.8,10.0,4.4,mb,us
2004-05-25,15:07:20,72.18,37.69,173.0,3.9,mb,us
2004-05-25,16:08:12,62.73,27.99,57.1,3.8,mb,us
2004-05-25,16:21:21,86.41,34.97,10.0,0.0,,us
2004-05-26,10:25:49,75.3,39.59,81.6,4.4,mb,us
2004-05-26,13:27:15,70.49,38.87,55.8,4.7,mb,us
2004-05-26,21:17:09,70.79,38.93,77.4,4.0,mb,us
2004-05-26,22:45:26,54.66,14.4,10.0,4.2,mb,us
2004-05-26,23:56:52,111.71,54.12,10.0,4.6,mb,us
2004-05-27,00:22:17,89.52,26.3,10.0,4.5,mb,us
2004-05-27,00:36:43,111.64,54.11,10.0,4.1,mb,us
2004-05-27,03:43:22,85.63,32.1,79.4,3.7,mb,us
2004-05-27,03:52:07,54.87,14.63,10.0,5.2,mwc,hrv
2004-05-27,04:42:33,54.75,14.64,10.0,4.5,mb,us
2004-05-27,08:24:09,83.32,34.08,10.0,4.6,mb,us
2004-05-27,11:04:57,71.36,36.33,116.1,0.0,,us
2004-05-27,20:37:01,71.54,36.47,108.1,4.4,mb,us
2004-05-27,22:53:20,104.12,35.72,10.0,0.0,,us
2004-05-28,12:38:44,51.61,36.29,17.0,6.3,mwc,hrv
2004-05-28,13:07:09,51.71,36.34,10.0,0.0,,us
2004-05-28,13:15:06,51.5,36.37,10.0,4.4,mb,us
2004-05-28,13:28:42,51.78,36.25,10.0,0.0,,us
2004-05-28,13:35:55,51.52,36.36,10.0,0.0,,us
2004-05-28,19:47:03,51.41,36.44,10.0,4.5,mb,us
2004-05-28,21:43:39,79.64,30.46,45.0,0.0,,us
2004-05-28,23:00:54,72.19,37.32,224.6,0.0,,us
2004-05-29,02:33:48,58.35,29.11,10.0,4.2,mb,us
2004-05-29,04:12:35,51.64,36.38,10.0,4.4,mb,us
2004-05-29,05:19:56,56.64,31.28,40.6,4.0,mb,us
2004-05-29,09:23:48,51.37,36.4,10.0,4.7,mb,us
2004-05-29,11:01:30,51.39,36.47,10.0,4.2,mb,us
2004-05-29,12:09:39,82.61,28.5,31.8,3.9,mb,us
2004-05-29,12:22:16,82.7,28.51,25.0,4.1,mb,us
2004-05-29,15:41:02,51.34,36.51,10.0,3.8,mb,us
2004-05-29,16:06:50,82.69,28.5,10.0,0.0,,us
2004-05-29,18:38:06,51.32,36.46,10.0,4.3,mb,us
2004-05-29,18:42:44,51.44,36.45,10.0,4.0,mb,us
2004-05-29,22:55:17,51.43,36.47,10.0,4.3,mb,us
2004-05-30,01:42:39,51.51,36.4,10.0,4.3,mb,us
2004-05-30,06:37:58,89.28,34.38,10.0,4.6,mb,us
2004-05-30,07:39:27,93.96,32.83,32.0,4.0,mb,us
2004-05-30,13:09:52,51.36,36.53,10.0,4.2,mb,us
2004-05-30,19:27:00,51.56,36.45,10.0,4.4,mb,us
2004-05-30,22:15:42,71.19,36.65,74.4,3.7,mb,us
2004-05-31,06:41:08,89.22,34.04,10.0,4.5,mb,us
2004-05-31,07:29:36,89.38,34.05,10.0,4.2,mb,us
2004-05-31,13:13:24,87.56,50.37,10.0,4.7,mb,us
2004-05-31,13:36:17,86.99,50.46,10.0,0.0,,us
2004-06-01,05:58:55,70.35,38.71,10.0,3.8,mb,us
2004-06-01,11:04:07,87.44,50.44,10.0,0.0,,us
2004-06-02,00:53:00,73.42,39.68,69.6,0.0,,us
2004-06-02,02:13:58,70.32,39.12,50.1,0.0,,us
2004-06-02,17:15:12,74.91,42.31,18.2,4.8,mb,us
2004-06-02,20:21:34,100.08,39.09,12.3,4.8,mb,us
2004-06-02,21:34:07,70.49,36.53,215.3,3.9,mb,us
2004-06-03,11:50:46,89.15,34.17,10.0,4.4,mb,us
2004-06-03,13:01:22,95.12,25.21,103.0,4.8,mb,us
2004-06-03,22:33:39,84.41,41.77,10.0,4.7,mb,us
2004-06-04,02:36:08,83.24,44.54,24.4,4.5,mb,us
2004-06-04,06:30:45,73.47,39.02,108.4,4.0,mb,us
2004-06-04,15:15:40,52.21,40.04,65.0,0.0,,us
2004-06-04,15:47:53,88.33,49.92,10.0,3.6,mb,us
2004-06-04,18:32:55,72.85,39.39,37.7,4.5,mb,us
2004-06-04,20:37:17,53.52,36.15,1.6,4.0,mb,us
2004-06-05,08:32:21,72.94,39.59,10.0,4.3,mb,us
2004-06-05,08:47:31,89.7,29.86,8.7,4.3,mb,us
2004-06-05,09:46:36,54.25,14.71,10.0,4.4,mb,us
2004-06-05,11:40:24,100.06,39.04,10.0,4.8,mb,us
2004-06-05,17:55:53,69.88,36.61,247.4,0.0,,us
2004-06-05,23:35:00,100.1,39.1,17.2,0.0,,us
2004-06-06,11:41:29,89.13,34.29,10.0,0.0,,us
2004-06-06,12:30:30,57.99,12.82,10.0,4.5,mb,us
2004-06-06,19:47:24,100.05,39.06,29.2,4.7,mb,us
2004-06-06,21:39:11,94.4,43.16,23.4,4.8,mwc,hrv
2004-06-07,00:04:38,70.91,38.98,10.0,3.8,mb,us
2004-06-07,04:01:20,51.34,36.44,14.1,4.3,mb,us
2004-06-08,15:11:35,86.96,30.22,72.6,0.0,,us
2004-06-08,19:03:52,70.41,36.52,260.6,4.0,mb,us
2004-06-09,01:12:16,69.98,29.98,25.0,4.2,mb,us
2004-06-09,23:12:23,71.51,36.63,134.9,4.0,mb,us
2004-06-10,02:14:29,102.19,25.69,10.0,4.5,mb,us
2004-06-10,07:36:08,100.09,39.07,37.6,4.6,mb,us
2004-06-10,11:12:20,87.79,50.51,10.0,0.0,,us
2004-06-10,11:24:04,100.01,39.08,10.0,4.7,mb,us
2004-06-10,16:37:06,74.47,39.9,60.0,3.7,mb,us
2004-06-10,22:20:10,71.34,36.16,116.8,4.2,mb,us
2004-06-11,00:59:43,79.15,85.81,10.0,4.3,mb,us
2004-06-11,07:04:29,53.06,27.87,48.8,0.0,,us
2004-06-11,11:02:21,53.11,27.8,48.4,4.4,mb,us
2004-06-11,11:39:02,69.46,36.27,42.4,4.5,mb,us
2004-06-11,15:24:31,71.09,36.32,128.1,4.0,mb,us
2004-06-12,00:34:36,70.13,40.48,10.0,3.7,mb,us
2004-06-12,01:42:19,69.6,36.71,10.0,4.1,mb,us
2004-06-12,06:35:23,53.18,27.97,45.0,3.7,mb,us
2004-06-12,11:17:25,95.32,39.65,46.1,4.6,mb,us
2004-06-12,16:30:15,70.94,36.72,80.7,0.0,,us
2004-06-12,18:03:57,87.9,50.47,10.0,0.0,,us
2004-06-13,05:41:43,71.72,38.8,60.0,0.0,,us
2004-06-13,08:26:30,50.81,29.51,40.0,4.4,mb,us
2004-06-13,19:03:14,70.66,35.7,91.4,4.5,mb,us
2004-06-14,11:38:18,94.55,23.38,93.8,4.6,mb,us
2004-06-14,22:22:32,93.58,21.7,100.0,0.0,,us
2004-06-15,04:53:59,96.16,26.24,35.9,4.5,mb,us
2004-06-15,12:51:49,80.98,30.37,10.0,0.0,,us
2004-06-16,07:40:49,93.3,20.96,42.7,4.1,mb,us
2004-06-16,20:46:33,71.97,42.26,10.0,4.1,mb,us
2004-06-16,21:25:28,104.7,29.06,49.8,4.5,mb,us
2004-06-16,23:36:47,89.65,24.67,10.0,0.0,,us
2004-06-16,23:49:55,71.08,39.27,54.1,4.2,mb,us
2004-06-17,05:08:28,67.56,30.18,25.0,4.5,mb,us
2004-06-17,09:25:05,88.44,50.06,10.0,4.2,mb,us
2004-06-17,13:22:58,89.36,34.3,10.0,4.4,mb,us
2004-06-17,13:57:24,58.63,28.98,10.0,3.5,mb,us
2004-06-17,18:52:42,67.82,30.3,65.7,4.5,mb,us
2004-06-17,22:01:02,109.94,54.47,10.0,0.0,,us
2004-06-17,23:43:30,67.48,39.57,35.0,4.3,mb,us
2004-06-19,07:55:54,94.74,24.39,95.3,4.6,mb,us
2004-06-19,10:24:55,95.58,25.28,47.3,4.6,mb,us
2004-06-19,11:08:22,71.22,36.74,263.3,3.4,mb,us
2004-06-20,03:17:18,97.68,26.97,57.1,0.0,,us
2004-06-20,08:34:45,96.67,27.82,28.5,4.4,mb,us
2004-06-20,10:05:54,69.62,36.36,150.0,4.1,mb,us
2004-06-20,11:50:35,70.5,36.58,214.3,4.5,mb,us
2004-06-20,12:27:28,70.82,38.96,45.0,3.8,mb,us
2004-06-20,22:04:29,71.32,36.57,80.2,4.3,mb,us
2004-06-21,07:29:41,82.96,34.56,45.8,4.0,mb,us
2004-06-23,09:05:36,71.43,36.2,57.6,0.0,,us
2004-06-24,10:03:29,87.9,29.87,20.0,4.3,mb,us
2004-06-25,07:44:58,70.95,36.45,221.6,0.0,,us
2004-06-25,17:09:59,88.0,29.88,38.5,0.0,,us
2004-06-25,23:03:22,95.67,25.73,63.8,0.0,,us
2004-06-26,02:59:29,88.05,30.04,56.8,4.2,mb,us
2004-06-26,04:04:36,58.01,9.6,10.0,4.7,mb,us
2004-06-26,06:00:08,87.87,29.77,37.8,0.0,,us
2004-06-26,09:46:53,66.26,27.29,10.0,4.4,mb,us
2004-06-26,12:39:33,74.33,38.32,139.0,4.6,mb,us
2004-06-26,15:36:48,112.93,55.18,10.0,4.5,mb,us
2004-06-26,19:23:36,71.08,36.54,160.0,4.7,mb,us
2004-06-27,09:28:59,87.75,50.44,10.0,3.6,mb,us
2004-06-27,10:51:26,76.92,33.64,10.0,0.0,,us
2004-06-27,11:53:41,73.8,38.48,49.9,4.0,mb,us
2004-06-27,16:06:09,61.86,21.13,10.0,4.2,mb,us
2004-06-27,17:01:34,96.44,45.86,10.0,4.4,mb,us
2004-06-28,07:44:20,97.26,39.34,10.0,4.4,mb,us
2004-06-28,08:18:33,96.46,26.54,89.4,4.7,mb,us
2004-06-28,13:33:11,71.5,36.64,197.4,3.7,mb,us
2004-06-29,01:24:00,58.16,11.76,10.0,3.7,mb,us
2004-06-29,08:11:31,92.68,35.77,11.5,5.3,mwc,hrv
2004-06-29,14:29:06,94.96,20.01,22.7,0.0,,us
2004-06-29,15:49:22,78.54,35.65,10.0,4.3,mb,us
2004-06-29,16:57:35,96.56,45.85,27.1,4.0,mb,us
2004-06-30,13:24:55,95.13,20.23,0.6,4.3,mb,us
2004-06-30,15:33:04,87.87,29.85,25.1,4.3,mb,us
2004-07-01,08:24:19,89.03,35.65,10.0,0.0,,us
2004-07-01,16:16:13,73.84,38.19,75.0,4.0,mb,us
2004-07-01,17:16:17,93.95,24.37,103.4,0.0,,us
2004-07-01,19:14:40,87.92,29.88,35.0,4.2,mb,us
2004-07-02,20:31:43,71.02,35.73,69.9,0.0,,us
2004-07-03,04:06:59,94.84,32.53,10.0,0.0,,us
2004-07-03,14:10:45,89.35,34.09,10.0,5.3,mwc,hrv
2004-07-03,14:36:07,89.5,34.13,10.0,4.7,mb,us
2004-07-03,18:16:29,89.32,34.03,10.0,4.3,mb,us
2004-07-03,22:22:22,56.5,28.38,90.8,4.2,mb,us
2004-07-04,06:01:25,89.32,34.15,29.9,4.6,mb,us
2004-07-04,07:34:19,70.94,36.16,121.8,4.4,mb,us
2004-07-04,13:23:50,89.23,33.99,52.2,0.0,,us
2004-07-04,20:00:57,69.51,37.06,10.0,3.9,mb,us
2004-07-05,21:46:01,89.21,34.31,10.0,4.5,mb,us
2004-07-06,04:22:36,100.86,29.33,4.9,4.3,mb,us
2004-07-06,14:37:14,113.45,56.35,10.0,4.6,mb,us
2004-07-07,00:19:29,73.85,38.17,120.3,4.5,mb,us
2004-07-07,14:22:00,98.99,29.33,10.0,0.0,,us
2004-07-07,18:46:05,53.4,27.35,65.8,4.5,mb,us
2004-07-08,18:15:54,70.37,35.58,35.0,0.0,,us
2004-07-08,18:36:32,88.09,41.78,10.0,4.1,mb,us
2004-07-08,18:50:12,69.74,36.26,10.0,4.2,mb,us
2004-07-08,21:50:01,88.0,29.84,32.6,4.2,mb,us
2004-07-08,22:14:57,55.59,14.68,10.0,4.6,mb,us
2004-07-09,07:38:14,83.32,33.2,10.0,4.0,mb,us
2004-07-09,08:24:56,93.24,85.25,10.0,4.6,mb,us
2004-07-09,13:44:10,95.46,85.16,10.0,0.0,,us
2004-07-10,08:44:18,95.72,20.26,10.0,0.0,,us
2004-07-10,14:49:15,70.58,36.4,190.0,4.3,mb,us
2004-07-11,00:37:14,113.37,40.35,10.0,3.9,mb,us
2004-07-11,01:17:54,54.11,39.88,3.3,3.6,mb,us
2004-07-11,17:30:23,70.77,35.87,52.1,4.0,mb,us
2004-07-11,19:43:35,94.41,24.94,71.7,3.9,mb,us
2004-07-11,23:08:44,83.67,30.69,13.0,6.2,mwb,us
2004-07-11,23:24:04,83.67,30.82,10.0,4.5,mb,us
2004-07-11,23:28:15,83.58,30.76,10.0,0.0,,us
2004-07-11,23:57:53,83.64,30.71,10.0,4.9,mb,us
2004-07-12,00:44:37,83.73,30.61,10.0,0.0,,us
2004-07-12,04:43:55,54.32,36.96,28.2,4.0,mb,us
2004-07-12,14:38:21,83.77,30.75,10.0,4.6,mb,us
2004-07-12,17:58:52,83.57,30.56,10.0,4.0,mb,us
2004-07-13,01:50:57,83.45,30.69,10.0,0.0,,us
2004-07-13,05:50:05,57.09,29.23,25.0,4.2,mb,us
2004-07-13,12:50:07,77.0,33.69,40.0,3.9,mb,us
2004-07-13,19:31:34,92.78,26.21,71.5,4.2,mb,us
2004-07-13,21:29:55,71.44,36.57,54.2,3.8,mb,us
2004-07-14,00:18:09,71.77,36.89,124.3,4.1,mb,us
2004-07-14,04:42:04,57.53,30.52,52.8,3.7,mb,us
2004-07-14,14:25:48,69.64,35.1,10.0,4.1,mb,us
2004-07-14,14:36:03,61.85,34.89,10.0,4.6,mb,us
2004-07-14,20:14:47,94.37,24.0,133.8,0.0,,us
2004-07-14,20:40:05,61.52,34.87,10.0,4.0,mb,us
2004-07-15,07:25:10,75.89,35.33,51.7,3.9,mb,us
2004-07-15,08:18:26,70.58,35.88,47.5,5.4,mwc,hrv
2004-07-15,22:45:47,96.6,25.41,48.2,4.3,mb,us
2004-07-16,12:13:23,70.51,37.48,60.0,4.1,mb,us
2004-07-16,13:14:24,108.96,40.3,115.3,4.2,mb,us
2004-07-16,19:22:59,69.55,36.08,110.0,4.0,mb,us
2004-07-16,20:33:54,83.94,28.23,16.6,4.0,mb,us
2004-07-17,04:23:04,71.03,36.51,209.3,4.3,mb,us
2004-07-17,15:09:51,97.53,38.94,10.0,3.6,mb,us
2004-07-17,18:21:58,71.57,23.9,10.0,3.8,mb,us
2004-07-18,04:23:41,90.01,35.9,10.0,0.0,,us
2004-07-18,08:31:46,69.52,33.43,10.0,5.2,mwc,hrv
2004-07-18,21:46:52,95.84,23.89,22.4,3.9,mb,us
2004-07-19,13:39:58,67.71,29.56,23.0,4.8,mb,us
2004-07-20,02:55:48,58.2,12.09,10.0,4.4,mb,us
2004-07-20,03:35:51,85.79,27.94,13.1,4.1,mb,us
2004-07-20,07:03:30,71.91,36.9,181.0,3.5,mb,us
2004-07-20,07:43:54,69.35,36.4,45.0,4.6,mb,us
2004-07-20,22:19:12,98.52,50.18,10.0,3.8,mb,us
2004-07-21,03:33:41,77.71,40.34,33.6,4.2,mb,us
2004-07-21,07:24:13,61.57,34.77,10.0,4.5,mb,us
2004-07-21,09:09:13,98.17,51.08,10.0,4.2,mb,us
2004-07-21,10:37:02,53.09,40.56,63.9,3.6,mb,us
2004-07-21,12:39:31,97.97,51.17,10.0,4.0,mb,us
2004-07-21,13:27:20,98.14,51.14,10.0,4.7,mb,us
2004-07-21,14:42:33,98.2,51.2,10.0,4.0,mb,us
2004-07-21,15:44:08,88.22,29.92,63.3,0.0,,us
2004-07-21,19:27:07,98.15,51.05,10.0,4.7,mb,us
2004-07-21,20:14:28,81.79,48.15,10.0,4.4,mb,us
2004-07-21,23:55:58,67.82,29.28,10.0,4.0,mb,us
2004-07-22,03:31:06,77.17,32.19,10.0,3.9,mb,us
2004-07-22,03:56:34,65.32,28.64,10.0,5.1,mwc,hrv
2004-07-22,04:51:36,58.31,29.12,10.0,4.8,mwc,hrv
2004-07-22,16:56:37,81.07,35.04,31.7,4.3,mb,us
2004-07-22,21:12:25,105.54,38.38,10.0,4.0,mb,us
2004-07-23,01:25:33,88.12,30.18,11.2,4.8,mb,us
2004-07-23,08:11:49,70.69,35.72,95.0,4.3,mb,us
2004-07-23,15:19:45,71.33,36.87,123.4,3.9,mb,us
2004-07-24,05:36:47,97.9,51.01,16.4,4.3,mb,us
2004-07-24,06:29:29,95.36,25.22,57.8,4.1,mb,us
2004-07-24,08:41:08,98.27,51.12,10.0,3.9,mb,us
2004-07-24,22:40:04,71.69,39.18,22.8,4.4,mb,us
2004-07-25,09:00:08,70.92,36.2,10.0,0.0,,us
2004-07-25,17:24:16,71.32,36.31,84.3,4.0,mb,us
2004-07-26,01:19:56,72.88,38.86,20.0,4.3,mb,us
2004-07-26,20:29:27,98.04,50.99,10.0,4.5,mb,us
2004-07-26,23:14:21,97.43,51.46,10.0,3.4,mb,us
2004-07-27,00:10:22,77.23,29.25,75.7,4.1,mb,us
2004-07-28,12:32:50,72.64,36.78,51.7,4.5,mb,us
2004-07-28,22:22:13,83.63,30.71,10.0,5.0,mwc,hrv
2004-07-30,01:34:52,71.11,36.17,234.9,0.0,,us
2004-07-30,07:09:07,71.24,36.96,128.0,4.0,mb,us
2004-07-30,10:52:53,71.04,36.24,183.2,3.5,mb,us
2004-07-30,23:19:45,70.51,35.73,25.0,3.6,mb,us
2004-07-31,10:29:24,71.33,36.55,40.0,3.5,mb,us
2004-07-31,13:30:08,71.49,37.01,107.4,4.5,mb,us
2004-07-31,18:17:05,102.06,37.07,40.4,4.2,mb,us
2004-08-01,21:59:06,71.19,36.19,124.1,3.7,mb,us
2004-08-03,08:59:13,95.52,19.96,100.7,4.2,mb,us
2004-08-04,02:09:21,90.26,25.92,61.7,4.2,mb,us
2004-08-04,17:26:38,96.42,27.41,37.0,0.0,,us
2004-08-05,16:25:21,57.22,28.86,10.0,4.1,mb,us
2004-08-05,21:40:03,105.83,37.77,59.0,4.1,mb,us
2004-08-06,04:22:08,106.28,38.06,35.8,4.5,mb,us
2004-08-06,10:13:11,109.28,54.95,10.0,4.3,mb,us
2004-08-06,16:10:44,108.96,54.88,10.0,4.3,mb,us
2004-08-06,22:17:11,54.08,39.71,36.5,0.0,,us
2004-08-07,04:27:27,71.84,37.32,154.1,4.1,mb,us
2004-08-07,10:27:00,94.36,22.69,94.5,4.2,mb,us
2004-08-08,01:01:00,72.8,31.25,10.0,4.0,mb,us
2004-08-08,12:45:49,95.7,19.95,37.7,4.8,mb,us
2004-08-08,13:22:17,95.73,20.0,10.0,4.4,mb,us
2004-08-08,16:04:50,63.68,40.65,25.0,4.3,mb,us
2004-08-09,08:18:18,91.8,27.58,16.1,4.1,mb,us
2004-08-10,00:04:46,70.84,37.3,200.0,3.8,mb,us
2004-08-10,01:47:33,70.8,36.44,207.0,6.0,mwb,us
2004-08-10,02:31:04,57.07,28.48,24.9,5.0,mb,us
2004-08-10,05:31:59,72.84,33.96,35.0,4.2,mb,us
2004-08-10,08:41:28,79.0,40.96,49.3,4.2,mb,us
2004-08-10,10:26:15,103.87,27.27,6.3,5.4,mwc,hrv
2004-08-10,10:31:04,103.94,27.18,10.0,4.7,mb,us
2004-08-10,11:49:20,103.62,27.26,10.0,4.4,mb,us
2004-08-10,12:48:13,103.57,27.31,10.0,4.6,mb,us
2004-08-10,13:27:34,103.64,27.34,10.0,4.4,mb,us
2004-08-10,20:03:16,83.32,30.29,10.0,4.0,mb,us
2004-08-10,21:10:11,95.1,21.06,100.5,4.1,mb,us
2004-08-11,14:24:49,87.73,50.29,10.0,4.2,mb,us
2004-08-11,15:56:38,75.28,35.51,10.0,3.9,mb,us
2004-08-11,18:56:41,103.61,27.05,10.0,3.7,mb,us
2004-08-11,20:40:41,94.46,23.92,97.5,4.0,mb,us
2004-08-11,20:54:03,101.51,27.4,50.6,3.6,mb,us
2004-08-12,16:52:18,88.04,49.82,17.0,4.5,mb,us
2004-08-12,18:58:34,93.92,23.27,71.0,4.0,mb,us
2004-08-13,10:48:39,69.77,30.92,11.6,5.4,mwc,hrv
2004-08-13,15:17:25,95.62,23.62,27.6,4.2,mb,us
2004-08-14,00:37:48,71.62,36.38,112.1,4.0,mb,us
2004-08-14,03:21:43,78.5,41.0,35.8,4.0,mb,us
2004-08-15,08:05:36,49.61,13.33,10.0,4.7,mb,us
2004-08-15,08:20:58,54.46,14.49,10.0,0.0,,us
2004-08-16,01:23:29,51.93,30.3,10.0,4.3,mb,us
2004-08-16,06:31:02,58.42,29.13,50.0,3.9,mb,us
2004-08-16,14:07:15,71.17,36.0,61.0,3.7,mb,us
2004-08-17,12:10:15,71.3,36.18,69.4,3.9,mb,us
2004-08-18,06:18:29,93.12,29.84,36.9,3.5,mb,us
2004-08-18,07:54:39,103.9,31.18,10.0,4.6,mb,us
2004-08-18,19:14:07,70.7,36.28,150.9,4.0,mb,us
2004-08-19,05:39:45,82.62,45.62,32.4,4.2,mb,us
2004-08-19,10:51:12,53.88,14.2,10.0,4.1,mb,us
2004-08-19,11:48:14,54.54,14.45,10.0,4.4,mb,us
2004-08-19,13:51:37,54.62,14.72,10.0,5.0,mwc,hrv
2004-08-19,20:49:59,104.55,44.38,10.0,4.4,mb,us
2004-08-20,11:25:03,70.99,36.47,123.3,4.4,mb,us
2004-08-20,17:39:30,81.84,44.58,71.7,4.7,mb,us
2004-08-20,18:01:34,54.59,14.73,10.0,4.6,mb,us
2004-08-21,03:32:42,57.62,37.76,10.0,4.7,mb,us
2004-08-21,04:50:01,70.99,36.34,170.7,4.0,mb,us
2004-08-21,09:07:11,88.09,29.94,26.2,4.2,mb,us
2004-08-21,09:08:52,88.03,29.89,48.3,4.0,mb,us
2004-08-21,23:53:57,91.39,51.81,48.7,3.9,mb,us
2004-08-22,08:29:52,91.18,50.28,10.0,0.0,,us
2004-08-22,09:28:09,104.3,24.23,11.3,4.3,mb,us
2004-08-22,12:04:18,98.61,39.95,10.0,3.5,mb,us
2004-08-22,14:57:17,72.27,37.29,171.4,4.0,mb,us
2004-08-22,15:09:17,72.24,38.5,51.1,3.7,mb,us
2004-08-22,18:13:43,71.21,36.64,230.9,4.2,mb,us
2004-08-22,18:22:28,93.35,21.17,50.0,0.0,,us
2004-08-22,20:16:31,71.12,36.32,40.0,0.0,,us
2004-08-23,00:53:49,85.6,53.07,16.1,4.3,mb,us
2004-08-23,02:41:46,104.28,24.22,10.0,4.0,mb,us
2004-08-23,13:07:52,94.65,23.42,89.5,4.2,mb,us
2004-08-23,21:51:46,88.29,49.81,10.0,4.0,mb,us
2004-08-24,00:16:54,94.24,23.38,79.9,4.6,mb,us
2004-08-24,10:05:34,92.19,32.54,10.0,5.5,mwc,hrv
2004-08-25,02:22:51,83.36,30.37,33.2,4.5,mb,us
2004-08-25,09:51:28,70.89,35.91,61.1,3.4,mb,us
2004-08-25,12:57:23,92.38,32.52,55.1,3.9,mb,us
2004-08-25,13:54:51,81.14,45.2,22.2,4.7,mb,us
2004-08-25,14:41:22,72.21,37.4,132.4,3.4,mb,us
2004-08-25,17:54:06,71.16,36.58,109.5,3.6,mb,us
2004-08-25,18:45:34,96.56,37.53,10.0,4.6,mb,us
2004-08-25,18:50:48,86.07,30.21,47.7,4.4,mb,us
2004-08-26,13:54:30,104.97,33.8,20.7,4.6,mwc,hrv
2004-08-26,20:23:29,72.54,42.09,42.1,3.7,mb,us
2004-08-27,04:34:06,87.71,50.4,10.0,4.0,mb,us
2004-08-27,06:17:36,87.75,36.6,10.0,3.7,mb,us
2004-08-27,09:18:26,71.0,36.37,197.5,3.8,mb,us
2004-08-27,17:46:47,51.57,28.45,39.5,3.7,mb,us
2004-08-28,04:32:11,57.4,31.14,10.0,4.2,mb,us
2004-08-28,10:06:54,96.43,27.15,74.7,0.0,,us
2004-08-28,10:28:40,75.89,37.52,90.5,4.0,mb,us
2004-08-28,14:09:38,71.17,32.36,45.0,3.8,mb,us
2004-08-29,08:52:55,70.15,37.58,10.0,3.4,mb,us
2004-08-30,05:53:46,57.91,12.61,10.0,3.8,mb,us
2004-08-30,10:23:51,51.42,28.32,45.0,0.0,,us
2004-08-30,16:45:59,99.64,24.59,6.8,0.0,,us
2004-08-31,04:34:16,53.57,28.68,63.7,4.5,mb,us
2004-08-31,04:45:22,53.39,28.55,79.2,4.3,mb,us
2004-08-31,06:17:54,84.49,42.5,33.1,4.3,mb,us
2004-08-31,16:54:10,70.51,23.46,10.0,3.8,mb,us
2004-08-31,17:20:34,66.6,37.83,10.0,4.3,mb,us
2004-08-31,18:19:11,103.58,27.28,39.1,4.2,mb,us
2004-08-31,19:04:55,104.04,31.39,39.7,3.8,mb,us
2004-08-31,22:26:42,53.66,28.54,52.5,4.4,mb,us
2004-09-01,03:46:10,69.77,33.4,44.2,3.9,mb,us
2004-09-01,16:31:23,54.1,28.14,70.0,4.6,mb,us
2004-09-01,16:38:22,72.64,37.5,84.3,3.4,mb,us
2004-09-01,18:40:12,74.6,35.38,25.0,3.6,mb,us
2004-09-02,19:48:01,81.06,44.46,27.2,4.3,mb,us
2004-09-02,22:07:37,75.07,44.01,10.0,4.9,mb,us
2004-09-03,02:47:06,88.26,49.96,10.0,4.3,mb,us
2004-09-03,11:26:55,96.26,26.74,80.0,0.0,,us
2004-09-03,14:09:01,54.57,26.94,54.6,4.4,mb,us
2004-09-04,02:52:38,71.53,36.44,124.8,4.1,mb,us
2004-09-04,07:52:13,70.07,37.03,11.1,3.9,mb,us
2004-09-05,01:30:43,69.33,34.74,15.0,3.5,mb,us
2004-09-05,07:38:47,71.95,36.84,108.4,4.5,mb,us
2004-09-05,20:44:16,73.2,38.34,102.1,4.6,mb,us
2004-09-05,21:01:44,70.22,36.47,214.9,4.3,mb,us
2004-09-05,21:10:16,71.37,36.64,251.9,3.9,mb,us
2004-09-06,08:46:36,81.29,31.28,28.8,4.1,mb,us
2004-09-06,23:13:27,71.02,36.44,135.9,4.4,mb,us
2004-09-07,04:01:05,78.25,35.72,7.6,4.2,mb,us
2004-09-07,12:15:50,103.78,34.68,10.0,5.2,mb,us
2004-09-08,17:17:50,73.87,39.28,45.0,0.0,,us
2004-09-09,01:27:39,63.05,26.54,39.2,4.7,mb,us
2004-09-09,05:55:46,80.28,29.47,5.5,4.4,mb,us
2004-09-09,07:24:19,71.8,39.08,3.6,4.4,mb,us
2004-09-09,11:20:47,81.22,31.2,67.6,4.2,mb,us
2004-09-09,17:14:10,71.42,36.54,76.3,3.8,mb,us
2004-09-09,19:43:53,70.98,38.98,45.0,3.9,mb,us
2004-09-09,20:03:59,69.66,37.48,10.0,4.7,mb,us
2004-09-09,23:20:52,81.32,44.7,27.6,4.2,mb,us
2004-09-10,15:30:26,66.9,26.7,30.0,4.0,mb,us
2004-09-10,18:00:47,93.35,23.89,59.4,4.3,mb,us
2004-09-11,15:30:58,70.99,36.24,102.2,4.0,mb,us
2004-09-12,03:15:19,100.09,45.03,46.8,3.9,mb,us
2004-09-12,05:44:28,88.01,50.21,10.0,4.3,mb,us
2004-09-12,08:48:05,81.58,29.5,11.9,4.5,mb,us
2004-09-13,01:08:23,94.66,20.11,80.0,3.9,mb,us
2004-09-16,00:48:59,71.52,37.14,130.8,4.0,mb,us
2004-09-16,18:02:16,70.58,38.73,5.5,4.3,mb,us
2004-09-17,00:16:43,93.15,23.78,47.4,4.3,mb,us
2004-09-17,03:38:41,80.3,34.75,10.0,0.0,,us
2004-09-17,04:22:15,75.12,37.95,90.0,4.0,mb,us
2004-09-17,23:32:25,52.75,28.6,35.0,3.8,mb,us
2004-09-18,12:37:36,93.31,23.87,40.8,4.6,mb,us
2004-09-19,21:43:02,60.14,36.1,10.0,3.4,mb,us
2004-09-20,00:59:54,93.62,21.53,91.7,4.5,mb,us
2004-09-20,06:34:06,83.98,32.67,18.4,4.3,mb,us
2004-09-20,15:44:13,71.38,36.69,248.1,3.9,mb,us
2004-09-22,18:34:53,71.16,36.51,198.9,4.0,mb,us
2004-09-22,19:23:15,71.03,36.85,4.4,4.2,mb,us
2004-09-22,23:59:34,96.13,26.43,70.5,3.8,mb,us
2004-09-23,15:06:34,77.53,40.73,42.1,4.3,mb,us
2004-09-23,17:28:39,96.31,31.12,31.6,4.7,mb,us
2004-09-24,01:42:52,52.65,35.06,47.8,3.9,mb,us
2004-09-24,04:19:32,96.34,27.46,70.8,4.4,mb,us
2004-09-24,12:34:02,96.8,27.66,68.8,0.0,,us
2004-09-24,14:33:32,93.59,23.76,90.3,3.6,mb,us
2004-09-24,14:48:41,104.54,31.89,60.7,4.2,mb,us
2004-09-24,21:41:40,71.1,36.19,160.0,4.0,mb,us
2004-09-25,05:31:50,77.71,36.16,79.1,0.0,,us
2004-09-25,12:24:29,70.45,30.88,25.0,3.8,mb,us
2004-09-25,19:53:32,89.1,33.97,30.6,4.0,mb,us
2004-09-26,02:37:15,71.04,36.4,197.4,4.1,mb,us
2004-09-26,17:38:00,71.03,36.27,134.1,4.3,mb,us
2004-09-26,19:37:51,71.05,36.57,172.1,3.9,mb,us
2004-09-27,02:23:03,92.15,26.13,37.4,4.2,mb,us
2004-09-27,15:32:48,72.09,37.25,116.9,4.0,mb,us
2004-09-27,17:05:38,95.52,29.77,13.9,5.0,mwc,hrv
2004-09-27,19:07:05,54.32,28.23,49.2,3.8,mb,us
2004-09-27,19:27:41,98.98,24.81,12.4,4.5,mb,us
2004-09-28,00:39:44,79.67,29.97,82.6,3.7,mb,us
2004-09-28,02:41:24,74.84,39.64,48.5,4.5,mb,us
2004-09-28,08:54:08,74.81,39.6,48.8,4.4,mb,us
2004-09-28,16:14:39,73.82,38.17,66.0,4.2,mb,us
2004-09-28,16:53:21,52.05,27.9,50.0,4.2,mb,us
2004-09-28,17:00:20,73.75,38.16,75.0,3.8,mb,us
2004-09-28,17:41:49,103.65,48.14,42.7,4.2,mb,us
2004-09-28,19:18:46,57.47,12.75,10.0,3.9,mb,us
2004-09-29,04:55:38,83.41,44.03,22.6,4.5,mb,us
2004-09-29,12:03:02,86.94,33.12,10.0,3.6,mb,us
2004-09-30,16:42:15,68.77,35.27,35.0,3.8,mb,us
2004-10-01,20:24:29,95.14,24.99,99.6,4.1,mb,us
2004-10-02,19:59:36,104.54,48.76,18.0,3.8,mb,us
2004-10-03,09:56:12,102.11,25.56,28.2,4.5,mb,us
2004-10-03,11:20:36,92.24,32.49,38.8,4.1,mb,us
2004-10-03,15:59:51,71.28,36.15,69.0,3.4,mb,us
2004-10-04,05:30:22,100.96,33.26,10.0,4.6,mb,us
2004-10-05,03:35:07,72.37,38.3,31.8,4.4,mb,us
2004-10-05,07:32:31,84.92,31.68,10.0,4.2,mb,us
2004-10-05,18:35:18,96.36,45.83,26.7,3.5,mb,us
2004-10-05,18:45:54,69.5,37.37,43.6,4.6,mb,us
2004-10-05,19:51:36,96.52,46.01,35.0,4.0,mb,us
2004-10-05,20:31:54,74.25,39.84,35.0,4.5,mb,us
2004-10-05,22:27:10,81.75,41.72,4.3,4.4,mb,us
2004-10-05,23:35:40,91.38,38.03,23.6,4.2,mb,us
2004-10-06,04:53:15,86.14,43.08,70.0,4.4,mb,us
2004-10-06,05:24:30,70.76,36.45,206.4,5.3,mwb,us
2004-10-06,11:14:34,57.93,28.84,72.1,5.2,mwc,hrv
2004-10-06,15:59:10,105.87,39.95,10.0,3.9,mb,us
2004-10-07,07:17:11,57.84,28.8,104.0,4.5,mb,us
2004-10-07,12:55:01,57.31,28.33,56.5,5.0,mwc,hrv
2004-10-07,15:29:41,96.39,31.22,25.8,3.9,mb,us
2004-10-07,16:14:17,77.46,40.26,42.9,4.8,mwc,hrv
2004-10-07,19:09:05,92.32,52.38,10.0,4.6,mb,us
2004-10-07,21:46:20,54.48,37.12,34.6,5.6,mwb,us
2004-10-07,23:02:55,54.48,37.16,35.0,4.2,ml,thr
2004-10-07,23:21:09,54.49,37.15,35.0,4.6,mb,us
2004-10-08,01:49:23,54.67,36.98,35.0,4.0,mb,us
2004-10-08,02:10:10,72.18,37.53,183.7,3.7,mb,us
2004-10-08,06:28:28,95.78,25.31,56.5,4.7,mb,us
2004-10-08,10:24:18,70.32,36.16,157.1,3.8,mb,us
2004-10-08,13:45:53,54.51,37.06,31.0,4.8,mb,us
2004-10-08,21:48:05,94.3,24.3,69.3,4.9,mwc,hrv
2004-10-09,01:51:14,71.43,36.23,99.1,4.0,mb,us
2004-10-09,06:08:26,57.14,28.3,63.7,4.5,mb,us
2004-10-09,14:48:35,50.93,31.59,8.2,4.3,mb,us
2004-10-10,10:28:10,57.54,26.9,10.0,4.6,mb,us
2004-10-10,16:27:50,57.27,28.22,21.4,4.7,mb,us
2004-10-10,23:21:22,87.97,50.04,27.4,0.0,,us
2004-10-11,00:46:52,71.42,40.18,23.0,4.5,mb,us
2004-10-11,04:53:59,69.82,33.54,61.2,3.8,mb,us
2004-10-11,07:11:03,70.96,36.46,202.5,4.2,mb,us
2004-10-11,13:38:45,95.49,25.52,109.6,0.0,,us
2004-10-11,14:56:59,75.04,37.7,34.7,0.0,,us
2004-10-11,22:41:40,96.46,45.9,24.1,4.9,mwc,hrv
2004-10-12,00:40:29,96.39,45.92,19.8,4.3,mb,us
2004-10-12,00:55:01,51.97,41.12,10.0,3.7,mb,us
2004-10-12,02:17:20,96.2,24.87,48.3,4.2,mb,us
2004-10-12,07:18:25,97.27,29.53,49.7,4.5,mb,us
2004-10-12,07:18:36,75.65,39.73,49.0,4.7,mb,us
2004-10-12,21:56:45,75.56,39.75,45.0,3.8,mb,us
2004-10-14,01:21:18,56.76,30.77,4.1,4.2,mb,us
2004-10-14,02:28:47,57.02,31.7,35.9,4.5,mb,us
2004-10-15,06:40:41,69.67,36.39,48.1,4.5,mb,us
2004-10-15,13:46:00,74.67,41.03,27.2,4.4,mb,us
2004-10-15,21:26:19,96.45,46.06,10.0,3.5,mb,us
2004-10-16,00:37:59,96.42,45.77,10.0,3.5,mb,us
2004-10-16,02:23:15,96.43,45.98,10.0,3.9,mb,us
2004-10-16,18:13:39,71.05,36.79,65.1,5.0,mwc,hrv
2004-10-17,05:16:22,70.47,36.34,181.7,4.2,mb,us
2004-10-17,12:40:50,102.95,24.8,43.4,4.3,mb,us
2004-10-17,15:35:46,77.67,35.2,15.0,4.3,mb,us
2004-10-17,23:25:43,76.8,37.46,35.0,4.2,mb,us
2004-10-18,09:11:53,90.24,35.84,63.1,4.0,mb,us
2004-10-18,09:53:33,51.07,13.14,10.0,4.4,mb,us
2004-10-18,21:06:01,71.05,36.46,179.1,4.2,mb,us
2004-10-18,22:11:45,99.17,25.07,30.2,4.8,mb,us
2004-10-19,10:40:29,99.57,24.97,25.0,4.6,mb,us
2004-10-19,18:42:25,72.12,37.2,172.2,3.9,mb,us
2004-10-19,20:10:56,73.09,40.06,45.0,4.2,mb,us
2004-10-19,20:18:46,71.42,37.26,126.2,3.6,mb,us
2004-10-20,06:11:01,96.99,26.51,69.4,4.0,mb,us
2004-10-20,11:57:55,70.5,38.53,38.3,4.7,mb,us
2004-10-20,12:10:29,70.66,38.54,38.6,4.3,mb,us
2004-10-22,13:01:03,71.46,37.28,94.5,4.2,mb,us
2004-10-23,07:29:25,71.64,36.76,101.6,4.3,mb,us
2004-10-25,00:58:19,96.58,31.41,95.3,4.0,mb,us
2004-10-26,02:11:33,81.15,31.02,10.1,5.6,mwc,hrv
2004-10-26,02:30:42,81.23,31.03,10.0,4.8,mb,us
2004-10-26,11:13:03,92.89,31.75,10.0,4.8,mb,us
2004-10-26,14:39:55,89.49,43.42,10.0,4.8,mb,us
2004-10-27,00:28:49,81.22,30.9,10.0,4.4,mb,us
2004-10-27,00:50:12,49.46,-0.23,10.0,4.2,mb,us
2004-10-27,09:23:39,80.16,45.09,18.4,5.3,mwb,us
2004-10-27,12:15:42,75.75,37.4,52.2,4.4,mb,us
2004-10-27,17:04:31,96.85,31.09,10.0,4.5,mb,us
2004-10-27,18:14:52,80.1,45.08,26.7,4.2,mb,us
2004-10-27,19:43:15,93.17,22.35,10.0,3.9,mb,us
2004-10-27,23:50:09,95.18,24.92,135.5,3.8,mb,us
2004-10-28,03:01:56,80.8,35.99,35.0,4.0,mb,us
2004-10-28,18:40:56,76.61,53.73,0.0,3.0,m,nnc
2004-10-29,02:49:42,94.64,22.18,119.4,4.2,mb,us
2004-10-30,11:12:54,83.5,30.58,10.0,4.2,mb,us
2004-10-31,00:08:07,83.26,42.77,30.2,4.4,mb,us
2004-10-31,00:18:41,74.51,35.41,10.0,4.7,mwc,hrv
2004-10-31,03:49:31,74.56,35.48,10.0,4.1,mb,us
2004-10-31,03:59:52,74.25,35.37,10.0,4.7,mb,us
2004-10-31,06:02:59,74.41,35.37,18.8,5.0,mwc,hrv
2004-10-31,06:10:38,74.52,35.27,10.0,5.1,mwc,hrv
2004-10-31,06:55:40,74.11,35.21,10.0,3.7,mb,us
2004-10-31,07:07:13,74.29,35.22,10.0,3.6,mb,us
2004-10-31,08:05:39,75.02,35.44,10.0,3.7,mb,us
2004-10-31,12:26:20,94.19,24.32,81.8,4.2,mb,us
2004-10-31,21:25:15,74.53,35.39,10.0,4.8,mb,us
2004-10-31,22:42:41,94.79,23.91,129.2,3.8,mb,us
2004-11-01,20:20:18,55.78,37.38,38.9,4.3,mb,us
2004-11-02,00:48:52,93.15,23.51,51.5,4.2,mb,us
2004-11-02,08:23:24,92.58,26.44,48.3,4.2,mb,us
2004-11-03,11:34:23,76.75,36.52,98.9,3.5,mb,us
2004-11-03,20:02:53,68.09,39.76,10.0,4.2,mb,us
2004-11-03,23:34:15,70.91,36.57,86.9,0.0,,us
2004-11-04,10:02:13,94.48,23.39,110.0,4.4,mb,us
2004-11-04,12:44:51,72.24,37.39,175.0,4.2,mb,us
2004-11-05,06:10:12,74.42,35.43,49.6,4.0,mb,us
2004-11-05,21:15:41,93.71,24.09,56.2,4.7,mb,us
2004-11-05,22:15:16,86.56,30.76,10.0,3.7,mb,us
2004-11-06,13:10:18,73.27,37.02,10.0,0.0,,us
2004-11-06,18:08:59,53.82,28.35,35.0,4.3,mb,us
2004-11-06,20:46:51,66.52,26.11,7.9,4.7,mb,us
2004-11-06,20:58:06,69.99,36.12,122.3,4.4,mb,us
2004-11-06,21:17:06,78.95,41.22,28.1,0.0,,us
2004-11-06,23:06:21,63.06,40.56,25.0,4.1,mb,us
2004-11-06,23:19:49,51.38,28.7,63.3,4.5,mb,us
2004-11-06,23:42:30,51.5,28.67,32.7,4.0,mb,us
2004-11-10,04:21:11,87.78,27.93,45.0,4.2,mb,us
2004-11-10,09:33:16,73.72,42.19,10.0,0.0,,us
2004-11-10,10:44:07,72.09,37.23,203.5,4.3,mb,us
2004-11-11,02:13:45,76.51,32.44,34.6,4.9,mb,us
2004-11-11,02:46:49,76.41,32.22,20.0,4.1,mb,us
2004-11-11,20:36:44,56.96,28.47,59.8,4.6,mb,us
2004-11-12,00:30:35,56.81,28.6,96.1,4.3,mb,us
2004-11-12,01:59:11,92.08,27.27,45.0,4.0,mb,us
2004-11-12,16:55:28,72.52,37.69,87.3,3.9,mb,us
2004-11-13,01:28:37,71.64,36.42,118.7,4.3,mb,us
2004-11-13,04:35:38,55.28,27.85,10.0,4.1,mb,us
2004-11-13,07:29:28,70.92,36.3,190.3,3.6,mb,us
2004-11-14,08:15:01,109.81,54.52,11.0,4.0,mb,us
2004-11-14,09:10:30,72.12,36.62,108.5,4.8,mb,us
2004-11-15,11:40:31,70.85,36.54,227.4,4.5,mb,us
2004-11-15,22:36:00,71.95,37.29,155.8,3.8,mb,us
2004-11-15,23:59:55,73.7,38.32,119.5,3.8,mb,us
2004-11-16,03:25:25,81.81,44.24,37.8,3.7,mb,us
2004-11-16,21:29:41,71.77,38.08,142.6,3.5,mb,us
2004-11-17,05:57:50,53.77,14.36,10.0,4.2,mb,us
2004-11-17,07:34:33,71.8,39.24,54.3,5.1,mwc,hrv
2004-11-17,10:39:01,84.41,28.16,10.0,3.7,mb,us
2004-11-17,13:03:34,71.22,36.6,212.1,4.5,mb,us
2004-11-17,14:18:34,71.05,36.35,141.0,4.3,mb,us
2004-11-17,19:33:55,99.51,38.63,20.0,3.7,mb,us
2004-11-17,20:58:22,71.86,39.19,20.0,5.8,mwc,hrv
2004-11-17,21:03:06,71.61,39.15,10.0,0.0,,us
2004-11-17,21:39:37,71.76,39.15,10.0,4.6,mb,us
2004-11-17,21:56:31,71.85,39.09,10.0,4.5,mb,us
2004-11-17,22:14:36,71.82,39.09,10.0,4.5,mb,us
2004-11-17,22:16:48,71.81,39.07,10.0,4.3,mb,us
2004-11-17,22:56:44,71.83,39.42,43.1,4.7,mb,us
2004-11-18,02:09:55,71.22,39.56,10.0,4.9,mb,us
2004-11-18,02:30:37,71.77,39.2,10.0,5.0,mwc,hrv
2004-11-18,05:12:25,83.6,42.28,2.4,4.4,mb,us
2004-11-18,21:18:59,71.91,39.12,54.7,4.8,mwc,hrv
2004-11-18,21:38:14,83.18,44.02,33.8,4.9,mb,us
2004-11-19,00:49:12,70.72,38.82,41.4,0.0,,us
2004-11-19,10:39:22,50.72,13.26,10.0,4.7,mb,us
2004-11-19,20:05:10,92.66,32.15,10.0,4.9,mwc,hrv
2004-11-19,22:33:14,83.9,44.03,16.3,4.6,mb,us
2004-11-19,23:18:07,71.68,39.24,27.7,4.6,mb,us
2004-11-20,09:03:26,71.85,39.41,50.0,3.8,mb,us
2004-11-20,10:42:12,71.88,39.13,44.2,4.6,mb,us
2004-11-20,16:50:02,54.07,28.34,70.7,4.6,mb,us
2004-11-20,23:09:27,108.2,30.18,10.0,4.6,mb,us
2004-11-21,02:16:48,71.92,37.31,136.8,3.6,mb,us
2004-11-21,05:08:05,79.27,40.76,36.9,4.4,mb,us
2004-11-21,09:43:47,71.07,36.16,109.9,4.3,mb,us
2004-11-21,11:03:46,96.4,45.9,13.5,4.8,mb,us
2004-11-21,20:45:28,71.83,39.16,51.9,5.0,mwc,hrv
2004-11-21,20:48:43,96.48,45.91,35.0,4.6,mb,us
2004-11-22,23:15:21,88.54,49.97,10.0,4.3,mb,us
2004-11-23,00:24:00,71.9,39.91,67.9,3.7,mb,us
2004-11-23,09:38:20,98.97,39.98,63.4,3.9,mb,us
2004-11-23,09:47:07,71.58,39.04,35.0,0.0,,us
2004-11-23,11:16:01,94.35,21.08,83.1,4.0,mb,us
2004-11-24,15:49:57,57.48,28.11,64.5,3.7,mb,us
2004-11-24,19:41:34,75.07,38.39,135.8,3.8,mb,us
2004-11-24,22:35:43,90.94,27.33,10.0,4.0,mb,us
2004-11-25,01:11:13,92.25,20.88,10.0,4.3,mb,us
2004-11-26,01:40:23,57.17,37.21,25.0,3.6,mb,us
2004-11-26,16:20:44,70.97,36.61,193.9,3.9,mb,us
2004-11-26,21:13:21,92.79,32.24,10.0,4.1,mb,us
2004-11-26,23:53:57,77.2,30.68,42.1,3.7,mb,us
2004-11-27,02:51:35,71.42,37.29,110.0,3.8,mb,us
2004-11-27,05:25:52,98.18,25.15,37.4,4.7,mb,us
2004-11-27,10:24:21,90.64,50.48,10.0,0.0,,us
2004-11-27,21:19:12,71.63,36.66,128.6,4.0,mb,us
2004-11-28,11:03:36,72.22,37.28,181.5,4.0,mb,us
2004-11-28,19:44:18,103.22,27.15,47.6,4.0,mb,us
2004-11-28,21:17:57,74.9,33.24,37.9,3.9,mb,us
2004-11-29,00:44:57,75.08,41.75,10.0,4.5,mb,us
2004-11-29,07:48:32,71.79,36.96,119.8,4.4,mb,us
2004-11-29,10:25:40,103.18,29.46,15.7,3.9,mb,us
2004-11-29,20:51:08,93.23,35.66,10.0,4.2,mb,us
2004-11-30,13:35:06,58.38,28.39,50.0,3.9,mb,us
2004-11-30,13:41:39,71.56,36.6,172.1,3.7,mb,us
2004-11-30,22:30:59,53.07,28.01,55.8,4.0,mb,us
2004-12-01,01:13:15,54.0,39.29,35.0,4.5,mb,us
2004-12-01,11:45:45,92.73,32.14,37.0,4.4,mb,us
2004-12-01,19:35:36,70.81,36.42,217.5,4.4,mb,us
2004-12-01,20:45:46,98.31,29.91,10.0,4.0,mb,us
2004-12-01,21:15:30,59.82,7.42,10.0,4.5,mb,us
2004-12-02,12:54:22,77.39,39.92,49.0,4.6,mb,us
2004-12-02,23:23:34,74.88,37.92,91.2,3.5,mb,us
2004-12-02,23:45:55,83.37,30.61,40.7,4.2,mb,us
2004-12-04,03:39:39,70.86,36.62,244.1,4.3,mb,us
2004-12-05,02:36:20,70.86,35.98,106.7,3.7,mb,us
2004-12-05,07:49:41,106.84,39.11,40.3,3.9,mb,us
2004-12-05,13:04:38,81.24,30.48,10.0,4.2,mb,us
2004-12-05,17:44:07,70.38,38.93,40.0,0.0,,us
2004-12-05,23:35:39,86.24,34.37,30.8,4.0,mb,us
2004-12-06,06:52:26,93.17,32.52,48.4,4.6,mb,us
2004-12-06,09:05:49,92.7,32.14,4.4,4.3,mb,us
2004-12-06,12:50:27,74.01,38.38,134.2,4.2,mb,us
2004-12-06,17:10:58,88.28,50.0,10.0,4.0,mb,us
2004-12-06,19:19:24,52.03,40.71,44.9,3.7,mb,us
2004-12-06,21:47:11,97.26,39.73,10.0,3.9,mb,us
2004-12-07,01:57:51,92.43,24.41,72.2,4.3,mb,us
2004-12-08,02:40:18,76.91,39.55,55.8,3.7,mb,us
2004-12-08,10:04:13,57.5,27.92,77.6,5.0,mwc,hrv
2004-12-08,10:30:58,67.47,36.72,10.0,3.4,mb,us
2004-12-08,21:55:08,90.63,32.48,14.6,3.6,mb,us
2004-12-09,04:28:34,92.24,32.92,56.6,4.4,mb,us
2004-12-09,08:49:00,92.54,24.76,34.7,5.4,mwb,us
2004-12-09,17:44:32,54.53,28.32,35.0,4.0,mb,us
2004-12-10,03:30:57,53.75,27.63,8.4,3.8,mb,us
2004-12-10,03:44:00,93.18,35.68,10.0,5.0,mwc,hrv
2004-12-11,03:35:55,57.57,27.77,20.6,4.6,mb,us
2004-12-12,08:59:37,100.4,51.83,2.4,4.1,mb,us
2004-12-12,11:20:08,57.91,35.83,5.2,4.3,mb,us
2004-12-13,00:39:56,70.97,35.44,10.0,3.5,mb,us
2004-12-13,08:50:35,49.64,13.17,10.0,4.5,mb,us
2004-12-13,18:17:27,77.13,40.3,45.2,3.9,mb,us
2004-12-15,14:31:36,101.7,32.32,22.8,4.1,mb,us
2004-12-15,20:26:15,85.02,42.1,23.4,4.6,mb,us
2004-12-15,23:02:35,72.09,39.11,10.0,4.1,mb,us
2004-12-15,23:38:19,72.03,39.15,10.0,3.8,mb,us
2004-12-16,15:30:31,71.46,36.42,89.0,4.8,mb,us
2004-12-16,17:03:24,71.19,36.21,176.1,3.8,mb,us
2004-12-16,17:43:26,60.12,5.8,10.0,4.5,mb,us
2004-12-16,17:49:33,60.63,6.17,10.0,4.5,mb,us
2004-12-16,20:59:25,60.81,6.2,10.0,4.3,mb,us
2004-12-17,03:17:15,71.06,36.42,180.7,3.8,mb,us
2004-12-17,20:08:07,58.31,36.32,11.9,3.6,mb,us
2004-12-18,04:55:39,70.86,36.22,155.6,3.7,mb,us
2004-12-19,21:08:05,76.86,36.59,91.0,3.8,mb,us
2004-12-19,21:53:00,77.8,40.36,37.3,3.7,mb,us
2004-12-20,06:12:45,70.96,36.33,164.6,3.8,mb,us
2004-12-20,08:17:59,94.78,24.58,79.1,0.0,,us
2004-12-20,14:55:00,70.33,38.99,60.0,0.0,,us
2004-12-21,20:11:57,70.68,36.11,109.6,4.7,mb,us
2004-12-23,11:01:10,57.19,28.14,35.0,4.5,mb,us
2004-12-23,22:03:26,90.42,85.28,10.0,4.8,mb,us
2004-12-26,01:29:53,97.71,20.91,38.5,5.8,mb,us
2004-12-26,07:30:17,101.69,24.85,66.2,4.7,mb,us
2004-12-27,16:13:05,77.74,40.66,48.6,0.0,,us
2004-12-27,21:55:55,74.03,38.98,159.6,4.0,mb,us
2004-12-30,01:09:37,95.87,19.82,16.3,4.6,mb,us
2004-12-30,01:13:49,95.96,19.92,51.6,5.0,mb,us
2004-12-30,23:54:43,97.76,20.95,20.1,5.1,mb,us
2004-12-31,18:07:42,53.39,28.06,40.0,4.6,mb,us
2005-01-01,10:14:33,53.14,27.63,10.0,4.0,mb,us
2005-01-01,10:23:50,72.67,34.79,10.0,4.0,mb,us
2005-01-04,01:34:42,60.86,27.08,55.0,4.1,mb,us
2005-01-04,22:05:25,101.7,32.36,35.0,4.8,mb,us
2005-01-06,14:19:48,96.6,25.43,44.2,4.7,mb,us
2005-01-07,03:53:25,94.8,23.58,129.0,4.4,mb,us
2005-01-07,15:50:13,98.86,25.12,36.5,4.7,mb,us
2005-01-07,18:00:52,101.2,27.63,42.5,4.3,mb,us
2005-01-08,20:22:20,91.3,34.52,52.0,4.2,mb,us
2005-01-09,08:36:37,70.99,36.2,119.0,4.1,mb,us
2005-01-09,17:42:18,97.47,20.77,10.0,3.6,mb,us
2005-01-09,23:36:52,72.68,40.88,13.8,4.0,mb,us
2005-01-10,18:47:30,54.57,37.1,31.9,5.4,mwc,hrv
2005-01-11,01:24:25,110.5,36.21,10.0,4.1,mb,us
2005-01-11,21:39:51,71.05,36.51,133.4,4.1,mb,us
2005-01-12,09:54:59,92.33,32.51,44.6,3.7,mb,us
2005-01-12,20:44:53,98.03,20.9,20.0,3.8,mb,us
2005-01-12,23:25:18,71.44,36.65,49.8,3.3,mb,us
2005-01-14,18:17:38,94.58,21.98,110.2,4.3,mb,us
2005-01-15,19:35:07,52.59,28.64,35.0,3.8,mb,us
2005-01-15,22:32:48,80.96,29.44,10.0,4.6,mb,us
2005-01-16,08:43:47,80.7,29.65,10.0,4.8,mb,us
2005-01-16,09:27:00,72.7,42.04,35.0,4.5,mb,us
2005-01-16,13:53:15,92.16,32.67,58.9,4.1,mb,us
2005-01-17,00:49:32,80.0,34.27,38.6,4.4,mb,us
2005-01-17,02:53:43,72.01,37.22,178.5,3.9,mb,us
2005-01-18,03:02:55,94.7,22.97,104.7,4.9,mwc,hrv
2005-01-18,11:57:56,91.88,53.23,10.0,4.0,mb,us
2005-01-18,15:30:20,67.96,35.53,10.0,5.3,mwc,hrv
2005-01-18,18:12:56,72.19,38.07,179.5,3.8,mb,us
2005-01-18,23:27:28,67.95,35.59,10.0,4.1,mb,us
2005-01-19,06:28:20,79.17,41.92,38.8,5.1,mb,us
2005-01-21,13:25:53,92.66,27.42,52.2,3.5,mb,us
2005-01-21,13:50:22,92.72,27.44,55.9,3.7,mb,us
2005-01-21,20:23:55,71.01,36.36,166.6,3.7,mb,us
2005-01-22,13:38:01,72.33,33.58,10.0,3.5,mb,us
2005-01-23,07:27:40,69.24,36.36,10.0,3.7,mb,us
2005-01-24,09:57:34,50.92,31.42,54.7,3.9,mb,us
2005-01-24,10:54:44,70.71,36.19,176.7,3.8,mb,us
2005-01-24,16:17:18,77.66,39.65,10.0,3.7,mb,us
2005-01-24,19:20:52,96.68,33.01,42.5,3.7,mb,us
2005-01-25,08:55:56,71.64,36.84,104.6,4.0,mb,us
2005-01-25,14:34:23,76.8,38.1,38.7,3.5,mb,us
2005-01-25,16:30:39,100.71,22.53,12.0,4.8,mb,us
2005-01-26,16:43:12,89.2,34.33,10.0,3.7,mb,us
2005-01-26,21:03:50,69.73,37.63,48.8,3.8,mb,us
2005-01-27,04:01:21,70.73,36.72,198.2,4.0,mb,us
2005-01-29,01:59:17,70.59,30.62,25.0,4.1,mb,us
2005-01-29,08:31:59,82.42,43.84,17.4,3.8,mb,us
2005-01-31,06:43:30,88.25,49.91,27.2,4.7,mb,us
2005-02-03,20:13:30,95.56,26.12,75.5,4.9,mwc,hrv
2005-02-05,10:47:50,73.37,34.68,21.6,4.8,mb,us
2005-02-07,23:55:50,95.6,31.29,10.0,4.3,mb,us
2005-02-08,01:36:49,94.33,22.97,97.3,4.4,mb,us
2005-02-08,01:51:36,86.03,27.82,14.4,4.2,mb,us
2005-02-08,02:42:13,75.58,39.27,24.4,4.9,mb,us
2005-02-08,03:35:05,86.09,27.74,10.0,4.9,mb,us
2005-02-08,04:13:56,86.07,27.76,14.6,4.1,mb,us
2005-02-08,07:20:59,95.8,19.82,16.0,4.8,mwc,hrv
2005-02-09,11:24:02,74.19,39.67,19.1,3.5,mb,us
2005-02-09,15:55:55,73.58,34.73,17.6,4.3,mb,us
2005-02-09,21:21:06,71.02,36.53,194.2,4.0,mb,us
2005-02-10,03:07:23,56.69,35.51,15.5,4.2,mb,us
2005-02-10,10:12:22,51.75,29.3,39.0,4.3,mb,us
2005-02-10,20:08:47,73.15,40.64,35.0,3.9,mb,us
2005-02-10,20:59:49,108.43,30.39,23.8,4.1,mb,us
2005-02-10,22:40:12,71.25,36.14,59.0,3.7,mb,us
2005-02-12,21:26:41,54.1,27.57,10.0,3.6,mblg,teh
2005-02-13,05:26:54,57.84,11.96,10.0,5.1,mwc,hrv
2005-02-13,17:16:17,70.69,38.67,45.0,4.1,mb,us
2005-02-14,02:05:10,51.73,30.03,6.3,4.3,mb,us
2005-02-14,03:43:15,70.64,34.44,7.8,4.6,mb,us
2005-02-14,09:38:34,70.1,36.5,233.4,4.2,mb,us
2005-02-14,23:38:09,79.44,41.73,22.0,6.1,mwc,hrv
2005-02-15,00:29:20,70.68,34.68,40.3,3.7,mb,us
2005-02-15,03:23:03,62.16,4.71,10.0,4.4,mb,us
2005-02-15,07:34:48,75.55,39.65,17.1,0.0,,us
2005-02-15,07:39:27,52.53,14.58,10.0,3.8,mb,us
2005-02-15,11:15:12,92.52,24.55,35.2,5.0,mwc,hrv
2005-02-15,11:16:16,79.4,41.75,29.0,5.3,mb,us
2005-02-15,11:33:58,79.36,41.62,29.8,4.7,mb,us
2005-02-15,12:41:46,89.46,47.66,7.9,4.6,mwc,hrv
2005-02-15,13:05:50,94.54,24.43,69.7,5.2,mwc,hrv
2005-02-15,16:25:11,101.25,27.71,53.4,4.3,mb,us
2005-02-15,17:40:31,110.36,39.36,10.0,3.6,mb,us
2005-02-15,21:48:38,74.99,31.85,50.4,4.2,mb,us
2005-02-16,07:07:03,70.73,36.65,158.5,4.1,mb,us
2005-02-16,20:04:04,70.33,35.81,10.0,0.0,,us
2005-02-16,22:32:14,72.11,34.48,10.0,3.5,mb,us
2005-02-17,08:36:11,79.33,41.58,30.0,3.7,mb,us
2005-02-17,13:32:35,79.33,41.58,10.0,4.5,mb,us
2005-02-17,19:47:39,58.0,12.82,10.0,4.5,mb,us
2005-02-18,21:20:50,71.57,36.69,109.6,3.6,mb,us
2005-02-19,02:46:10,103.93,27.25,2.8,4.3,mb,us
2005-02-20,00:46:13,52.89,36.57,30.3,4.6,mblg,teh
2005-02-20,11:01:59,78.24,30.66,25.0,3.5,mb,us
2005-02-20,14:02:58,71.28,36.13,56.8,4.0,mb,us
2005-02-21,14:46:59,113.21,40.09,10.0,0.0,,us
2005-02-21,18:26:15,96.44,25.2,53.4,3.8,mb,us
2005-02-21,22:41:28,93.52,21.19,54.4,4.3,mb,us
2005-02-21,23:07:06,95.02,25.47,76.3,4.2,mb,us
2005-02-22,02:25:23,56.82,30.75,14.0,6.4,mwc,hrv
